2023-03-13 21:34:11
5
1
payment
[(2, 0.3059381841813105), (4, 0.2775652539618331), (6, 0.23306157114433557), (0, 0.05447583177955841), (1, 0.05415611235508431), (3, 0.042829908727001355), (5, 0.0319731378508768)]
2
payment
[(2, 0.30711689070426706), (4, 0.2627491003444721), (6, 0.23391125371074015), (5, 0.06543503955684792), (0, 0.0600550584572427), (1, 0.03926980597736229), (3, 0.03146285124906772)]
3
payment
[(2, 0.3217807233236145), (4, 0.2609843533503484), (6, 0.2297487617523305), (5, 0.06191909907728072), (0, 0.05745014380794039), (3, 0.03630719852874655), (1, 0.03180972015973887)]
4
payment
[(6, 0.4737918511264914), (4, 0.21352843524621293), (2, 0.10055770336164259), (5, 0.07938711526744358), (0, 0.06942437434658498), (3, 0.03347700965096366), (1, 0.029833511000660864)]
5
payment
[(2, 0.31743601672196375), (4, 0.2738944805580727), (6, 0.23207845216418144), (3, 0.06237897206965071), (1, 0.042716006675420304), (0, 0.03924297757517905), (5, 0.03225309423553208)]
6
payment
[(2, 0.30772974499847594), (4, 0.2735334383531759), (6, 0.21010633709910376), (5, 0.08211959636867194), (0, 0.059570228344646446), (3, 0.0359575216283561), (1, 0.03098313320756991)]
7
payment
[(0, 0.2413871003050399), (4, 0.2269288627288544), (6, 0.2120020057638882), (1, 0.20115479838997963), (2, 0.05190344982185654), (3, 0.03752719359218698), (5, 0.029096589398194213)]
8
payment
[(2, 0.3118665638089812), (4, 0.2539289933998674), (6, 0.24041469818408556), (0, 0.06907432589788524), (3, 0.05109196785400375), (5, 0.04206475350985376), (1, 0.03155869734532313)]
9
payment
[(2, 0.2945069353674317), (4, 0.2849464404445561), (6, 0.20475173829217147), (5, 0.0903288494530774), (0, 0.059327829611271254), (3, 0.03542544608766632), (1, 0.030712760743825725)]
10
payment
[(2, 0.30943806998723605), (4, 0.27274554236391785), (6, 0.2106177139140331), (5, 0.08137233257223721), (0, 0.0597825236308529), (3, 0.03500608734970493), (1, 0.031037730182017834)]
-----one service finish-----
2023-03-13 21:47:30
