2023-03-13 22:57:32
5
1
payment
[(2, 0.3159761117565772), (4, 0.2635925417566295), (6, 0.235415569564494), (5, 0.062191242519072536), (0, 0.05900621172403567), (1, 0.03190916133959562), (3, 0.03190916133959562)]
2
payment
[(6, 0.48780587753687993), (4, 0.2145851811374049), (2, 0.08699632859603017), (5, 0.08313161739913498), (0, 0.06682311346008384), (1, 0.03032894093523304), (3, 0.03032894093523304)]
3
payment
[(4, 0.300816256746384), (0, 0.2890947422006947), (6, 0.2083068720459378), (2, 0.08822572279590367), (3, 0.04159596465681632), (1, 0.0407144107473728), (5, 0.03124603080689068)]
4
payment
[(2, 0.31625496160565075), (4, 0.2675109782064421), (6, 0.23117296998618983), (5, 0.06337905749432798), (0, 0.0578673702008524), (1, 0.03190733125326849), (3, 0.03190733125326849)]
5
payment
[(6, 0.47630854184830945), (4, 0.22062488164529417), (2, 0.08976501858003999), (5, 0.07285266217205633), (0, 0.06541932136205202), (1, 0.04511074671338485), (3, 0.029918827678863228)]
6
payment
[(2, 0.28411029229886026), (4, 0.2769991859266399), (6, 0.22709697011716767), (5, 0.08142034511066969), (0, 0.06864712836966744), (1, 0.030863039088497503), (3, 0.030863039088497503)]
7
payment
[(2, 0.3191961981800393), (4, 0.24172898961283742), (6, 0.2396436112328345), (0, 0.07198885221976453), (3, 0.05397495384309102), (5, 0.04212997997909804), (1, 0.03133741493233512)]
8
payment
[(2, 0.30295694998678796), (4, 0.2768881070039594), (6, 0.2099054579149405), (5, 0.08430401951907258), (0, 0.05834717808180804), (3, 0.036676659324665274), (1, 0.03092162816876612)]
9
payment
[(0, 0.18148104255096667), (1, 0.15893571989301614), (2, 0.15893571989301614), (4, 0.15893571989301614), (5, 0.15893571989301614), (6, 0.15893571989301614), (3, 0.023840357983952426)]
10
payment
[(0, 0.18148104255096667), (1, 0.15893571989301614), (2, 0.15893571989301614), (4, 0.15893571989301614), (5, 0.15893571989301614), (6, 0.15893571989301614), (3, 0.023840357983952426)]
-----one service finish-----
2023-03-13 23:05:43
