2023-03-13 21:51:03
5
1
payment
[(2, 0.30650971574955665), (4, 0.26704757099104437), (6, 0.23361025939439725), (5, 0.06335821885712088), (0, 0.05901244278939523), (1, 0.03886524714345612), (3, 0.03159654507502959)]
2
payment
[(2, 0.31160679477047254), (4, 0.26070864000223226), (6, 0.23407117769228533), (5, 0.0631673374137428), (0, 0.059195017939853316), (1, 0.03968538263110483), (3, 0.03156564955030892)]
3
payment
[(2, 0.30380226777793135), (4, 0.27565677338703964), (6, 0.23900471798663112), (0, 0.05461411791502892), (1, 0.05232317582989846), (3, 0.042548627575626524), (5, 0.03205031952784397)]
4
payment
[(2, 0.3049412695329618), (4, 0.27611784042007986), (6, 0.2338431575565651), (0, 0.055703466422923426), (1, 0.05300685647482902), (3, 0.04448154194522761), (5, 0.03190586764741323)]
5
payment
[(2, 0.3072323444653913), (4, 0.2665223720576822), (6, 0.23414373416352666), (5, 0.06246699005578134), (0, 0.058848238698857816), (1, 0.03916074987328545), (3, 0.03162557068547515)]
6
payment
[(2, 0.32333444509945364), (4, 0.26062922274650485), (6, 0.23559502021869144), (5, 0.0605230435511907), (0, 0.05572828631868256), (1, 0.032094991032738426), (3, 0.032094991032738426)]
7
payment
[(2, 0.33318947918890574), (4, 0.2664316760485963), (6, 0.2359858300949516), (5, 0.058043744629757414), (0, 0.04082035947359266), (1, 0.032764455282098114), (3, 0.032764455282098114)]
8
payment
[(0, 0.23589804537362924), (4, 0.2258472484937339), (6, 0.21124976406431392), (1, 0.21080855772806018), (2, 0.04859792134658785), (3, 0.038423376222370985), (5, 0.029175086771304124)]
9
payment
[(2, 0.3232952487179395), (4, 0.2622258298989784), (6, 0.2351665152504223), (5, 0.06124675215817003), (0, 0.05378328720698033), (1, 0.03214118338375474), (3, 0.03214118338375474)]
10
payment
[(2, 0.30400762646248575), (4, 0.2755957808405537), (6, 0.2379996974491543), (0, 0.054677348409762225), (1, 0.0528237150344961), (3, 0.04288054070048608), (5, 0.03201529110306185)]
-----one service finish-----
2023-03-13 22:12:41
