2023-03-13 23:11:19
5
1
payment
[(4, 0.25517790806899027), (6, 0.23641283417711123), (2, 0.21764776028523217), (3, 0.20052517066804582), (0, 0.03007877560020688), (1, 0.03007877560020688), (5, 0.03007877560020688)]
2
payment
3
payment
[(2, 0.2005127168351786), (6, 0.19256545487340532), (4, 0.18658435736167905), (5, 0.1853900568986257), (3, 0.17719007521273664), (0, 0.03117882753646417), (1, 0.026578511281910498)]
4
payment
[(4, 0.24885336311043618), (2, 0.22807678834995934), (5, 0.20075812867314652), (6, 0.1912004943951956), (0, 0.07375107715270365), (1, 0.028680074159279343), (3, 0.028680074159279343)]
5
payment
[(4, 0.2862660236403484), (2, 0.2616698586735418), (6, 0.19925464139412433), (5, 0.11968223904718946), (0, 0.06940893589784657), (3, 0.03432948714487158), (1, 0.02938881420207798)]
6
payment
[(4, 0.24577595050575246), (2, 0.2418116834405638), (6, 0.20729120806152754), (3, 0.19613816721432317), (5, 0.050141540613536144), (0, 0.029420725082148484), (1, 0.029420725082148484)]
7
payment
[(2, 0.28986107558052515), (6, 0.26316010425449465), (4, 0.255487356590571), (0, 0.08118737820331576), (5, 0.04261087208016138), (3, 0.03604353317387968), (1, 0.03164968011705249)]
8
payment
[(6, 0.3119969315702505), (4, 0.281656369990164), (2, 0.2347175138919803), (0, 0.0742517074799547), (1, 0.032459159022550144), (3, 0.032459159022550144), (5, 0.032459159022550144)]
9
payment
[(6, 0.3077750440823248), (4, 0.26341166889957146), (2, 0.2499824144585176), (0, 0.07318895215324278), (5, 0.0413200268031372), (1, 0.03216094680160312), (3, 0.03216094680160312)]
10
payment
[(4, 0.2596903586098011), (2, 0.22699023617256409), (6, 0.2159649893225733), (3, 0.1984794509951444), (5, 0.03933112960137379), (0, 0.02977191764927167), (1, 0.02977191764927167)]
-----one service finish-----
2023-03-13 23:17:26
