2023-03-14 08:51:29
0
1
front-end
1 (14, 0.09397570181133427)
2 (31, 0.05193497957306371)
3 (20, 0.050260475621786475)
4 (21, 0.04030873785465155)
5 (17, 0.03968918926129553)
6 (22, 0.03896681816334921)
7 (6, 0.03707388591990233)
8 (8, 0.03707388591990233)
9 (9, 0.03707388591990233)
10 (11, 0.03707388591990233)
11 (12, 0.03707388591990233)
12 (13, 0.03707388591990233)
13 (15, 0.03707388591990233)
14 (18, 0.03707388591990233)
15 (19, 0.03707388591990233)
16 (23, 0.03707388591990233)
17 (24, 0.03707388591990233)
18 (26, 0.03707388591990233)
19 (27, 0.03707388591990233)
20 (28, 0.03707388591990233)
21 (30, 0.03707388591990233)
22 (25, 0.03704432335668794)
23 (0, 0.022736009575742237)
24 (10, 0.009888378029638802)
25 (32, 0.008728746788548342)
26 (5, 0.008503529292404641)
27 (29, 0.00848832454505014)
28 (1, 0.0055610828879853495)
29 (2, 0.0055610828879853495)
30 (3, 0.0055610828879853495)
31 (4, 0.0055610828879853495)
32 (7, 0.0055610828879853495)
33 (16, 0.0055610828879853495)
2
front-end
1 (17, 0.10609265243531735)
2 (21, 0.05644200208430872)
3 (14, 0.051441436927996784)
4 (31, 0.04556696361967426)
5 (20, 0.04201022990396583)
6 (22, 0.0392511970646929)
7 (3, 0.03758818552065736)
8 (4, 0.03758818552065736)
9 (6, 0.03758818552065736)
10 (8, 0.03758818552065736)
11 (9, 0.03758818552065736)
12 (11, 0.03758818552065736)
13 (13, 0.03758818552065736)
14 (15, 0.03758818552065736)
15 (18, 0.03758818552065736)
16 (19, 0.03758818552065736)
17 (26, 0.03758818552065736)
18 (27, 0.03758818552065736)
19 (28, 0.03758818552065736)
20 (30, 0.03758818552065736)
21 (25, 0.030737202300276927)
22 (23, 0.01786001193070581)
23 (0, 0.011584174955911323)
24 (2, 0.011584174955911323)
25 (24, 0.011584174955911323)
26 (29, 0.008796425521342669)
27 (10, 0.006985389086189966)
28 (1, 0.0056382278280986044)
29 (5, 0.0056382278280986044)
30 (7, 0.0056382278280986044)
31 (12, 0.0056382278280986044)
32 (16, 0.0056382278280986044)
33 (32, 0.0056382278280986044)
3
front-end
1 (30, 0.07352355861149158)
2 (6, 0.07170187049409325)
3 (9, 0.07138703672743187)
4 (8, 0.07065350631785988)
5 (26, 0.06937190749457706)
6 (18, 0.06838687286075874)
7 (13, 0.06751894453836961)
8 (19, 0.06318978172970567)
9 (12, 0.0607017115200834)
10 (24, 0.05620750123553473)
11 (11, 0.053486007217523515)
12 (15, 0.050446559748514114)
13 (23, 0.04022620373147121)
14 (21, 0.034361248529766845)
15 (32, 0.01653367821074073)
16 (4, 0.014314060489599847)
17 (28, 0.013010517179054357)
18 (31, 0.01192600821368335)
19 (5, 0.011698804923101772)
20 (3, 0.00947407013671791)
21 (0, 0.007890097918223305)
22 (2, 0.007030579916968914)
23 (27, 0.007015563120980698)
24 (25, 0.0061848796647823254)
25 (14, 0.005390973581528752)
26 (20, 0.005268099115675811)
27 (22, 0.0050996344396511545)
28 (17, 0.004916585021906837)
29 (29, 0.004743039724999848)
30 (10, 0.004704333948839242)
31 (1, 0.004545454545454546)
32 (7, 0.004545454545454546)
33 (16, 0.004545454545454546)
4
front-end
1 (9, 0.07300324746749431)
2 (30, 0.07252929024605892)
3 (8, 0.07245296935266428)
4 (6, 0.0711112431844034)
5 (26, 0.06683549679863673)
6 (18, 0.06579224798964137)
7 (13, 0.06371108595672824)
8 (12, 0.0629588296845383)
9 (19, 0.06144113342946319)
10 (21, 0.06123112955838714)
11 (24, 0.05387451264594108)
12 (11, 0.05039833798236493)
13 (23, 0.03474030679181576)
14 (15, 0.032889046557817596)
15 (28, 0.019769842492846173)
16 (31, 0.017045612330039178)
17 (27, 0.01399535191531558)
18 (3, 0.012105482640705264)
19 (5, 0.01161170772046113)
20 (32, 0.008440414943814558)
21 (2, 0.00783629142691901)
22 (0, 0.007746307084543485)
23 (4, 0.007680468230143837)
24 (25, 0.00641381697192697)
25 (20, 0.005584199248134277)
26 (22, 0.005472825892919411)
27 (17, 0.0050588013633982454)
28 (14, 0.004962668649081553)
29 (10, 0.004870062539930085)
30 (29, 0.004800905267502344)
31 (1, 0.004545454545454546)
32 (7, 0.004545454545454546)
33 (16, 0.004545454545454546)
5
front-end
1 (18, 0.10864934211571672)
2 (3, 0.0823581554675539)
3 (25, 0.0635948257894728)
4 (23, 0.06134425192232153)
5 (21, 0.05265212041706288)
6 (8, 0.045565811026340414)
7 (14, 0.042562770583262924)
8 (22, 0.04150607328878874)
9 (11, 0.04047791872338309)
10 (26, 0.039745643130391986)
11 (4, 0.03941380169082992)
12 (6, 0.039120940925468785)
13 (19, 0.039120940925468785)
14 (27, 0.039120940925468785)
15 (28, 0.039120940925468785)
16 (0, 0.030618292452060842)
17 (31, 0.03051905592094122)
18 (5, 0.021911369251766673)
19 (32, 0.019124182306284026)
20 (24, 0.014082258509554113)
21 (12, 0.01231301123969194)
22 (30, 0.01231301123969194)
23 (20, 0.01213296294046837)
24 (29, 0.010747622769659857)
25 (10, 0.009291462629058906)
26 (17, 0.008828901838884169)
27 (2, 0.008554544212015859)
28 (1, 0.0058681411388203175)
29 (7, 0.0058681411388203175)
30 (9, 0.0058681411388203175)
31 (13, 0.0058681411388203175)
32 (15, 0.0058681411388203175)
33 (16, 0.0058681411388203175)
6
front-end
1 (15, 0.07571572839078479)
2 (8, 0.07368662032083426)
3 (6, 0.07149283545129763)
4 (9, 0.07028031808764355)
5 (26, 0.06773136985640224)
6 (13, 0.06682298300852105)
7 (18, 0.06469968569889452)
8 (12, 0.06075865364998598)
9 (19, 0.060230741618316964)
10 (21, 0.0545916831475617)
11 (24, 0.053303588195494224)
12 (11, 0.051609823295790634)
13 (30, 0.03711208744864365)
14 (23, 0.03287785451131677)
15 (28, 0.021608976392790618)
16 (31, 0.019272075971071525)
17 (27, 0.016853722626182486)
18 (3, 0.01181759753533917)
19 (5, 0.010418608496941612)
20 (0, 0.008988187847833073)
21 (4, 0.007322429940649109)
22 (32, 0.006722065857912093)
23 (2, 0.006662038211324531)
24 (20, 0.005542313405881372)
25 (17, 0.005261319440085509)
26 (25, 0.005171529732895837)
27 (22, 0.005116633450478419)
28 (14, 0.0050773023275559334)
29 (29, 0.004812542184906797)
30 (10, 0.004802320260300244)
31 (1, 0.004545454545454546)
32 (7, 0.004545454545454546)
33 (16, 0.004545454545454546)
7
front-end
1 (26, 0.11049327893093869)
2 (18, 0.07112965312504133)
3 (30, 0.07078330907990565)
4 (19, 0.07042974363890771)
5 (11, 0.06352111125285767)
6 (31, 0.056008429651100436)
7 (13, 0.045789617531297025)
8 (24, 0.04303767631008282)
9 (21, 0.041955250129166656)
10 (28, 0.03976792282713783)
11 (23, 0.03958848885545997)
12 (6, 0.03565525171384093)
13 (27, 0.030943335965295006)
14 (12, 0.0308972285906756)
15 (15, 0.03044936444914819)
16 (9, 0.02730053703973138)
17 (25, 0.02426395255772928)
18 (8, 0.023485166251220237)
19 (3, 0.019398650188123857)
20 (4, 0.015434264784405351)
21 (17, 0.01536644877909005)
22 (0, 0.015254363290238323)
23 (22, 0.010716338040986342)
24 (2, 0.010378158038334657)
25 (20, 0.009421848482733872)
26 (32, 0.007393088423415017)
27 (14, 0.007117977333010986)
28 (5, 0.006829753997996822)
29 (10, 0.006150059466037323)
30 (29, 0.006025001693942056)
31 (1, 0.005004909860716325)
32 (7, 0.005004909860716325)
33 (16, 0.005004909860716325)
8
front-end
1 (14, 0.05275251804595729)
2 (29, 0.03859248363381321)
3 (1, 0.03378883552180257)
4 (2, 0.03378883552180257)
5 (3, 0.03378883552180257)
6 (4, 0.03378883552180257)
7 (6, 0.03378883552180257)
8 (8, 0.03378883552180257)
9 (9, 0.03378883552180257)
10 (11, 0.03378883552180257)
11 (12, 0.03378883552180257)
12 (13, 0.03378883552180257)
13 (15, 0.03378883552180257)
14 (16, 0.03378883552180257)
15 (17, 0.03378883552180257)
16 (18, 0.03378883552180257)
17 (19, 0.03378883552180257)
18 (21, 0.03378883552180257)
19 (22, 0.03378883552180257)
20 (23, 0.03378883552180257)
21 (24, 0.03378883552180257)
22 (25, 0.03378883552180257)
23 (26, 0.03378883552180257)
24 (27, 0.03378883552180257)
25 (28, 0.03378883552180257)
26 (30, 0.03378883552180257)
27 (31, 0.03378883552180257)
28 (32, 0.03378883552180257)
29 (20, 0.009871973440281026)
30 (0, 0.005068325328270386)
31 (5, 0.005068325328270386)
32 (7, 0.005068325328270386)
33 (10, 0.005068325328270386)
9
front-end
1 (6, 0.07983128322029721)
2 (8, 0.07634948198273524)
3 (9, 0.07355661178860033)
4 (11, 0.07352102664477979)
5 (26, 0.06920179925439045)
6 (19, 0.06818132594691878)
7 (18, 0.06556951412355008)
8 (15, 0.05147888461521198)
9 (24, 0.04710511147738937)
10 (21, 0.04671564776939767)
11 (23, 0.04518331243723585)
12 (13, 0.04321856657880921)
13 (27, 0.04147773657386462)
14 (12, 0.041443035888377354)
15 (30, 0.03779171883587159)
16 (3, 0.01757037952074852)
17 (32, 0.01422250322200799)
18 (28, 0.011937143184015835)
19 (4, 0.010933616545345982)
20 (0, 0.00936163640139326)
21 (20, 0.008024783378911682)
22 (31, 0.007661428003595225)
23 (25, 0.006733175027688324)
24 (10, 0.006563448556071055)
25 (22, 0.00610739144361125)
26 (2, 0.005526114698326804)
27 (17, 0.005229241106739121)
28 (5, 0.005192394428660479)
29 (14, 0.005051720773285355)
30 (29, 0.005001651502822422)
31 (1, 0.0047527716897823565)
32 (7, 0.0047527716897823565)
33 (16, 0.0047527716897823565)
10
front-end
1 (21, 0.08669957605951317)
2 (15, 0.08288058792779018)
3 (26, 0.08103317697893027)
4 (19, 0.08066040658385581)
5 (18, 0.0774990815631728)
6 (23, 0.0663420218745762)
7 (13, 0.0632237952729289)
8 (12, 0.06074202846797955)
9 (6, 0.05847329437266287)
10 (8, 0.05287212319837106)
11 (9, 0.05281585165980988)
12 (30, 0.041586290603660335)
13 (24, 0.0374016678366556)
14 (27, 0.021456111756788958)
15 (3, 0.017342117678523592)
16 (31, 0.012829893407476345)
17 (0, 0.008848078928632847)
18 (32, 0.008811172877415653)
19 (28, 0.008562449654820097)
20 (4, 0.008020574850336559)
21 (11, 0.006661580270135097)
22 (25, 0.006655875703501738)
23 (22, 0.006405696337640238)
24 (20, 0.006015316536271828)
25 (2, 0.005735472516495367)
26 (17, 0.005431294558182512)
27 (14, 0.00541930672644688)
28 (10, 0.005204476190832148)
29 (5, 0.005153891540924577)
30 (29, 0.004967838607726076)
31 (1, 0.004749649819314302)
32 (7, 0.004749649819314302)
33 (16, 0.004749649819314302)
-----one service finish-----
1
1
user
1 (13, 0.12934545260795025)
2 (14, 0.08291405147809734)
3 (26, 0.07262869508706392)
4 (19, 0.07211559830169138)
5 (20, 0.06430913762158763)
6 (32, 0.05920012809331264)
7 (24, 0.05703423733956668)
8 (3, 0.05464860522258659)
9 (27, 0.043946031318160765)
10 (33, 0.03913947409089771)
11 (31, 0.03729295045806295)
12 (1, 0.036687121434382484)
13 (25, 0.030908730239145994)
14 (15, 0.02484415213149498)
15 (28, 0.021665455577974103)
16 (12, 0.015671143300591942)
17 (5, 0.015278796534172594)
18 (29, 0.014050547734480943)
19 (6, 0.013210340072913088)
20 (16, 0.012921610236325055)
21 (9, 0.011329129440701352)
22 (4, 0.010924233239108799)
23 (21, 0.008277986746183985)
24 (0, 0.008051397773649762)
25 (23, 0.008015925970540027)
26 (30, 0.007704650742021514)
27 (2, 0.007124082737784276)
28 (7, 0.0063790024348071685)
29 (11, 0.006192121100947261)
30 (22, 0.006176938073167393)
31 (8, 0.005503068215157373)
32 (10, 0.005503068215157373)
33 (17, 0.005503068215157373)
34 (18, 0.005503068215157373)
2
user
1 (28, 0.09030888110137424)
2 (25, 0.08763821251318993)
3 (12, 0.0848249206330704)
4 (20, 0.08377895089329788)
5 (24, 0.07953800598531044)
6 (19, 0.07805794351662035)
7 (13, 0.07405919130518555)
8 (14, 0.07391002231315946)
9 (22, 0.05366151253486642)
10 (32, 0.039138086119656385)
11 (33, 0.03883484826937259)
12 (29, 0.03305862840654697)
13 (15, 0.02024734689547858)
14 (3, 0.016741361289045447)
15 (16, 0.015802171441178344)
16 (1, 0.012343671461095227)
17 (31, 0.011983041279150864)
18 (26, 0.011414811455379375)
19 (5, 0.01036387449336049)
20 (4, 0.009911835021017616)
21 (27, 0.008383754296730925)
22 (9, 0.008284327668015847)
23 (6, 0.0055158284004258)
24 (0, 0.0054636706107764)
25 (7, 0.005085814881449872)
26 (21, 0.004972799626367506)
27 (23, 0.0048264155852987085)
28 (8, 0.004771281745231311)
29 (30, 0.004705991807774713)
30 (2, 0.0045815479068857835)
31 (10, 0.004555956426039403)
32 (11, 0.004411764705882354)
33 (17, 0.004411764705882354)
34 (18, 0.004411764705882354)
3
user
1 (12, 0.09702649743379776)
2 (14, 0.09552939065025218)
3 (20, 0.09148219505749994)
4 (32, 0.09000717412542093)
5 (19, 0.08485789505955087)
6 (25, 0.08347297459388771)
7 (13, 0.08326749111719382)
8 (24, 0.07874602896304624)
9 (1, 0.0488346285259506)
10 (33, 0.04524335263478345)
11 (22, 0.017477941127042748)
12 (3, 0.01702500448548211)
13 (15, 0.015378942512906309)
14 (28, 0.014831088171707934)
15 (4, 0.012922000035299017)
16 (31, 0.012452699365535398)
17 (0, 0.010999235701837758)
18 (16, 0.010968990153660083)
19 (5, 0.009653956496819677)
20 (9, 0.00839377271914119)
21 (27, 0.008000529546653451)
22 (26, 0.006686772066232675)
23 (29, 0.006119451205522146)
24 (6, 0.005055570202985065)
25 (21, 0.0047563488579124265)
26 (7, 0.004750767344307461)
27 (30, 0.0046792208143194595)
28 (10, 0.00456647767808765)
29 (23, 0.0045393181970721725)
30 (2, 0.0045311837329404395)
31 (8, 0.004507807305504435)
32 (11, 0.004411764705882355)
33 (17, 0.004411764705882355)
34 (18, 0.004411764705882355)
4
user
1 (26, 0.1505876626125212)
2 (15, 0.0839869060392543)
3 (32, 0.08337772964903128)
4 (13, 0.07841370026529704)
5 (6, 0.06881779967549095)
6 (16, 0.06313343383204291)
7 (22, 0.0458272303348037)
8 (0, 0.03813025580509133)
9 (1, 0.03717835692359239)
10 (14, 0.03649349744316394)
11 (33, 0.032888299732046586)
12 (31, 0.02717258387001794)
13 (29, 0.02627792510040878)
14 (24, 0.023425401049401287)
15 (25, 0.022941251795402202)
16 (12, 0.02136054728183897)
17 (28, 0.02050951640842794)
18 (3, 0.019358706936310578)
19 (7, 0.012963190653926858)
20 (19, 0.01283245388662763)
21 (9, 0.009998128809934809)
22 (27, 0.009325136482459808)
23 (20, 0.008782316504935756)
24 (4, 0.007708386713451267)
25 (5, 0.006605781180574101)
26 (21, 0.0060831333337565355)
27 (30, 0.006032104584983202)
28 (10, 0.005851123639920328)
29 (23, 0.005793805379454896)
30 (8, 0.005747218128861929)
31 (2, 0.0057433946191937195)
32 (11, 0.005551007109258628)
33 (17, 0.005551007109258628)
34 (18, 0.005551007109258628)
5
user
1 (33, 0.08045860072133366)
2 (2, 0.059366009366387966)
3 (29, 0.055460407821468785)
4 (23, 0.042879017507956765)
5 (10, 0.04281910339086927)
6 (32, 0.04093084076393379)
7 (1, 0.03691125486505757)
8 (3, 0.03691125486505757)
9 (4, 0.03691125486505757)
10 (7, 0.03691125486505757)
11 (12, 0.03691125486505757)
12 (13, 0.03691125486505757)
13 (14, 0.03691125486505757)
14 (16, 0.03691125486505757)
15 (18, 0.03691125486505757)
16 (19, 0.03691125486505757)
17 (20, 0.03691125486505757)
18 (24, 0.03691125486505757)
19 (25, 0.03691125486505757)
20 (31, 0.03691125486505757)
21 (6, 0.03322188179273558)
22 (26, 0.025956224898469795)
23 (30, 0.01451419733196907)
24 (5, 0.01201508769489298)
25 (27, 0.011893480075439201)
26 (28, 0.01144453675557034)
27 (0, 0.011444536755570339)
28 (8, 0.007618377634044533)
29 (9, 0.005536688229758636)
30 (11, 0.005536688229758636)
31 (15, 0.005536688229758636)
32 (17, 0.005536688229758636)
33 (21, 0.005536688229758636)
34 (22, 0.005536688229758636)
6
user
1 (13, 0.1325076760198663)
2 (14, 0.10205445188583737)
3 (19, 0.09763296789769171)
4 (20, 0.09481847131108577)
5 (24, 0.053166746174239776)
6 (25, 0.0456140616655038)
7 (28, 0.0406229779051345)
8 (3, 0.03931781974911377)
9 (27, 0.03776698145909335)
10 (29, 0.03255856339693219)
11 (9, 0.031704856635093065)
12 (10, 0.029293746333909305)
13 (12, 0.026620513701298244)
14 (15, 0.025272719830590432)
15 (22, 0.024277318492950235)
16 (4, 0.023058565086677488)
17 (16, 0.02156095606482634)
18 (5, 0.020297276587926547)
19 (32, 0.016098940490314018)
20 (31, 0.014969203188228867)
21 (0, 0.014857685683001304)
22 (26, 0.009453387701171226)
23 (33, 0.0070947836324077385)
24 (6, 0.006552774668320413)
25 (7, 0.005913289807174967)
26 (21, 0.0055639052655864175)
27 (30, 0.0054886025258777124)
28 (23, 0.005456380552596594)
29 (8, 0.005444558253840973)
30 (1, 0.005230994657816701)
31 (2, 0.005091663450426724)
32 (11, 0.004879053308488689)
33 (17, 0.004879053308488689)
34 (18, 0.004879053308488689)
7
user
1 (28, 0.12687243223330325)
2 (32, 0.10433124298403074)
3 (33, 0.09543979643492168)
4 (19, 0.08836729731529122)
5 (20, 0.0830493015613444)
6 (29, 0.04250891823993234)
7 (12, 0.041333697571049696)
8 (1, 0.03976164864514539)
9 (3, 0.03715609270194195)
10 (16, 0.03400687094584682)
11 (25, 0.03302956513985204)
12 (4, 0.030520114431993345)
13 (24, 0.029148717284404536)
14 (22, 0.027442675895919613)
15 (9, 0.024587421811711148)
16 (10, 0.0215648349932113)
17 (15, 0.016844575475365157)
18 (5, 0.016150801142357216)
19 (13, 0.014020018859185216)
20 (31, 0.012066508126954877)
21 (14, 0.008869303034088805)
22 (0, 0.008653944915095945)
23 (27, 0.0073977309803382124)
24 (26, 0.007075226782160462)
25 (7, 0.00526580342138461)
26 (6, 0.005208144620080628)
27 (21, 0.005109101826364297)
28 (30, 0.005043005794945206)
29 (23, 0.0049350047352680485)
30 (2, 0.004934596885057667)
31 (8, 0.004894756562145203)
32 (11, 0.0048036162164363325)
33 (17, 0.0048036162164363325)
34 (18, 0.0048036162164363325)
8
user
1 (14, 0.08581942854091357)
2 (1, 0.0822694637174006)
3 (13, 0.08064660658050457)
4 (12, 0.079539195595002)
5 (10, 0.07540294809211037)
6 (20, 0.0747979867637793)
7 (9, 0.07432951197320922)
8 (19, 0.07392346399842924)
9 (3, 0.06756395665404225)
10 (4, 0.06263599417789038)
11 (22, 0.038100209722332676)
12 (28, 0.030187749616796978)
13 (32, 0.021670025573645845)
14 (15, 0.014276540854317362)
15 (29, 0.013811565354746352)
16 (5, 0.013639240581588146)
17 (25, 0.011853340122648161)
18 (31, 0.009536259949278057)
19 (16, 0.009054192931505868)
20 (0, 0.007701312623568851)
21 (33, 0.00756268737012791)
22 (24, 0.0070463603032569575)
23 (27, 0.006504270666672084)
24 (26, 0.006335200934727004)
25 (6, 0.004753996290367304)
26 (7, 0.004745615446552873)
27 (21, 0.004688458547545479)
28 (30, 0.004645769176578153)
29 (2, 0.004564863828699585)
30 (23, 0.004531287670981348)
31 (8, 0.0045286985492749565)
32 (11, 0.004444599263835518)
33 (17, 0.004444599263835518)
34 (18, 0.004444599263835518)
9
user
1 (21, 0.10421162881157583)
2 (1, 0.05485078959828994)
3 (26, 0.04293654580102794)
4 (19, 0.042299305246301835)
5 (23, 0.03832909297588574)
6 (3, 0.03651625085135162)
7 (4, 0.03651625085135162)
8 (9, 0.03651625085135162)
9 (10, 0.03651625085135162)
10 (12, 0.03651625085135162)
11 (13, 0.03651625085135162)
12 (14, 0.03651625085135162)
13 (16, 0.03651625085135162)
14 (18, 0.03651625085135162)
15 (22, 0.03651625085135162)
16 (27, 0.03651625085135162)
17 (28, 0.03651625085135162)
18 (29, 0.03651625085135162)
19 (32, 0.03651625085135162)
20 (33, 0.03651625085135162)
21 (15, 0.03351151370571883)
22 (5, 0.026610280125355233)
23 (0, 0.020017791774162602)
24 (24, 0.01736825494574578)
25 (6, 0.01126049202265296)
26 (25, 0.01126049202265296)
27 (30, 0.009526838842108868)
28 (8, 0.007208585592030817)
29 (2, 0.005477437627702744)
30 (7, 0.005477437627702744)
31 (11, 0.005477437627702744)
32 (17, 0.005477437627702744)
33 (20, 0.005477437627702744)
34 (31, 0.005477437627702744)
10
user
1 (19, 0.07670838773450799)
2 (9, 0.07512129622671802)
3 (1, 0.0722837314171099)
4 (20, 0.06984247564919545)
5 (12, 0.06976966063616283)
6 (10, 0.06840202387263272)
7 (33, 0.06696593283996886)
8 (32, 0.06662883954991025)
9 (16, 0.06579679280705919)
10 (3, 0.05841716674485001)
11 (31, 0.04467799918440518)
12 (28, 0.04308506170895205)
13 (4, 0.040118521725541034)
14 (27, 0.03660521389352597)
15 (26, 0.017923204730792473)
16 (15, 0.01554985922095247)
17 (24, 0.011792241138040276)
18 (5, 0.010841083644845147)
19 (13, 0.009999306853602162)
20 (29, 0.007438027403024582)
21 (0, 0.005978483799658482)
22 (6, 0.0059546011669896134)
23 (25, 0.005937081860288488)
24 (22, 0.005375503998929309)
25 (30, 0.005220399761688335)
26 (14, 0.00519801845785295)
27 (21, 0.005160184066647316)
28 (7, 0.005022413435189488)
29 (2, 0.005002770886185703)
30 (23, 0.004975472424384737)
31 (8, 0.004552060790097268)
32 (11, 0.004552060790097268)
33 (17, 0.004552060790097268)
34 (18, 0.004552060790097268)
-----one service finish-----
2
1
catalogue
1 (16, 0.13848884901932418)
2 (24, 0.08483045918736365)
3 (25, 0.0762239193222295)
4 (27, 0.0733881926242984)
5 (19, 0.06887995872047781)
6 (20, 0.063873086169304)
7 (1, 0.058983089178472795)
8 (11, 0.05186603159740582)
9 (33, 0.05063416284415974)
10 (28, 0.04153298395047625)
11 (14, 0.04090800587351297)
12 (0, 0.03886599199167737)
13 (31, 0.03711380439873063)
14 (3, 0.019563457746997293)
15 (5, 0.013200984469823639)
16 (22, 0.01183744991689731)
17 (8, 0.011057084110079081)
18 (21, 0.010998174498300452)
19 (34, 0.009822982284063364)
20 (10, 0.009350619760266085)
21 (15, 0.007618535675729025)
22 (6, 0.006560163546772189)
23 (12, 0.006527248302614818)
24 (26, 0.006494344383411951)
25 (4, 0.006245966828239961)
26 (30, 0.006129746366655752)
27 (32, 0.005697308124486994)
28 (29, 0.005603970420551878)
29 (2, 0.005579995497873775)
30 (9, 0.00550830891793993)
31 (17, 0.005401253134109475)
32 (7, 0.005303467784438469)
33 (13, 0.005303467784438469)
34 (18, 0.005303467784438469)
35 (23, 0.005303467784438469)
2
catalogue
1 (21, 0.15906201772152642)
2 (28, 0.07920010359822181)
3 (25, 0.07683350902736726)
4 (1, 0.07626030215914945)
5 (33, 0.0598546634627213)
6 (19, 0.04404218157635482)
7 (16, 0.04315261318089191)
8 (13, 0.04290475345787716)
9 (24, 0.040756731979425725)
10 (32, 0.03882469065311293)
11 (6, 0.03682861133389704)
12 (5, 0.0361374187948462)
13 (27, 0.033977065307734665)
14 (0, 0.03349679260425127)
15 (11, 0.030622197313519284)
16 (29, 0.018497796455040117)
17 (34, 0.012883634744048356)
18 (3, 0.012516887490918852)
19 (8, 0.011881509569778783)
20 (31, 0.01038567632883383)
21 (26, 0.01012702786345391)
22 (22, 0.00953738143491146)
23 (30, 0.008316717054316422)
24 (15, 0.007675963309517293)
25 (10, 0.007506624984538218)
26 (12, 0.007096011170446153)
27 (4, 0.006143288117475456)
28 (20, 0.006086838116159792)
29 (2, 0.0058933807255327425)
30 (9, 0.005778949869415397)
31 (17, 0.00562149379437797)
32 (7, 0.005524291700084556)
33 (14, 0.005524291700084556)
34 (18, 0.005524291700084556)
35 (23, 0.005524291700084556)
3
catalogue
1 (14, 0.13358355187593396)
2 (13, 0.09219683445732303)
3 (33, 0.08675701682553619)
4 (27, 0.0727121933694454)
5 (19, 0.07124369663600495)
6 (20, 0.0677027595069022)
7 (11, 0.05908596486757151)
8 (1, 0.04628734597252332)
9 (28, 0.04080677486687461)
10 (24, 0.04017912709554711)
11 (0, 0.03856304402790506)
12 (31, 0.03631614846578272)
13 (6, 0.03514160847130936)
14 (16, 0.01753384581269428)
15 (5, 0.014658610517203399)
16 (22, 0.012213070759717462)
17 (3, 0.01212573846808545)
18 (21, 0.011551676697981145)
19 (8, 0.010464911748721231)
20 (10, 0.009865372532363786)
21 (15, 0.008508761919492796)
22 (34, 0.008221294899901015)
23 (26, 0.007802088749639863)
24 (12, 0.007111365269766186)
25 (30, 0.006185152415679315)
26 (32, 0.0056308547409437614)
27 (25, 0.005592272453781833)
28 (2, 0.005475667398702381)
29 (29, 0.00546321978190926)
30 (4, 0.005170004899126268)
31 (7, 0.005170004899126268)
32 (9, 0.005170004899126268)
33 (17, 0.005170004899126268)
34 (18, 0.005170004899126268)
35 (23, 0.005170004899126268)
4
catalogue
1 (5, 0.1597953716055758)
2 (16, 0.1255019035097773)
3 (27, 0.07008193513282612)
4 (24, 0.06454951234541104)
5 (33, 0.056850386751112106)
6 (28, 0.052428675052445195)
7 (25, 0.04982906393683579)
8 (0, 0.04911334458089137)
9 (31, 0.043590475715817985)
10 (6, 0.03977080452588892)
11 (32, 0.03663336099221286)
12 (11, 0.025404809431868045)
13 (1, 0.025141033715844512)
14 (13, 0.023000137672193947)
15 (3, 0.013807890656817748)
16 (21, 0.013275114140239163)
17 (8, 0.01323494940631375)
18 (22, 0.011601638257660135)
19 (26, 0.01066055414998738)
20 (34, 0.01046495546139873)
21 (19, 0.009192746395624417)
22 (10, 0.009192598919593498)
23 (15, 0.008851451059660858)
24 (12, 0.008654301649643792)
25 (30, 0.008105939587315763)
26 (7, 0.006556485846310816)
27 (29, 0.006372645181717768)
28 (2, 0.006363260945904588)
29 (9, 0.006241489802937511)
30 (4, 0.0061717558820809934)
31 (14, 0.00591228153761846)
32 (17, 0.00591228153761846)
33 (18, 0.00591228153761846)
34 (20, 0.00591228153761846)
35 (23, 0.00591228153761846)
5
catalogue
1 (16, 0.16093512871761634)
2 (24, 0.10067691535366927)
3 (25, 0.09284764673349617)
4 (1, 0.08678712043808642)
5 (6, 0.07283432307412506)
6 (27, 0.06989421094647336)
7 (10, 0.04651659948989434)
8 (19, 0.03876357317264308)
9 (28, 0.03875027646554864)
10 (13, 0.03845173415657569)
11 (31, 0.03411233815888837)
12 (5, 0.028722334805368482)
13 (0, 0.020560382606579684)
14 (33, 0.01700876667109852)
15 (21, 0.014380937400293543)
16 (11, 0.011337054956285881)
17 (3, 0.010475988087149736)
18 (8, 0.01021154285489239)
19 (12, 0.010208708752417115)
20 (22, 0.0095410774059972)
21 (34, 0.008666400995447923)
22 (30, 0.00795453740486654)
23 (15, 0.007299194740059109)
24 (26, 0.005979715444469694)
25 (7, 0.005440111368632526)
26 (32, 0.0053944303730238796)
27 (2, 0.0053753721024516485)
28 (29, 0.005319880119323635)
29 (4, 0.00523493982493213)
30 (9, 0.005222464570163419)
31 (14, 0.005019258561906019)
32 (17, 0.005019258561906019)
33 (18, 0.005019258561906019)
34 (20, 0.005019258561906019)
35 (23, 0.005019258561906019)
6
catalogue
1 (30, 0.1280230716700667)
2 (24, 0.09445713143453408)
3 (5, 0.06717324500088351)
4 (16, 0.0546924932936477)
5 (33, 0.04897713623912213)
6 (13, 0.04617681988454126)
7 (19, 0.04617681988454126)
8 (28, 0.04617681988454126)
9 (25, 0.04566026954497633)
10 (1, 0.044332625617952835)
11 (31, 0.04374785343759238)
12 (22, 0.042808555235190164)
13 (6, 0.03985979639394946)
14 (0, 0.03950081005862169)
15 (27, 0.03076643916650172)
16 (11, 0.01989051082262383)
17 (10, 0.01607439485393068)
18 (3, 0.013675572469339632)
19 (8, 0.012778195915565154)
20 (26, 0.012318485082173446)
21 (2, 0.010428996460470416)
22 (15, 0.009792682163034243)
23 (21, 0.009666302654218762)
24 (34, 0.007906275276184739)
25 (12, 0.007890025708922735)
26 (7, 0.006884910320113792)
27 (32, 0.006603166159630913)
28 (4, 0.006303471640746868)
29 (9, 0.005893874818054605)
30 (14, 0.005893874818054605)
31 (17, 0.005893874818054605)
32 (18, 0.005893874818054605)
33 (20, 0.005893874818054605)
34 (23, 0.005893874818054605)
35 (29, 0.005893874818054605)
7
catalogue
1 (5, 0.10614675539581718)
2 (16, 0.06366417740975441)
3 (30, 0.06147310435693506)
4 (10, 0.05634492361224942)
5 (33, 0.05101608494393476)
6 (1, 0.04889306408645553)
7 (3, 0.04889306408645553)
8 (8, 0.04889306408645553)
9 (13, 0.04889306408645553)
10 (19, 0.04889306408645553)
11 (28, 0.04889306408645553)
12 (0, 0.047309228568482124)
13 (31, 0.044214122575520064)
14 (27, 0.04313834710361166)
15 (22, 0.04297739795174085)
16 (11, 0.031017116297582952)
17 (24, 0.01821893937210133)
18 (12, 0.01660740826067804)
19 (7, 0.010846746574746925)
20 (21, 0.010784611332908244)
21 (25, 0.009792075357062384)
22 (26, 0.008527633406669052)
23 (15, 0.008517391325669322)
24 (34, 0.007921772037365023)
25 (2, 0.006193070872585269)
26 (4, 0.006193070872585269)
27 (6, 0.006193070872585269)
28 (9, 0.006193070872585269)
29 (14, 0.006193070872585269)
30 (17, 0.006193070872585269)
31 (18, 0.006193070872585269)
32 (20, 0.006193070872585269)
33 (23, 0.006193070872585269)
34 (29, 0.006193070872585269)
35 (32, 0.006193070872585269)
8
catalogue
1 (25, 0.12594869528824726)
2 (24, 0.0883310947148274)
3 (20, 0.08397928217083654)
4 (19, 0.0836417534701398)
5 (11, 0.07777481966115402)
6 (0, 0.0518131705044069)
7 (33, 0.0462110411472956)
8 (22, 0.04468934620804746)
9 (1, 0.04427554953215447)
10 (16, 0.039209725396830535)
11 (28, 0.03856225836290595)
12 (14, 0.03838699634687706)
13 (6, 0.03423512880647871)
14 (31, 0.03398710550529568)
15 (5, 0.022951231155286758)
16 (27, 0.021822699129404512)
17 (3, 0.010320169778266863)
18 (21, 0.010061307999876192)
19 (8, 0.009995258726712359)
20 (10, 0.0091601324730924)
21 (34, 0.0074867903206505704)
22 (15, 0.007136458188185336)
23 (12, 0.006799916159544432)
24 (26, 0.00628019308620304)
25 (30, 0.005928388913092453)
26 (32, 0.005433273012686924)
27 (2, 0.005315883224264875)
28 (29, 0.00519018424526787)
29 (4, 0.005010306638852596)
30 (7, 0.005010306638852596)
31 (9, 0.005010306638852596)
32 (13, 0.005010306638852596)
33 (17, 0.005010306638852596)
34 (18, 0.005010306638852596)
35 (23, 0.005010306638852596)
9
catalogue
1 (24, 0.12809728091768482)
2 (25, 0.08763607505849068)
3 (19, 0.07901069054189681)
4 (20, 0.07376514373991223)
5 (27, 0.0722451867905318)
6 (1, 0.06805445477113932)
7 (11, 0.05927006640061842)
8 (33, 0.049822868476832385)
9 (0, 0.043588134861529855)
10 (16, 0.04332251135326921)
11 (28, 0.041211573961337095)
12 (14, 0.040949209114461475)
13 (31, 0.03726115700131145)
14 (3, 0.018998584583464553)
15 (5, 0.015410019534544918)
16 (22, 0.012432634791066297)
17 (21, 0.011240433940214699)
18 (8, 0.0109372380605801)
19 (34, 0.009482983279933199)
20 (10, 0.009476743191752185)
21 (15, 0.008493283798970944)
22 (26, 0.006837723684231469)
23 (12, 0.006837067501869815)
24 (30, 0.006320917535046211)
25 (32, 0.00576326247470868)
26 (2, 0.005618828365254533)
27 (29, 0.00554608478151417)
28 (4, 0.005296230185979066)
29 (6, 0.005296230185979066)
30 (7, 0.005296230185979066)
31 (9, 0.005296230185979066)
32 (13, 0.005296230185979066)
33 (17, 0.005296230185979066)
34 (18, 0.005296230185979066)
35 (23, 0.005296230185979066)
10
catalogue
1 (13, 0.14374814900442173)
2 (27, 0.12035770072159119)
3 (14, 0.0943943993739769)
4 (34, 0.07883180629843897)
5 (3, 0.05890980909100557)
6 (24, 0.05695065702549174)
7 (28, 0.04994058247005473)
8 (19, 0.046804588720271184)
9 (33, 0.0420157988737886)
10 (31, 0.03822393583702013)
11 (0, 0.027783470733039137)
12 (1, 0.02467765784824257)
13 (6, 0.0222848012267065)
14 (4, 0.020918374059092828)
15 (16, 0.015097512466831596)
16 (5, 0.012829008198192207)
17 (25, 0.012400205315332249)
18 (11, 0.01232937359615457)
19 (8, 0.012246497448865391)
20 (21, 0.009330681989926216)
21 (12, 0.008288985557350526)
22 (10, 0.008170629546151487)
23 (29, 0.00801489817959606)
24 (15, 0.00781776810740723)
25 (22, 0.007108935423963455)
26 (26, 0.0069612425726403165)
27 (20, 0.006701546573496143)
28 (32, 0.006369352008855886)
29 (30, 0.0060762549412847755)
30 (2, 0.005928109042313794)
31 (9, 0.005896182326728232)
32 (7, 0.00564777135544201)
33 (17, 0.00564777135544201)
34 (18, 0.00564777135544201)
35 (23, 0.00564777135544201)
-----one service finish-----
3
1
orders
1 (25, 0.2640597336066156)
2 (15, 0.09701044688311077)
3 (1, 0.07316259936063939)
4 (14, 0.06117272993946209)
5 (0, 0.049611062878391635)
6 (21, 0.04846265649721358)
7 (29, 0.044627664515276125)
8 (11, 0.041469306931153936)
9 (26, 0.04085704610269844)
10 (12, 0.03903155713490247)
11 (28, 0.0346461576554264)
12 (5, 0.02461917979388026)
13 (32, 0.013683678855210818)
14 (31, 0.012834892899338873)
15 (13, 0.012128044903945628)
16 (23, 0.011341920834783538)
17 (8, 0.010772508030340258)
18 (3, 0.01054206406924859)
19 (6, 0.009029273693257789)
20 (18, 0.00902805519285738)
21 (33, 0.008530975100794902)
22 (4, 0.00823824813021954)
23 (24, 0.007694925685390189)
24 (10, 0.007200317348910835)
25 (2, 0.007084141521591589)
26 (30, 0.0063630004016066236)
27 (9, 0.006206727029118673)
28 (20, 0.006053342504587766)
29 (16, 0.0059602632050466675)
30 (27, 0.005828472622930601)
31 (19, 0.005748925601157193)
32 (7, 0.005666693690297284)
33 (17, 0.005666693690297284)
34 (22, 0.005666693690297284)
2
orders
1 (25, 0.257885389014827)
2 (15, 0.11168741536546573)
3 (2, 0.0754580061326606)
4 (5, 0.053844925177037116)
5 (29, 0.05107562052757209)
6 (1, 0.04598284032672445)
7 (6, 0.04264582761702739)
8 (0, 0.041614897825024866)
9 (28, 0.039530590571405816)
10 (22, 0.03016050663340634)
11 (21, 0.02886109529913808)
12 (9, 0.024000183432940695)
13 (14, 0.01636672224550894)
14 (31, 0.016310929538522905)
15 (12, 0.013034310724653803)
16 (32, 0.012110099980019296)
17 (13, 0.011486500271017696)
18 (23, 0.010225756412952024)
19 (11, 0.01010816559789176)
20 (18, 0.00981538366241235)
21 (3, 0.00948470075241497)
22 (26, 0.009282877782327581)
23 (33, 0.008657358213962005)
24 (10, 0.008353759145526994)
25 (30, 0.0071141156904837065)
26 (20, 0.006549490921526633)
27 (4, 0.006399808354847932)
28 (24, 0.006371902802724981)
29 (8, 0.0062763539488841225)
30 (16, 0.005976183168482042)
31 (27, 0.005958323132511742)
32 (19, 0.005865163940692208)
33 (7, 0.005752397894703017)
34 (17, 0.005752397894703017)
3
orders
1 (25, 0.27427347830102783)
2 (15, 0.16282611176676678)
3 (23, 0.10079178076271281)
4 (0, 0.05603784599018101)
5 (24, 0.048737682632949954)
6 (22, 0.038615780810407487)
7 (21, 0.026828855167148006)
8 (12, 0.026659040105972767)
9 (1, 0.020217904013720592)
10 (11, 0.01860156380277737)
11 (13, 0.018171998412432163)
12 (5, 0.015355207621810163)
13 (29, 0.013936407841778664)
14 (32, 0.013110988548710402)
15 (31, 0.012224954113440373)
16 (28, 0.01200438743710706)
17 (26, 0.011266832547587721)
18 (3, 0.010837273400112115)
19 (9, 0.01065671623895106)
20 (18, 0.010152414172861023)
21 (6, 0.008981924653666899)
22 (2, 0.008640740196730261)
23 (10, 0.008597814178040852)
24 (33, 0.00829180741961593)
25 (30, 0.007345769961941318)
26 (4, 0.007286582257693346)
27 (20, 0.006655178034934784)
28 (14, 0.006640949724849499)
29 (8, 0.0063296784561744064)
30 (16, 0.006141295784817512)
31 (19, 0.006138155773404978)
32 (27, 0.006058145626552666)
33 (7, 0.0057923671215611245)
34 (17, 0.0057923671215611245)
4
orders
1 (25, 0.20694923015742128)
2 (5, 0.160215331944719)
3 (15, 0.11860338432114295)
4 (12, 0.0838426691618325)
5 (14, 0.05392449078477195)
6 (26, 0.05316255287608353)
7 (1, 0.03166421347030106)
8 (6, 0.020068483814703532)
9 (32, 0.01890463255182321)
10 (28, 0.017022834701478588)
11 (21, 0.016642934976985314)
12 (23, 0.016373352353346533)
13 (8, 0.014278388519128797)
14 (31, 0.013014491008252206)
15 (3, 0.012693606106178295)
16 (33, 0.012451082274344187)
17 (18, 0.011912773064648441)
18 (11, 0.011488052386733994)
19 (10, 0.010083748113548249)
20 (2, 0.009281875569585755)
21 (24, 0.00900505359307243)
22 (4, 0.00874942450170523)
23 (29, 0.008344351574580808)
24 (30, 0.008325309584050634)
25 (20, 0.007890288372779665)
26 (13, 0.0077978949271307815)
27 (9, 0.007733853684461222)
28 (0, 0.007609030588457536)
29 (16, 0.007163225776233716)
30 (27, 0.007131695716339198)
31 (19, 0.007050653258677489)
32 (7, 0.006873696755160611)
33 (17, 0.006873696755160611)
34 (22, 0.006873696755160611)
5
orders
1 (14, 0.12266987607424644)
2 (31, 0.10840018529173344)
3 (25, 0.10667465787604316)
4 (5, 0.10323028970312258)
5 (9, 0.09678477420902216)
6 (0, 0.091864709488889)
7 (26, 0.09050047757326246)
8 (15, 0.08961682702732748)
9 (1, 0.01367509792905964)
10 (6, 0.012218527023616874)
11 (28, 0.011666019936341473)
12 (23, 0.010585807246384922)
13 (18, 0.010281033064448272)
14 (3, 0.009989656651239295)
15 (32, 0.009483801989408253)
16 (12, 0.008664061503364935)
17 (21, 0.006983628545242918)
18 (33, 0.006700240173400846)
19 (2, 0.006623070639197058)
20 (10, 0.0066226979552757494)
21 (11, 0.006541368976725083)
22 (24, 0.006298286522618596)
23 (29, 0.0061848766256600895)
24 (16, 0.005604359743602639)
25 (30, 0.005538297363102883)
26 (20, 0.005377612354914843)
27 (13, 0.005357125236710178)
28 (8, 0.0053562797174914675)
29 (19, 0.005250909612167778)
30 (4, 0.005166767509216736)
31 (27, 0.0051492656950453556)
32 (7, 0.004979803580705805)
33 (17, 0.004979803580705805)
34 (22, 0.004979803580705805)
6
orders
1 (25, 0.22828587085502616)
2 (15, 0.1270026626669213)
3 (5, 0.09010186207566886)
4 (0, 0.08238842811604058)
5 (24, 0.06382694786837981)
6 (14, 0.061662551362980204)
7 (23, 0.048918155933031435)
8 (12, 0.04174938477367609)
9 (4, 0.02692950973750842)
10 (3, 0.023054379036266878)
11 (1, 0.01853768576995933)
12 (32, 0.012524997660338379)
13 (28, 0.012498515537295713)
14 (29, 0.012066456315739743)
15 (13, 0.01185322664530914)
16 (21, 0.01147483340577549)
17 (8, 0.00990427788245647)
18 (33, 0.009678855362968386)
19 (6, 0.009134132910026465)
20 (18, 0.00863154015271617)
21 (31, 0.008601317178690728)
22 (26, 0.008324331222853613)
23 (2, 0.007566169517654453)
24 (10, 0.0074203841850597274)
25 (11, 0.007325153471863176)
26 (30, 0.006500621806093142)
27 (20, 0.005989466040824381)
28 (9, 0.005830355217663075)
29 (27, 0.00547461126003326)
30 (16, 0.005455536640551481)
31 (7, 0.005321944847657)
32 (17, 0.005321944847657)
33 (19, 0.005321944847657)
34 (22, 0.005321944847657)
7
orders
1 (18, 0.07506189678382134)
2 (31, 0.07224166814148104)
3 (19, 0.07180033581234918)
4 (5, 0.07127931162999372)
5 (14, 0.07068259868935554)
6 (0, 0.07047584515805312)
7 (25, 0.07040466920731837)
8 (11, 0.06493493646655285)
9 (15, 0.06014944493398598)
10 (1, 0.05154458430007774)
11 (21, 0.04633791053045227)
12 (13, 0.04222084899203391)
13 (32, 0.037625927205840945)
14 (3, 0.0358535795132103)
15 (28, 0.024494086171376075)
16 (29, 0.02319049161244016)
17 (23, 0.010850686519039301)
18 (12, 0.009941856546043727)
19 (8, 0.009448723087930724)
20 (6, 0.006972457697591117)
21 (26, 0.006864457187159166)
22 (24, 0.006127289607426955)
23 (33, 0.006125737249306511)
24 (2, 0.006061436644165354)
25 (4, 0.005475979855057803)
26 (10, 0.005379916410459184)
27 (9, 0.005117674755243364)
28 (16, 0.005087251535423229)
29 (30, 0.0049656305935475535)
30 (20, 0.004820526794128128)
31 (27, 0.0046847854379388106)
32 (7, 0.0045924849770655)
33 (17, 0.0045924849770655)
34 (22, 0.0045924849770655)
8
orders
1 (15, 0.03824410790430825)
2 (0, 0.0305973648375428)
3 (1, 0.0305973648375428)
4 (2, 0.0305973648375428)
5 (3, 0.0305973648375428)
6 (4, 0.0305973648375428)
7 (6, 0.0305973648375428)
8 (7, 0.0305973648375428)
9 (8, 0.0305973648375428)
10 (9, 0.0305973648375428)
11 (10, 0.0305973648375428)
12 (11, 0.0305973648375428)
13 (12, 0.0305973648375428)
14 (13, 0.0305973648375428)
15 (14, 0.0305973648375428)
16 (16, 0.0305973648375428)
17 (17, 0.0305973648375428)
18 (18, 0.0305973648375428)
19 (19, 0.0305973648375428)
20 (20, 0.0305973648375428)
21 (21, 0.0305973648375428)
22 (22, 0.0305973648375428)
23 (23, 0.0305973648375428)
24 (24, 0.0305973648375428)
25 (26, 0.0305973648375428)
26 (27, 0.0305973648375428)
27 (28, 0.0305973648375428)
28 (29, 0.0305973648375428)
29 (30, 0.0305973648375428)
30 (31, 0.0305973648375428)
31 (32, 0.0305973648375428)
32 (33, 0.0305973648375428)
33 (25, 0.008647977406233404)
34 (5, 0.004589604725631421)
9
orders
1 (15, 0.3061358724836707)
2 (0, 0.05703468512441665)
3 (5, 0.04424663216175064)
4 (25, 0.042947813248815116)
5 (28, 0.04230642701595272)
6 (21, 0.0422857066675006)
7 (13, 0.037957440513471684)
8 (1, 0.03686538557922748)
9 (2, 0.035539366085932056)
10 (11, 0.030949162524965438)
11 (14, 0.030597527586272155)
12 (12, 0.02793914798255528)
13 (32, 0.027215823546227213)
14 (29, 0.026433741276763307)
15 (22, 0.021691206924875268)
16 (3, 0.018087895638856013)
17 (23, 0.017759685525422335)
18 (26, 0.014510937930810583)
19 (33, 0.013212214597153776)
20 (4, 0.013167544184165866)
21 (24, 0.012281701353759654)
22 (19, 0.01170988955249152)
23 (9, 0.011086790421167227)
24 (6, 0.010783484943347181)
25 (31, 0.01016673852958242)
26 (10, 0.007430252422478201)
27 (8, 0.006631535065403314)
28 (30, 0.006613936137475318)
29 (18, 0.0063443387555056855)
30 (20, 0.006297665406111752)
31 (27, 0.006035490109758038)
32 (16, 0.0060041985360937584)
33 (7, 0.005864881084010455)
34 (17, 0.005864881084010455)
10
orders
1 (25, 0.2937001885412858)
2 (2, 0.0816204258764422)
3 (15, 0.07193969864054983)
4 (29, 0.05054857168051205)
5 (31, 0.048670925718248534)
6 (1, 0.046963877000758165)
7 (28, 0.045683792908960845)
8 (22, 0.04566609425200234)
9 (5, 0.03389383552804016)
10 (32, 0.02642529228500394)
11 (33, 0.025456199162510858)
12 (16, 0.022758398703330893)
13 (0, 0.020026527960181176)
14 (12, 0.016674082862883285)
15 (13, 0.014779697313129898)
16 (23, 0.012234091093534858)
17 (18, 0.011332332521376455)
18 (3, 0.010878618972599863)
19 (26, 0.01034131195588331)
20 (6, 0.00933463087153939)
21 (21, 0.00922839665206689)
22 (10, 0.008935768966910125)
23 (30, 0.007532671996271332)
24 (11, 0.007405173842518302)
25 (24, 0.007350514317330979)
26 (14, 0.007216934575528911)
27 (4, 0.007076727002981117)
28 (9, 0.006985264209415854)
29 (20, 0.006964421644079437)
30 (8, 0.006941633067468484)
31 (27, 0.00655041551839586)
32 (7, 0.006294494786086264)
33 (17, 0.006294494786086264)
34 (19, 0.006294494786086264)
-----one service finish-----
4
1
carts
1 (6, 0.19065222660928088)
2 (32, 0.1360087891119231)
3 (31, 0.09537676308517616)
4 (27, 0.06758924614111916)
5 (29, 0.06405053841667924)
6 (18, 0.06299548487743505)
7 (28, 0.051184599861735874)
8 (1, 0.039410531291191424)
9 (24, 0.02723043368734924)
10 (19, 0.02465869444947383)
11 (11, 0.021196752803709872)
12 (33, 0.018517599288620852)
13 (3, 0.01790601346351054)
14 (8, 0.016364552327622177)
15 (13, 0.015506958948001769)
16 (14, 0.015471248631927177)
17 (25, 0.013168442364763193)
18 (0, 0.011397173462130485)
19 (26, 0.010549653195899612)
20 (4, 0.009526860898589711)
21 (9, 0.00799800589329627)
22 (20, 0.007876146181873295)
23 (12, 0.007723710344185427)
24 (2, 0.007670094748658849)
25 (21, 0.007502505050908574)
26 (15, 0.007241028996364573)
27 (23, 0.0059339938672657985)
28 (30, 0.0058620632365766695)
29 (22, 0.005796185669045437)
30 (5, 0.005595256402113417)
31 (7, 0.005509611673393111)
32 (10, 0.005509611673393111)
33 (16, 0.005509611673393111)
34 (17, 0.005509611673393111)
2
carts
1 (1, 0.08957668876761272)
2 (31, 0.07909028512778242)
3 (32, 0.07692394384422321)
4 (27, 0.06598515089231176)
5 (6, 0.05524202613064669)
6 (24, 0.054452715061773675)
7 (18, 0.048383631348385976)
8 (19, 0.048081394808045255)
9 (3, 0.046555833693510865)
10 (28, 0.04277137946936464)
11 (21, 0.04146891952561917)
12 (29, 0.04087378163283208)
13 (4, 0.03824918497495252)
14 (33, 0.03776420656408947)
15 (12, 0.03756353549881945)
16 (13, 0.03472800197346877)
17 (25, 0.03288791397291847)
18 (20, 0.017388679901529407)
19 (26, 0.016360433048490754)
20 (14, 0.013403120326616055)
21 (8, 0.010659737907538458)
22 (2, 0.007648101133424658)
23 (0, 0.007477276169749056)
24 (23, 0.006028608384052551)
25 (9, 0.005665591447883636)
26 (15, 0.005367149105324098)
27 (30, 0.0052262425834953665)
28 (10, 0.005125257549828084)
29 (22, 0.005104713159692264)
30 (5, 0.004860140696423283)
31 (17, 0.004840808170230947)
32 (11, 0.004827966904378773)
33 (7, 0.004708790112492691)
34 (16, 0.004708790112492691)
3
carts
1 (27, 0.13872405851902275)
2 (24, 0.10235158186626916)
3 (25, 0.09051885047159815)
4 (1, 0.07983671049838144)
5 (18, 0.07430407152343706)
6 (19, 0.07140608004448501)
7 (6, 0.06878828526941395)
8 (32, 0.06477011606918476)
9 (31, 0.059255707122602364)
10 (11, 0.03268617670999424)
11 (26, 0.02434771726509514)
12 (29, 0.019548016177796036)
13 (20, 0.018323985735773273)
14 (0, 0.015618370473105367)
15 (28, 0.014914438237146842)
16 (8, 0.011077237520669152)
17 (13, 0.011055734700986692)
18 (3, 0.009429372495006416)
19 (14, 0.008838623264128839)
20 (21, 0.008067783163484102)
21 (2, 0.0074256752645550945)
22 (33, 0.00610363108822148)
23 (23, 0.005839340087700763)
24 (12, 0.005824005525700032)
25 (9, 0.005819068574743481)
26 (15, 0.005408425452508971)
27 (30, 0.005288398525178081)
28 (22, 0.0052101763032252795)
29 (5, 0.00494626998623484)
30 (17, 0.00493296080925935)
31 (4, 0.004834782813772995)
32 (7, 0.004834782813772995)
33 (10, 0.004834782813772995)
34 (16, 0.004834782813772995)
4
carts
1 (31, 0.07192286029347317)
2 (1, 0.06944388276652895)
3 (25, 0.06742635176276647)
4 (27, 0.06515029969589077)
5 (24, 0.06510116228271558)
6 (19, 0.06503995642891101)
7 (33, 0.06393827289278936)
8 (11, 0.06356763512044307)
9 (18, 0.06277475501313973)
10 (32, 0.060015358312908516)
11 (3, 0.03869629581846519)
12 (28, 0.03763632000860066)
13 (12, 0.03580964418478241)
14 (13, 0.03412944257982634)
15 (6, 0.033761460036931194)
16 (29, 0.03130582790443418)
17 (0, 0.015993096575788224)
18 (20, 0.011387900006052878)
19 (21, 0.011256190510185138)
20 (10, 0.01069274849461198)
21 (14, 0.010617552074485776)
22 (8, 0.010018474307568312)
23 (4, 0.007699990019725664)
24 (26, 0.007288817407423186)
25 (2, 0.006460568041771513)
26 (9, 0.00543042036006299)
27 (23, 0.004996684713102869)
28 (15, 0.004948807878958808)
29 (22, 0.004748807278451361)
30 (30, 0.004741845066991535)
31 (5, 0.004566009163410987)
32 (17, 0.004538735914629986)
33 (7, 0.004446913542086051)
34 (16, 0.004446913542086051)
5
carts
1 (18, 0.08572393299699639)
2 (28, 0.08303667596698762)
3 (31, 0.08202361975517085)
4 (27, 0.07974630186690754)
5 (19, 0.0793657613956241)
6 (32, 0.07804725437326597)
7 (1, 0.07763043598452518)
8 (25, 0.07650963016213116)
9 (29, 0.07625022242529972)
10 (24, 0.07412564677391799)
11 (6, 0.04410682476246644)
12 (0, 0.014378010814225486)
13 (3, 0.014127552892971608)
14 (26, 0.010560749148699469)
15 (33, 0.00997939789079283)
16 (13, 0.009660254687052396)
17 (9, 0.009387328483656402)
18 (20, 0.009105524694341177)
19 (14, 0.008836998267107822)
20 (4, 0.007081258804716777)
21 (11, 0.006632826192150068)
22 (21, 0.00609967040161203)
23 (2, 0.005683199247077817)
24 (8, 0.005496890254918567)
25 (12, 0.005256394649464828)
26 (15, 0.004982435441286363)
27 (23, 0.004746461446809541)
28 (22, 0.004623105409096861)
29 (30, 0.004594991764909089)
30 (5, 0.004487953238349938)
31 (10, 0.00447739568982081)
32 (7, 0.004411764705882353)
33 (16, 0.004411764705882353)
34 (17, 0.004411764705882353)
6
carts
1 (1, 0.13999211673646297)
2 (6, 0.10474594199180133)
3 (32, 0.10065086484588975)
4 (31, 0.08882152850799092)
5 (27, 0.060845997760354924)
6 (11, 0.04890051954194376)
7 (24, 0.045374774284677816)
8 (28, 0.04467135667771338)
9 (13, 0.0402158081277545)
10 (12, 0.03628162280446123)
11 (29, 0.035354190761679616)
12 (18, 0.027141018739170995)
13 (25, 0.02540716569000156)
14 (19, 0.024136646142982502)
15 (3, 0.020745515323645956)
16 (0, 0.017536260430343304)
17 (20, 0.01706094487122147)
18 (4, 0.011665983992270984)
19 (8, 0.010954232272378106)
20 (21, 0.010670194734118415)
21 (14, 0.010585409961368798)
22 (33, 0.009093241159693314)
23 (10, 0.008079430054227373)
24 (26, 0.007666007671121006)
25 (2, 0.0065997060327656005)
26 (15, 0.005769899770218273)
27 (9, 0.005736092337101965)
28 (23, 0.005349811702352142)
29 (22, 0.005151404544433865)
30 (30, 0.005098637617641436)
31 (5, 0.004997654797864444)
32 (17, 0.004962821762670028)
33 (7, 0.004868599175839201)
34 (16, 0.004868599175839201)
7
carts
1 (22, 0.06811324045416374)
2 (23, 0.038406224983385216)
3 (2, 0.035557370257357064)
4 (1, 0.03353188926379731)
5 (3, 0.03353188926379731)
6 (4, 0.03353188926379731)
7 (5, 0.03353188926379731)
8 (6, 0.03353188926379731)
9 (8, 0.03353188926379731)
10 (9, 0.03353188926379731)
11 (11, 0.03353188926379731)
12 (12, 0.03353188926379731)
13 (13, 0.03353188926379731)
14 (15, 0.03353188926379731)
15 (16, 0.03353188926379731)
16 (18, 0.03353188926379731)
17 (19, 0.03353188926379731)
18 (24, 0.03353188926379731)
19 (25, 0.03353188926379731)
20 (27, 0.03353188926379731)
21 (28, 0.03353188926379731)
22 (29, 0.03353188926379731)
23 (31, 0.03353188926379731)
24 (32, 0.03353188926379731)
25 (33, 0.03353188926379731)
26 (21, 0.03275828031064811)
27 (30, 0.0236141570628449)
28 (26, 0.019199010420505105)
29 (14, 0.014626900040119113)
30 (20, 0.009904119109157502)
31 (0, 0.005029783389569597)
32 (7, 0.005029783389569597)
33 (10, 0.005029783389569597)
34 (17, 0.005029783389569597)
8
carts
1 (2, 0.06431458011493967)
2 (30, 0.0632714406745713)
3 (28, 0.05414737814085892)
4 (22, 0.0480707623515656)
5 (3, 0.03698467580039927)
6 (4, 0.03698467580039927)
7 (6, 0.03698467580039927)
8 (8, 0.03698467580039927)
9 (9, 0.03698467580039927)
10 (11, 0.03698467580039927)
11 (12, 0.03698467580039927)
12 (13, 0.03698467580039927)
13 (18, 0.03698467580039927)
14 (19, 0.03698467580039927)
15 (24, 0.03698467580039927)
16 (25, 0.03698467580039927)
17 (27, 0.03698467580039927)
18 (29, 0.03698467580039927)
19 (31, 0.03698467580039927)
20 (32, 0.03698467580039927)
21 (33, 0.03698467580039927)
22 (26, 0.02459072288652884)
23 (14, 0.017815430098399487)
24 (1, 0.016056061291026217)
25 (23, 0.015861322724488525)
26 (21, 0.012538130436029752)
27 (20, 0.011477339050824523)
28 (15, 0.009831135403620258)
29 (0, 0.005547701370059891)
30 (5, 0.005547701370059891)
31 (7, 0.005547701370059891)
32 (10, 0.005547701370059891)
33 (16, 0.005547701370059891)
34 (17, 0.005547701370059891)
9
carts
1 (11, 0.11563858789378544)
2 (25, 0.11036660624211064)
3 (29, 0.07798336604648924)
4 (28, 0.07020872804605609)
5 (21, 0.06228377291325786)
6 (20, 0.05173767901533706)
7 (31, 0.05034180001464529)
8 (24, 0.04587454147614211)
9 (13, 0.0417260595223447)
10 (32, 0.036621717253457337)
11 (6, 0.03604100583949969)
12 (33, 0.032296693916464204)
13 (4, 0.03165446278539781)
14 (0, 0.02954666037313055)
15 (27, 0.025992815512773482)
16 (19, 0.025374365524522206)
17 (14, 0.0187300964938655)
18 (18, 0.01865065101885906)
19 (26, 0.013817170224010628)
20 (1, 0.012281199968719871)
21 (8, 0.011632339216400433)
22 (2, 0.010891838985465021)
23 (30, 0.007467391130597015)
24 (22, 0.006373184659638043)
25 (23, 0.006250897464249743)
26 (15, 0.006065455556458469)
27 (5, 0.0057450959278843245)
28 (17, 0.005691952921917614)
29 (9, 0.005683109676895836)
30 (3, 0.005406150875924954)
31 (7, 0.005406150875924954)
32 (10, 0.005406150875924954)
33 (12, 0.005406150875924954)
34 (16, 0.005406150875924954)
10
carts
1 (25, 0.10964716983866003)
2 (12, 0.0678245130200791)
3 (31, 0.06370668581146278)
4 (2, 0.06305250433326529)
5 (13, 0.06058511751566836)
6 (32, 0.05429931382233847)
7 (24, 0.04689897237657816)
8 (3, 0.04213501153620319)
9 (27, 0.037037860394097524)
10 (22, 0.036848574402648646)
11 (29, 0.036776548870131265)
12 (4, 0.03619943087414022)
13 (1, 0.035780269275857875)
14 (11, 0.035780269275857875)
15 (33, 0.035780269275857875)
16 (26, 0.0340615195537764)
17 (20, 0.027091650183735414)
18 (23, 0.023498804320571276)
19 (6, 0.02349850061665131)
20 (14, 0.017884142884678367)
21 (15, 0.017780780077309905)
22 (21, 0.012130346763714984)
23 (18, 0.011272831561505287)
24 (8, 0.010862647727590177)
25 (0, 0.008081126718767508)
26 (30, 0.006980279221115501)
27 (28, 0.005828083027906391)
28 (19, 0.005768138084273797)
29 (5, 0.005743301523762406)
30 (17, 0.005697175546280038)
31 (7, 0.005367040391378682)
32 (9, 0.005367040391378682)
33 (10, 0.005367040391378682)
34 (16, 0.005367040391378682)
-----one service finish-----
5
1
payment
1 (16, 0.12691900696283573)
2 (26, 0.10995602834617568)
3 (12, 0.0993924640324818)
4 (15, 0.07948043369134707)
5 (0, 0.061557724111168145)
6 (8, 0.05180411557831672)
7 (32, 0.049221702839792825)
8 (20, 0.04371818548548454)
9 (25, 0.04371818548548454)
10 (29, 0.04371818548548454)
11 (11, 0.040475399122374765)
12 (1, 0.03744658140982966)
13 (27, 0.030706744312705855)
14 (10, 0.01580759510226937)
15 (9, 0.012829213830496277)
16 (33, 0.012766232911849359)
17 (3, 0.012742373169687514)
18 (13, 0.01188859128712932)
19 (31, 0.011625269135142622)
20 (22, 0.010057554033659016)
21 (21, 0.00793206469734086)
22 (17, 0.0074910525543123415)
23 (28, 0.0070076023514084665)
24 (7, 0.006733620796237752)
25 (6, 0.006456040262731079)
26 (18, 0.006449477242049894)
27 (34, 0.006400472637319225)
28 (4, 0.006379172644564)
29 (2, 0.005616987211474449)
30 (5, 0.005616987211474449)
31 (14, 0.005616987211474449)
32 (19, 0.005616987211474449)
33 (23, 0.005616987211474449)
34 (24, 0.005616987211474449)
35 (30, 0.005616987211474449)
2
payment
1 (29, 0.1469202390871735)
2 (0, 0.1128482617446989)
3 (16, 0.08998304973569868)
4 (15, 0.08105096469829458)
5 (12, 0.07002360888729045)
6 (8, 0.05166205359693904)
7 (30, 0.04301362147376189)
8 (24, 0.042708294734094224)
9 (26, 0.04255705145589781)
10 (32, 0.03888831964353764)
11 (1, 0.03731264975221334)
12 (27, 0.030831909307618883)
13 (19, 0.02586287484338754)
14 (3, 0.015228606141396109)
15 (20, 0.01484957049603629)
16 (33, 0.014038948224557079)
17 (9, 0.01285208384773747)
18 (13, 0.011804298082796672)
19 (28, 0.009191099463198822)
20 (10, 0.008508728282810196)
21 (31, 0.008456032484372517)
22 (21, 0.00828101219319247)
23 (34, 0.007600166222867276)
24 (4, 0.0074241342307708414)
25 (11, 0.007115036361086515)
26 (5, 0.0066204766319898885)
27 (17, 0.006469401815816652)
28 (6, 0.006309692520697052)
29 (25, 0.0063026018529356255)
30 (22, 0.0062937960428762615)
31 (7, 0.006101278346994143)
32 (18, 0.006099445408765674)
33 (2, 0.005596897462832001)
34 (14, 0.005596897462832001)
35 (23, 0.005596897462832001)
3
payment
1 (32, 0.0877696650583156)
2 (12, 0.07768484834896222)
3 (26, 0.07469182732908711)
4 (8, 0.07091808544799266)
5 (16, 0.060638551033657784)
6 (3, 0.05048656787801865)
7 (20, 0.05048656787801865)
8 (24, 0.05048656787801865)
9 (29, 0.05048656787801865)
10 (33, 0.05048656787801865)
11 (22, 0.046961698454767505)
12 (15, 0.04270379071710614)
13 (1, 0.04244650865685699)
14 (6, 0.04244650865685699)
15 (27, 0.027025426767495173)
16 (31, 0.01517520625503106)
17 (0, 0.014695775067992458)
18 (13, 0.014407035519690206)
19 (17, 0.012925603067600277)
20 (21, 0.010064409120877218)
21 (28, 0.009992874811560094)
22 (5, 0.009614656588351376)
23 (10, 0.009186184736262763)
24 (7, 0.008181765687629067)
25 (2, 0.006366976298528548)
26 (4, 0.006366976298528548)
27 (9, 0.006366976298528548)
28 (11, 0.006366976298528548)
29 (14, 0.006366976298528548)
30 (18, 0.006366976298528548)
31 (19, 0.006366976298528548)
32 (23, 0.006366976298528548)
33 (25, 0.006366976298528548)
34 (30, 0.006366976298528548)
35 (34, 0.006366976298528548)
4
payment
1 (12, 0.12435589215606706)
2 (0, 0.09310910470595238)
3 (29, 0.0835455934731883)
4 (15, 0.07835812682003239)
5 (26, 0.07418875424130128)
6 (16, 0.051107767709288925)
7 (27, 0.04867747462520357)
8 (32, 0.042741837413734884)
9 (33, 0.04270609186114517)
10 (8, 0.04244568200442597)
11 (24, 0.042065611726605216)
12 (22, 0.038358046748755356)
13 (1, 0.036211972970087505)
14 (11, 0.03000649018032143)
15 (19, 0.021157857026610334)
16 (21, 0.012822091296480381)
17 (3, 0.012719721449364705)
18 (20, 0.011867714028280088)
19 (10, 0.011341804825950428)
20 (13, 0.01128543470203084)
21 (31, 0.007456927586213315)
22 (17, 0.007288950429462487)
23 (28, 0.006965683250193688)
24 (6, 0.006165607109457487)
25 (4, 0.006162082454984617)
26 (18, 0.006038147535938433)
27 (34, 0.006026896021459893)
28 (7, 0.005960174553936572)
29 (5, 0.005918544333006938)
30 (9, 0.005784937032954817)
31 (2, 0.005431795945513126)
32 (14, 0.005431795945513126)
33 (23, 0.005431795945513126)
34 (25, 0.005431795945513126)
35 (30, 0.005431795945513126)
5
payment
1 (12, 0.0962046797151869)
2 (29, 0.08110402333804394)
3 (26, 0.07730758066026427)
4 (19, 0.06740764900831991)
5 (16, 0.05493177383200958)
6 (32, 0.051814684224516794)
7 (0, 0.05154335883356973)
8 (3, 0.04695393536971183)
9 (8, 0.045937705480062735)
10 (24, 0.045937705480062735)
11 (33, 0.045937705480062735)
12 (22, 0.04431089506464809)
13 (6, 0.040044488836249)
14 (1, 0.03910710043624345)
15 (15, 0.034930906430706114)
16 (27, 0.02953840365753293)
17 (20, 0.013148523889979655)
18 (13, 0.012696670109255804)
19 (31, 0.01157188637518741)
20 (28, 0.010474733702608912)
21 (17, 0.008871938255165105)
22 (11, 0.00757716591106615)
23 (7, 0.007543875445085877)
24 (5, 0.007516075689075238)
25 (10, 0.007087452292286044)
26 (18, 0.006833426592841406)
27 (4, 0.006737135366765418)
28 (2, 0.0058660650654365175)
29 (9, 0.0058660650654365175)
30 (14, 0.0058660650654365175)
31 (21, 0.0058660650654365175)
32 (23, 0.0058660650654365175)
33 (25, 0.0058660650654365175)
34 (30, 0.0058660650654365175)
35 (34, 0.0058660650654365175)
6
payment
1 (0, 0.2589098662665918)
2 (27, 0.11181031552473616)
3 (19, 0.0997601995855433)
4 (12, 0.06966986987551746)
5 (16, 0.061714094812119334)
6 (28, 0.05596862315163376)
7 (32, 0.04275539872619801)
8 (6, 0.03891136369508242)
9 (15, 0.02507077227303493)
10 (29, 0.015603653940604098)
11 (3, 0.013922614352907823)
12 (33, 0.013540146268018471)
13 (21, 0.013234525783739272)
14 (13, 0.012707428441020048)
15 (25, 0.012707428441020048)
16 (26, 0.011581560078432404)
17 (8, 0.010658013787622692)
18 (20, 0.010533824090077942)
19 (10, 0.00951319750831112)
20 (1, 0.009365911259187539)
21 (30, 0.008220923663362715)
22 (11, 0.008153199448247472)
23 (22, 0.007735902882251199)
24 (31, 0.0076609144406504116)
25 (17, 0.007257334360292503)
26 (4, 0.006918094653511152)
27 (7, 0.006829105094677673)
28 (34, 0.006589449703774067)
29 (18, 0.006538689214835905)
30 (5, 0.006370358462388111)
31 (9, 0.006291553108916539)
32 (2, 0.005873916776423425)
33 (14, 0.005873916776423425)
34 (23, 0.005873916776423425)
35 (24, 0.005873916776423425)
7
payment
1 (19, 0.10391485169162822)
2 (12, 0.07035197947159107)
3 (28, 0.06956190480503108)
4 (32, 0.0594999603620131)
5 (20, 0.055660138487257996)
6 (3, 0.047274600575218526)
7 (33, 0.046935345789789945)
8 (13, 0.04595180623971862)
9 (22, 0.04536380564308846)
10 (27, 0.041197383781168787)
11 (11, 0.04002973451031618)
12 (16, 0.03989775907115481)
13 (6, 0.03983411991745217)
14 (0, 0.03957353746682111)
15 (1, 0.03912239477184166)
16 (15, 0.03863230435640428)
17 (29, 0.029170908375363243)
18 (26, 0.016313065184032978)
19 (10, 0.013641969609750339)
20 (8, 0.012697770683653213)
21 (25, 0.012697770683653213)
22 (21, 0.010271808355530486)
23 (17, 0.007694947913850963)
24 (31, 0.007340066205607994)
25 (4, 0.007004191101395702)
26 (34, 0.006712886253546365)
27 (7, 0.0067061149669094666)
28 (2, 0.0058683592157762485)
29 (5, 0.0058683592157762485)
30 (9, 0.0058683592157762485)
31 (14, 0.0058683592157762485)
32 (18, 0.0058683592157762485)
33 (23, 0.0058683592157762485)
34 (24, 0.0058683592157762485)
35 (30, 0.0058683592157762485)
8
payment
1 (28, 0.11271710979416087)
2 (27, 0.06152622017587063)
3 (32, 0.056044406399882646)
4 (20, 0.05528465783874718)
5 (16, 0.054638111551698613)
6 (30, 0.0531027863060696)
7 (22, 0.04990460028211052)
8 (15, 0.04841275153927303)
9 (3, 0.04538757532236509)
10 (9, 0.04538757532236509)
11 (25, 0.04538757532236509)
12 (33, 0.04538757532236508)
13 (1, 0.038700487791766235)
14 (12, 0.038700487791766235)
15 (23, 0.038700487791766235)
16 (26, 0.026894459213667156)
17 (10, 0.024734282104089116)
18 (0, 0.024084154788592764)
19 (19, 0.014378261622862341)
20 (7, 0.012492160699363784)
21 (14, 0.012492160699363784)
22 (29, 0.012492160699363784)
23 (21, 0.011854313120654637)
24 (11, 0.007439833643056226)
25 (2, 0.005805073168764935)
26 (4, 0.005805073168764935)
27 (5, 0.005805073168764935)
28 (6, 0.005805073168764935)
29 (8, 0.005805073168764935)
30 (13, 0.005805073168764935)
31 (17, 0.005805073168764935)
32 (18, 0.005805073168764935)
33 (24, 0.005805073168764935)
34 (31, 0.005805073168764935)
35 (34, 0.005805073168764935)
9
payment
1 (12, 0.12710236307176898)
2 (26, 0.0690758128482346)
3 (32, 0.05493967252948973)
4 (22, 0.04958515794326314)
5 (0, 0.045834121831206526)
6 (3, 0.04446642301030302)
7 (8, 0.04446642301030302)
8 (13, 0.04446642301030302)
9 (19, 0.04446642301030302)
10 (24, 0.04446642301030302)
11 (29, 0.04446642301030302)
12 (33, 0.04446642301030302)
13 (17, 0.042723242511499795)
14 (11, 0.03910697250332463)
15 (6, 0.03878937020206377)
16 (16, 0.03800672542724721)
17 (15, 0.031217272179935206)
18 (27, 0.021683779086379064)
19 (10, 0.01934676145492545)
20 (28, 0.014092830534143456)
21 (31, 0.009345932738410645)
22 (21, 0.008495384134355407)
23 (5, 0.008183171623790555)
24 (7, 0.007490954271996779)
25 (18, 0.006705425894973182)
26 (1, 0.005701008814087081)
27 (2, 0.005701008814087081)
28 (4, 0.005701008814087081)
29 (9, 0.005701008814087081)
30 (14, 0.005701008814087081)
31 (20, 0.005701008814087081)
32 (23, 0.005701008814087081)
33 (25, 0.005701008814087081)
34 (30, 0.005701008814087081)
35 (34, 0.005701008814087081)
10
payment
1 (12, 0.11004564371557757)
2 (26, 0.10788397062086741)
3 (8, 0.0820072052966931)
4 (16, 0.06817548717852405)
5 (0, 0.06341924715757757)
6 (28, 0.05049099559942922)
7 (24, 0.048854435408157676)
8 (29, 0.048854435408157676)
9 (15, 0.04810149894361911)
10 (32, 0.04767668412247099)
11 (6, 0.04220652155354437)
12 (1, 0.04125877538014468)
13 (27, 0.037419934673927686)
14 (20, 0.019261873148587478)
15 (10, 0.014991368555829783)
16 (3, 0.01496988377272243)
17 (33, 0.014863078186381521)
18 (13, 0.0137844763350347)
19 (31, 0.011542312030317123)
20 (22, 0.009545674230502276)
21 (11, 0.009416578990240896)
22 (21, 0.008895052799266917)
23 (17, 0.008051176666706258)
24 (4, 0.0071549855303532335)
25 (18, 0.007069995142600969)
26 (34, 0.007067933376704062)
27 (7, 0.0069072344491101145)
28 (5, 0.006761827577799167)
29 (2, 0.006188816307021701)
30 (9, 0.006188816307021701)
31 (14, 0.006188816307021701)
32 (19, 0.006188816307021701)
33 (23, 0.006188816307021701)
34 (25, 0.006188816307021701)
35 (30, 0.006188816307021701)
-----one service finish-----
6
1
shipping
1 (32, 0.13597209288803544)
2 (20, 0.11151601447264856)
3 (11, 0.08229547079570426)
4 (31, 0.08180396733285679)
5 (26, 0.07501120147026688)
6 (6, 0.06068864604980868)
7 (10, 0.05869083969455568)
8 (27, 0.0508299205281318)
9 (30, 0.04552370476908384)
10 (0, 0.04128220470157297)
11 (25, 0.025017796478407992)
12 (14, 0.01853783413954141)
13 (1, 0.015969156697249513)
14 (21, 0.015455592974508676)
15 (3, 0.014394687570553913)
16 (8, 0.014394687570553913)
17 (12, 0.014394687570553913)
18 (19, 0.014394687570553913)
19 (23, 0.014394687570553913)
20 (5, 0.01285589496832126)
21 (33, 0.008525295063564777)
22 (7, 0.008361851435885312)
23 (16, 0.008158280487541707)
24 (22, 0.007233327274407486)
25 (2, 0.006429746992513747)
26 (4, 0.006429746992513747)
27 (9, 0.006429746992513747)
28 (13, 0.006429746992513747)
29 (15, 0.006429746992513747)
30 (17, 0.006429746992513747)
31 (18, 0.006429746992513747)
32 (24, 0.006429746992513747)
33 (28, 0.006429746992513747)
34 (29, 0.006429746992513747)
2
shipping
1 (27, 0.15429866685422977)
2 (1, 0.11760886711197564)
3 (21, 0.11600149468659472)
4 (32, 0.11056771111378996)
5 (30, 0.0668694395606978)
6 (14, 0.054333339783935605)
7 (11, 0.04958854979910008)
8 (0, 0.04614322731266327)
9 (8, 0.0398253429467249)
10 (19, 0.0398253429467249)
11 (6, 0.034560762978679195)
12 (33, 0.014724258179682601)
13 (3, 0.013487497632731434)
14 (23, 0.010928479042862673)
15 (31, 0.010625101022080091)
16 (12, 0.010448694414847585)
17 (20, 0.00977550650609063)
18 (28, 0.008571434305697075)
19 (10, 0.0071910861430617735)
20 (5, 0.007055885844853241)
21 (4, 0.006776864021488502)
22 (7, 0.006523957729659048)
23 (26, 0.0061637540440967154)
24 (22, 0.005578758799405851)
25 (29, 0.005570152646091271)
26 (25, 0.005482908997820476)
27 (2, 0.00518411444680188)
28 (9, 0.00518411444680188)
29 (13, 0.00518411444680188)
30 (15, 0.00518411444680188)
31 (16, 0.00518411444680188)
32 (17, 0.00518411444680188)
33 (18, 0.00518411444680188)
34 (24, 0.00518411444680188)
3
shipping
1 (32, 0.17034552736027833)
2 (10, 0.1378855433841328)
3 (0, 0.0692405785786721)
4 (31, 0.06130614661904564)
5 (6, 0.059013914293302605)
6 (27, 0.05070934613915362)
7 (21, 0.049781227908427664)
8 (19, 0.04970373797739632)
9 (14, 0.04770381444685202)
10 (30, 0.04647008256088771)
11 (1, 0.042043382723163186)
12 (20, 0.020167902398343762)
13 (11, 0.016131495335941905)
14 (3, 0.013966862662707606)
15 (8, 0.013966862662707606)
16 (12, 0.013966862662707606)
17 (23, 0.013966862662707606)
18 (5, 0.012591474217135303)
19 (33, 0.00884529548812415)
20 (2, 0.008430484886053741)
21 (7, 0.00806354471574769)
22 (26, 0.007449253063678611)
23 (22, 0.007056662629633589)
24 (25, 0.007027722912916769)
25 (16, 0.006878227709398917)
26 (15, 0.0068351247330874125)
27 (4, 0.006306507408474479)
28 (9, 0.006306507408474479)
29 (13, 0.006306507408474479)
30 (17, 0.006306507408474479)
31 (18, 0.006306507408474479)
32 (24, 0.006306507408474479)
33 (28, 0.006306507408474479)
34 (29, 0.006306507408474479)
4
shipping
1 (31, 0.18146481435317216)
2 (10, 0.1171791988036248)
3 (14, 0.10179395095630878)
4 (30, 0.08277041228955725)
5 (32, 0.07678848209785141)
6 (0, 0.05289436037561876)
7 (6, 0.05019727836705632)
8 (12, 0.04347351321024717)
9 (1, 0.037376452111136806)
10 (15, 0.037376452111136806)
11 (11, 0.022251267092613068)
12 (33, 0.01647213675858096)
13 (27, 0.016116226227156458)
14 (3, 0.013683709343150713)
15 (20, 0.013459070940981137)
16 (8, 0.011703528915780888)
17 (19, 0.011703528915780888)
18 (23, 0.011703528915780888)
19 (21, 0.009301198185150782)
20 (28, 0.008209951806453638)
21 (5, 0.007601248589307991)
22 (7, 0.00661744801092719)
23 (4, 0.006289824692111809)
24 (29, 0.006256523321828818)
25 (22, 0.006074869954425989)
26 (25, 0.006002273183300698)
27 (16, 0.005993475754264299)
28 (2, 0.005606467816670522)
29 (9, 0.005606467816670522)
30 (13, 0.005606467816670522)
31 (17, 0.005606467816670522)
32 (18, 0.005606467816670522)
33 (24, 0.005606467816670522)
34 (26, 0.005606467816670522)
5
shipping
1 (10, 0.14507978070675187)
2 (31, 0.08208032664918628)
3 (6, 0.056750523973408885)
4 (11, 0.056750523973408885)
5 (21, 0.051602485767967325)
6 (5, 0.050040107074100094)
7 (12, 0.048157214738416616)
8 (19, 0.048157214738416616)
9 (27, 0.048157214738416616)
10 (32, 0.048157214738416616)
11 (20, 0.04812879576722919)
12 (0, 0.04405095713148085)
13 (1, 0.04090125763804816)
14 (26, 0.04090125763804816)
15 (14, 0.03218292706899195)
16 (30, 0.021984454981067957)
17 (3, 0.013391145746075691)
18 (8, 0.013391145746075691)
19 (23, 0.013391145746075691)
20 (7, 0.00955767550757184)
21 (22, 0.007429177536651106)
22 (2, 0.006135188645707224)
23 (4, 0.006135188645707224)
24 (9, 0.006135188645707224)
25 (13, 0.006135188645707224)
26 (15, 0.006135188645707224)
27 (16, 0.006135188645707224)
28 (17, 0.006135188645707224)
29 (18, 0.006135188645707224)
30 (24, 0.006135188645707224)
31 (25, 0.006135188645707224)
32 (28, 0.006135188645707224)
33 (29, 0.006135188645707224)
34 (33, 0.006135188645707224)
6
shipping
1 (14, 0.20989894830754974)
2 (6, 0.13517654640127322)
3 (0, 0.09484676431940049)
4 (8, 0.08274652110797906)
5 (9, 0.06689153824163871)
6 (32, 0.05328516436882861)
7 (30, 0.04626839535284464)
8 (21, 0.04393249050659219)
9 (11, 0.027840377625074863)
10 (31, 0.023358068048480136)
11 (20, 0.01807615854652528)
12 (33, 0.016827284121165013)
13 (3, 0.014969918879257695)
14 (27, 0.01480027902270654)
15 (12, 0.012696775146669413)
16 (23, 0.012696775146669413)
17 (19, 0.01269677514666941)
18 (10, 0.009717359169578041)
19 (5, 0.008369021581978569)
20 (28, 0.0072532600812888525)
21 (7, 0.007206533460891671)
22 (29, 0.0067692983794128804)
23 (25, 0.006729416799490817)
24 (4, 0.006638835919567655)
25 (22, 0.0064423273418727466)
26 (16, 0.006413348924719034)
27 (1, 0.005931477256484428)
28 (2, 0.005931477256484428)
29 (13, 0.005931477256484428)
30 (15, 0.005931477256484428)
31 (17, 0.005931477256484428)
32 (18, 0.005931477256484428)
33 (24, 0.005931477256484428)
34 (26, 0.005931477256484428)
7
shipping
1 (5, 0.10532186395880501)
2 (0, 0.07585105919819732)
3 (32, 0.072902609284605)
4 (11, 0.0666967309014506)
5 (14, 0.06435090548041111)
6 (30, 0.053174255931254036)
7 (6, 0.05273650811555722)
8 (21, 0.05001881789816509)
9 (19, 0.045323481407010265)
10 (23, 0.045323481407010265)
11 (12, 0.04532348140701026)
12 (20, 0.0433848641799158)
13 (10, 0.042007782289557746)
14 (1, 0.038776285329663845)
15 (26, 0.038776285329663845)
16 (31, 0.027150067438269226)
17 (3, 0.012363638876795993)
18 (8, 0.012363638876795993)
19 (27, 0.012363638876795993)
20 (16, 0.010709848361060622)
21 (22, 0.007878470416042373)
22 (7, 0.007404971442567401)
23 (2, 0.0058164427994495775)
24 (4, 0.0058164427994495775)
25 (9, 0.0058164427994495775)
26 (13, 0.0058164427994495775)
27 (15, 0.0058164427994495775)
28 (17, 0.0058164427994495775)
29 (18, 0.0058164427994495775)
30 (24, 0.0058164427994495775)
31 (25, 0.0058164427994495775)
32 (28, 0.0058164427994495775)
33 (29, 0.0058164427994495775)
34 (33, 0.0058164427994495775)
8
shipping
1 (31, 0.04293791665562703)
2 (1, 0.03115425495834886)
3 (2, 0.03115425495834886)
4 (3, 0.03115425495834886)
5 (4, 0.03115425495834886)
6 (5, 0.03115425495834886)
7 (6, 0.03115425495834886)
8 (7, 0.03115425495834886)
9 (8, 0.03115425495834886)
10 (9, 0.03115425495834886)
11 (10, 0.03115425495834886)
12 (11, 0.03115425495834886)
13 (12, 0.03115425495834886)
14 (13, 0.03115425495834886)
15 (15, 0.03115425495834886)
16 (16, 0.03115425495834886)
17 (17, 0.03115425495834886)
18 (18, 0.03115425495834886)
19 (19, 0.03115425495834886)
20 (20, 0.03115425495834886)
21 (21, 0.03115425495834886)
22 (22, 0.03115425495834886)
23 (23, 0.03115425495834886)
24 (24, 0.03115425495834886)
25 (25, 0.03115425495834886)
26 (26, 0.03115425495834886)
27 (27, 0.03115425495834886)
28 (28, 0.03115425495834886)
29 (29, 0.03115425495834886)
30 (32, 0.03115425495834886)
31 (33, 0.03115425495834886)
32 (14, 0.013088158106402448)
33 (0, 0.00467313824375233)
34 (30, 0.00467313824375233)
9
shipping
1 (31, 0.07699145695688435)
2 (21, 0.05922212035286671)
3 (20, 0.05603755704598404)
4 (10, 0.055748302480448216)
5 (4, 0.04815439290971363)
6 (8, 0.04815439290971363)
7 (13, 0.04815439290971363)
8 (19, 0.04815439290971363)
9 (23, 0.04815439290971363)
10 (27, 0.04815439290971363)
11 (33, 0.04815439290971363)
12 (1, 0.04090203468699739)
13 (6, 0.04090203468699739)
14 (11, 0.04090203468699739)
15 (15, 0.04090203468699739)
16 (17, 0.04090203468699739)
17 (26, 0.04090203468699739)
18 (0, 0.030532901592526984)
19 (25, 0.021960282509146414)
20 (14, 0.020640021648482082)
21 (16, 0.013387663425765847)
22 (7, 0.009363073061320278)
23 (2, 0.00613530520304961)
24 (3, 0.00613530520304961)
25 (5, 0.00613530520304961)
26 (9, 0.00613530520304961)
27 (12, 0.00613530520304961)
28 (18, 0.00613530520304961)
29 (22, 0.00613530520304961)
30 (24, 0.00613530520304961)
31 (28, 0.00613530520304961)
32 (29, 0.00613530520304961)
33 (30, 0.00613530520304961)
34 (32, 0.00613530520304961)
10
shipping
1 (10, 0.18264715177574503)
2 (6, 0.10353538353732072)
3 (32, 0.10306294578368658)
4 (20, 0.07684348370235566)
5 (27, 0.051854146087706075)
6 (19, 0.049192155981427135)
7 (21, 0.04588144471734185)
8 (14, 0.041679039051342216)
9 (1, 0.04166665576559449)
10 (30, 0.04160888638049802)
11 (0, 0.032267528243526564)
12 (33, 0.024596705148928786)
13 (11, 0.019424742848262917)
14 (31, 0.019393554055547157)
15 (3, 0.015972348088054433)
16 (8, 0.01377549858067182)
17 (12, 0.01377549858067182)
18 (24, 0.01377549858067182)
19 (5, 0.009225261306001147)
20 (7, 0.007632399031414803)
21 (28, 0.007388118844119139)
22 (29, 0.007048417774413858)
23 (4, 0.007023710856340492)
24 (25, 0.00684137580958378)
25 (22, 0.00678110018357201)
26 (16, 0.006738200563971256)
27 (26, 0.006618760167356237)
28 (2, 0.006249998364839174)
29 (9, 0.006249998364839174)
30 (13, 0.006249998364839174)
31 (15, 0.006249998364839174)
32 (17, 0.006249998364839174)
33 (18, 0.006249998364839174)
34 (23, 0.006249998364839174)
-----one service finish-----
2023-03-14 09:43:03
