2023-03-14 11:11:07
0
1
front-end
1 (6, 0.13826588891148783)
2 (31, 0.08126069710777789)
3 (26, 0.07958430617164733)
4 (8, 0.053120221986306886)
5 (3, 0.052571812121120776)
6 (27, 0.05163905417195654)
7 (11, 0.04217523235577796)
8 (13, 0.04187239057979936)
9 (12, 0.041841324006037614)
10 (21, 0.04166966576538107)
11 (23, 0.040902718009384394)
12 (24, 0.0402940169195965)
13 (22, 0.03324411508375356)
14 (18, 0.030306829207935693)
15 (25, 0.026481514752477554)
16 (2, 0.025237321628764072)
17 (20, 0.023478144703155464)
18 (19, 0.021392650507823716)
19 (32, 0.020969997852975375)
20 (0, 0.014871795534651936)
21 (30, 0.013562632834665078)
22 (9, 0.009068221032930984)
23 (28, 0.008552053108500815)
24 (14, 0.008109886139790377)
25 (10, 0.007865333046068899)
26 (5, 0.007805239556744012)
27 (29, 0.007095806006515891)
28 (4, 0.00654061820727507)
29 (1, 0.006044102537939474)
30 (7, 0.006044102537939474)
31 (15, 0.006044102537939474)
32 (16, 0.006044102537939474)
33 (17, 0.006044102537939474)
2
front-end
1 (29, 0.07023549939374876)
2 (22, 0.05890531935548509)
3 (31, 0.052160206795533286)
4 (14, 0.045971412194001735)
5 (3, 0.043352035719687695)
6 (23, 0.043352035719687695)
7 (27, 0.043352035719687695)
8 (17, 0.039142642290817986)
9 (6, 0.037448651730351)
10 (8, 0.037448651730351)
11 (9, 0.037448651730351)
12 (11, 0.037448651730351)
13 (13, 0.037448651730351)
14 (15, 0.037448651730351)
15 (18, 0.037448651730351)
16 (19, 0.037448651730351)
17 (21, 0.037448651730351)
18 (24, 0.037448651730351)
19 (26, 0.037448651730351)
20 (30, 0.037448651730351)
21 (25, 0.03718715837226315)
22 (0, 0.028650909779559162)
23 (5, 0.021930494545627958)
24 (32, 0.009957398300037926)
25 (20, 0.009907063217702334)
26 (10, 0.007190883515079071)
27 (1, 0.005617297759552651)
28 (2, 0.005617297759552651)
29 (4, 0.005617297759552651)
30 (7, 0.005617297759552651)
31 (12, 0.005617297759552651)
32 (16, 0.005617297759552651)
33 (28, 0.005617297759552651)
3
front-end
1 (14, 0.07374952605097711)
2 (0, 0.04067074456539121)
3 (32, 0.03721350654410518)
4 (17, 0.0367936516916164)
5 (5, 0.036756879637151345)
6 (31, 0.036624321708676015)
7 (3, 0.03449898490573073)
8 (4, 0.03449898490573073)
9 (6, 0.03449898490573073)
10 (8, 0.03449898490573073)
11 (9, 0.03449898490573073)
12 (11, 0.03449898490573073)
13 (12, 0.03449898490573073)
14 (13, 0.03449898490573073)
15 (15, 0.03449898490573073)
16 (18, 0.03449898490573073)
17 (19, 0.03449898490573073)
18 (21, 0.03449898490573073)
19 (22, 0.03449898490573073)
20 (23, 0.03449898490573073)
21 (24, 0.03449898490573073)
22 (26, 0.03449898490573073)
23 (27, 0.03449898490573073)
24 (28, 0.03449898490573073)
25 (30, 0.03449898490573073)
26 (20, 0.027483871281006905)
27 (25, 0.01916851047277407)
28 (29, 0.010184036160119727)
29 (1, 0.005174847735859611)
30 (2, 0.005174847735859611)
31 (7, 0.005174847735859611)
32 (10, 0.005174847735859611)
33 (16, 0.005174847735859611)
4
front-end
1 (14, 0.07084609193637408)
2 (17, 0.04039445482091049)
3 (31, 0.04039445482091049)
4 (20, 0.03612853638510958)
5 (3, 0.0351854971604339)
6 (4, 0.0351854971604339)
7 (6, 0.0351854971604339)
8 (8, 0.0351854971604339)
9 (9, 0.0351854971604339)
10 (11, 0.0351854971604339)
11 (12, 0.0351854971604339)
12 (13, 0.0351854971604339)
13 (15, 0.0351854971604339)
14 (16, 0.0351854971604339)
15 (18, 0.0351854971604339)
16 (19, 0.0351854971604339)
17 (21, 0.0351854971604339)
18 (22, 0.0351854971604339)
19 (23, 0.0351854971604339)
20 (24, 0.0351854971604339)
21 (26, 0.0351854971604339)
22 (27, 0.0351854971604339)
23 (28, 0.0351854971604339)
24 (30, 0.0351854971604339)
25 (32, 0.0351854971604339)
26 (25, 0.02597833432817466)
27 (0, 0.010486782234541673)
28 (29, 0.010486782234541673)
29 (1, 0.005277824574065086)
30 (2, 0.005277824574065086)
31 (5, 0.005277824574065086)
32 (7, 0.005277824574065086)
33 (10, 0.005277824574065086)
5
front-end
1 (6, 0.17005635093510046)
2 (26, 0.09509875767803704)
3 (31, 0.06447253137250744)
4 (12, 0.06275911686479688)
5 (18, 0.052385436511394295)
6 (23, 0.049532063076216604)
7 (19, 0.04372203618805114)
8 (11, 0.04222335958626057)
9 (21, 0.039764764201890505)
10 (30, 0.035284846808430394)
11 (25, 0.03284421201243945)
12 (22, 0.029918286382452346)
13 (15, 0.02645734167620275)
14 (20, 0.02422099887484452)
15 (3, 0.024127272132012382)
16 (0, 0.022298598954205412)
17 (13, 0.02138956135087129)
18 (27, 0.01903923206672584)
19 (5, 0.01519317305947296)
20 (32, 0.014979680312595202)
21 (4, 0.0148136892474827)
22 (2, 0.014473972275440368)
23 (8, 0.013240905820933867)
24 (17, 0.010605313083861397)
25 (28, 0.008500987194213043)
26 (24, 0.00773679643637722)
27 (14, 0.007269084483417361)
28 (10, 0.007210212310820334)
29 (29, 0.006565111517193487)
30 (9, 0.006542690698307676)
31 (1, 0.005757872295815033)
32 (7, 0.005757872295815033)
33 (16, 0.005757872295815033)
6
front-end
1 (25, 0.07596559400235947)
2 (31, 0.061393881123907625)
3 (3, 0.04741429750571287)
4 (20, 0.04559917621239422)
5 (27, 0.045385782350652444)
6 (22, 0.04144233126148537)
7 (11, 0.040324943340670466)
8 (24, 0.04028241724432267)
9 (23, 0.04023182977005198)
10 (26, 0.039623075347515566)
11 (30, 0.03959939195679782)
12 (6, 0.038989604891535266)
13 (8, 0.038989604891535266)
14 (9, 0.038989604891535266)
15 (12, 0.038989604891535266)
16 (13, 0.038989604891535266)
17 (15, 0.038989604891535266)
18 (18, 0.038989604891535266)
19 (19, 0.038989604891535266)
20 (21, 0.038989604891535266)
21 (14, 0.026522583310994805)
22 (32, 0.017393747974521746)
23 (0, 0.015575305190379956)
24 (29, 0.008362433050429339)
25 (5, 0.00834914163702012)
26 (10, 0.008286244218943514)
27 (2, 0.00823546149298398)
28 (17, 0.008008907169232932)
29 (4, 0.007703248880884629)
30 (1, 0.005848440733730291)
31 (7, 0.005848440733730291)
32 (16, 0.005848440733730291)
33 (28, 0.005848440733730291)
7
front-end
1 (15, 0.07483886823894693)
2 (8, 0.0744238300612288)
3 (9, 0.07151499607090248)
4 (6, 0.06964160284764544)
5 (26, 0.06471502446494318)
6 (18, 0.06468450968805473)
7 (13, 0.0628048391685023)
8 (19, 0.06063254095931946)
9 (23, 0.0552281311199513)
10 (21, 0.05359577299340434)
11 (11, 0.052918800542453154)
12 (24, 0.042691460695280306)
13 (30, 0.03958371539233774)
14 (12, 0.035679790556638044)
15 (28, 0.02670220505864579)
16 (27, 0.02181345788460235)
17 (31, 0.01794693799202139)
18 (3, 0.01371367666884045)
19 (0, 0.010947614942471528)
20 (25, 0.009708184850782035)
21 (4, 0.008974141737327124)
22 (2, 0.00789436127827051)
23 (5, 0.007145846401694909)
24 (32, 0.006644177784614203)
25 (22, 0.005676194641626705)
26 (20, 0.005649480645796724)
27 (14, 0.005452990642320425)
28 (17, 0.005307915894104598)
29 (10, 0.0049622747186124526)
30 (29, 0.004870292422296856)
31 (1, 0.004545454545454545)
32 (7, 0.004545454545454545)
33 (16, 0.004545454545454545)
8
front-end
1 (31, 0.08558291465294979)
2 (2, 0.044346662720476826)
3 (14, 0.04107577657614057)
4 (22, 0.03514742063304987)
5 (3, 0.034282537763815166)
6 (4, 0.034282537763815166)
7 (6, 0.034282537763815166)
8 (8, 0.034282537763815166)
9 (9, 0.034282537763815166)
10 (11, 0.034282537763815166)
11 (12, 0.034282537763815166)
12 (13, 0.034282537763815166)
13 (15, 0.034282537763815166)
14 (17, 0.034282537763815166)
15 (18, 0.034282537763815166)
16 (19, 0.034282537763815166)
17 (21, 0.034282537763815166)
18 (23, 0.034282537763815166)
19 (24, 0.034282537763815166)
20 (26, 0.034282537763815166)
21 (27, 0.034282537763815166)
22 (28, 0.034282537763815166)
23 (30, 0.034282537763815166)
24 (32, 0.0336402856188133)
25 (20, 0.03300167491034442)
26 (25, 0.025905007124606593)
27 (0, 0.012860522668651902)
28 (29, 0.008470985151037813)
29 (5, 0.008031009773151559)
30 (1, 0.005142380664572275)
31 (7, 0.005142380664572275)
32 (10, 0.005142380664572275)
33 (16, 0.005142380664572275)
9
front-end
1 (9, 0.07628013254437944)
2 (8, 0.06940323299281251)
3 (6, 0.06868745027492963)
4 (26, 0.06787554388047098)
5 (18, 0.06620868750597178)
6 (13, 0.06411539657077886)
7 (19, 0.061755345027051316)
8 (12, 0.059402914048625285)
9 (24, 0.05436023563802445)
10 (21, 0.05118901538120209)
11 (11, 0.05046605502389483)
12 (30, 0.04964820787627395)
13 (15, 0.047367920225087734)
14 (23, 0.03495743688777443)
15 (28, 0.028074473750972512)
16 (27, 0.021988870787059366)
17 (31, 0.018464011365118937)
18 (5, 0.013582444982936205)
19 (3, 0.012031892103741913)
20 (0, 0.009659561540484897)
21 (25, 0.008403711522841232)
22 (4, 0.007673403497918349)
23 (2, 0.00627375283198151)
24 (32, 0.00612556927550216)
25 (20, 0.005911250472526411)
26 (14, 0.005796479083836761)
27 (22, 0.005703943236252306)
28 (17, 0.005242913795515625)
29 (29, 0.004886616295023677)
30 (10, 0.004827167944647278)
31 (1, 0.004545454545454547)
32 (7, 0.004545454545454547)
33 (16, 0.004545454545454547)
10
front-end
1 (14, 0.07280488817395558)
2 (17, 0.04081703623480757)
3 (31, 0.03841901992774247)
4 (32, 0.038186715589820834)
5 (3, 0.03558831944507523)
6 (4, 0.03558831944507523)
7 (6, 0.03558831944507523)
8 (8, 0.03558831944507523)
9 (9, 0.03558831944507523)
10 (11, 0.03558831944507523)
11 (12, 0.03558831944507523)
12 (13, 0.03558831944507523)
13 (15, 0.03558831944507523)
14 (16, 0.03558831944507523)
15 (18, 0.03558831944507523)
16 (19, 0.03558831944507523)
17 (21, 0.03558831944507523)
18 (22, 0.03558831944507523)
19 (23, 0.03558831944507523)
20 (24, 0.03558831944507523)
21 (26, 0.03558831944507523)
22 (27, 0.03558831944507523)
23 (28, 0.03558831944507523)
24 (30, 0.03558831944507523)
25 (25, 0.028179511119754946)
26 (20, 0.021800891217939836)
27 (0, 0.010667154625333887)
28 (29, 0.010667154625333887)
29 (1, 0.005338247916761284)
30 (2, 0.005338247916761284)
31 (5, 0.005338247916761284)
32 (7, 0.005338247916761284)
33 (10, 0.005338247916761284)
-----one service finish-----
1
1
user
1 (12, 0.08376507636401194)
2 (20, 0.08159941792120592)
3 (13, 0.08112392968484836)
4 (19, 0.07825555185428057)
5 (14, 0.07781327077544238)
6 (22, 0.07745897923267638)
7 (10, 0.06882594349793363)
8 (9, 0.06602408968749211)
9 (4, 0.06313200844423136)
10 (3, 0.05706477712174728)
11 (24, 0.032196264153279704)
12 (25, 0.02964912945711931)
13 (28, 0.02728853203596818)
14 (1, 0.024868300760086306)
15 (32, 0.01876281704660106)
16 (15, 0.013728389519308312)
17 (5, 0.012803084196404121)
18 (29, 0.011869105471491906)
19 (31, 0.010193531300507682)
20 (0, 0.008743607260928625)
21 (16, 0.00793333436938901)
22 (33, 0.007516698980097423)
23 (27, 0.0067293665754214)
24 (26, 0.006547777923288118)
25 (6, 0.004945246489146462)
26 (7, 0.004887879241201057)
27 (23, 0.004724152183924636)
28 (30, 0.004638356802339088)
29 (21, 0.0046204802515125865)
30 (2, 0.004534139932477031)
31 (8, 0.004521467347991024)
32 (11, 0.004411764705882354)
33 (17, 0.004411764705882354)
34 (18, 0.004411764705882354)
2
user
1 (12, 0.07245821272896814)
2 (28, 0.06279287660664111)
3 (32, 0.06098250342867846)
4 (24, 0.0606462451275668)
5 (3, 0.059497909970654864)
6 (19, 0.058242142372606956)
7 (15, 0.056085660694380646)
8 (31, 0.05596906603801915)
9 (9, 0.05377336910873141)
10 (26, 0.0528429613293894)
11 (27, 0.051807311567372026)
12 (16, 0.04959157055314455)
13 (22, 0.046711765018040016)
14 (5, 0.04512275504949499)
15 (1, 0.04395787658100743)
16 (13, 0.01748531541155755)
17 (29, 0.014370358352200555)
18 (25, 0.01075814425083868)
19 (4, 0.010630301859653822)
20 (33, 0.010616568145429111)
21 (20, 0.009939985171609102)
22 (6, 0.009850370793259384)
23 (30, 0.008314950378434077)
24 (0, 0.007679637253676209)
25 (14, 0.007479690679313786)
26 (10, 0.007294436637661144)
27 (21, 0.007161196610994909)
28 (11, 0.007150675239499409)
29 (7, 0.007060682956968682)
30 (23, 0.006976190968410336)
31 (8, 0.006968224654344)
32 (2, 0.006593681487151116)
33 (17, 0.006593681487151116)
34 (18, 0.006593681487151116)
3
user
1 (12, 0.14052784122889614)
2 (13, 0.07535920955604426)
3 (27, 0.07468526424658968)
4 (3, 0.06870534932700148)
5 (14, 0.061423628547865074)
6 (32, 0.05578539476466962)
7 (22, 0.054965991407288604)
8 (28, 0.053429968389245824)
9 (19, 0.0492753238808169)
10 (31, 0.04864195355089965)
11 (20, 0.03818601121743469)
12 (5, 0.036391377562277345)
13 (15, 0.026259203567573167)
14 (1, 0.025756080857743963)
15 (16, 0.020869719838756563)
16 (0, 0.01794378678517543)
17 (24, 0.017471627657206043)
18 (9, 0.013439996686278917)
19 (29, 0.012190191034909401)
20 (33, 0.011827215916238401)
21 (4, 0.010533694001888888)
22 (26, 0.009517114059129078)
23 (25, 0.008357545014084249)
24 (30, 0.006918438086569251)
25 (10, 0.006310745935809091)
26 (2, 0.006281981447593973)
27 (21, 0.0062772660331655355)
28 (11, 0.006250447614186038)
29 (6, 0.006201182439532331)
30 (7, 0.006171461042487802)
31 (23, 0.006164930272171465)
32 (8, 0.006129160963590982)
33 (17, 0.0058754485334401385)
34 (18, 0.0058754485334401385)
4
user
1 (15, 0.06930875059165613)
2 (26, 0.05694751443804693)
3 (27, 0.047107520773429105)
4 (24, 0.04580794020582555)
5 (31, 0.04353310679272658)
6 (29, 0.04339147641808155)
7 (33, 0.042999307113450624)
8 (12, 0.04023180813717884)
9 (13, 0.03889198456799906)
10 (14, 0.03888674042864656)
11 (16, 0.03883582670137339)
12 (1, 0.03817359056556318)
13 (3, 0.03817359056556318)
14 (4, 0.03817359056556318)
15 (9, 0.03817359056556318)
16 (10, 0.03817359056556318)
17 (19, 0.03817359056556318)
18 (20, 0.03817359056556318)
19 (22, 0.03817359056556318)
20 (28, 0.03817359056556318)
21 (32, 0.03817359056556318)
22 (0, 0.025832502037390986)
23 (6, 0.0149477922930088)
24 (30, 0.007997402243405912)
25 (21, 0.007296390851306578)
26 (5, 0.007097462569336767)
27 (25, 0.006920082704886864)
28 (23, 0.006523523295165392)
29 (7, 0.006419103315813059)
30 (8, 0.00638370452630168)
31 (2, 0.005726038584834478)
32 (11, 0.005726038584834478)
33 (17, 0.005726038584834478)
34 (18, 0.005726038584834478)
5
user
1 (28, 0.14431197741065221)
2 (29, 0.10424563758680407)
3 (22, 0.09055042691576277)
4 (12, 0.09001915529464066)
5 (14, 0.04617890153589702)
6 (13, 0.04346701459635044)
7 (32, 0.0416637216250682)
8 (27, 0.041378572629604815)
9 (20, 0.04039837236797243)
10 (16, 0.03880807089922963)
11 (19, 0.036505903951384394)
12 (31, 0.03511289268242405)
13 (6, 0.034853971184595246)
14 (15, 0.028300017901345266)
15 (0, 0.023554384525880923)
16 (4, 0.020448802254061923)
17 (5, 0.018061992569551228)
18 (3, 0.015112319470637672)
19 (26, 0.01257383400286012)
20 (24, 0.012330341761592067)
21 (10, 0.009800703559499087)
22 (33, 0.006762715728265733)
23 (8, 0.006070285450908501)
24 (21, 0.006014893121153509)
25 (25, 0.005999524901672279)
26 (23, 0.005695931929054651)
27 (30, 0.005530133132227249)
28 (7, 0.005507766785841312)
29 (2, 0.005364170913542318)
30 (1, 0.005294917411795666)
31 (9, 0.005020661474931164)
32 (11, 0.005020661474931164)
33 (17, 0.005020661474931164)
34 (18, 0.005020661474931164)
6
user
1 (26, 0.06812963860958918)
2 (21, 0.04588746554457237)
3 (6, 0.04052662894789096)
4 (30, 0.04052662894789096)
5 (1, 0.03516579235120955)
6 (3, 0.03516579235120955)
7 (4, 0.03516579235120955)
8 (9, 0.03516579235120955)
9 (10, 0.03516579235120955)
10 (12, 0.03516579235120955)
11 (13, 0.03516579235120955)
12 (14, 0.03516579235120955)
13 (16, 0.03516579235120955)
14 (18, 0.03516579235120955)
15 (22, 0.03516579235120955)
16 (23, 0.03516579235120955)
17 (24, 0.03516579235120955)
18 (25, 0.03516579235120955)
19 (27, 0.03516579235120955)
20 (28, 0.03516579235120955)
21 (29, 0.03516579235120955)
22 (31, 0.03516579235120955)
23 (32, 0.03516579235120955)
24 (33, 0.03516579235120955)
25 (15, 0.027160315465752885)
26 (5, 0.021532851445298408)
27 (0, 0.01599654204604425)
28 (2, 0.0052748688526814335)
29 (7, 0.0052748688526814335)
30 (8, 0.0052748688526814335)
31 (11, 0.0052748688526814335)
32 (17, 0.0052748688526814335)
33 (19, 0.0052748688526814335)
34 (20, 0.0052748688526814335)
7
user
1 (15, 0.06788541935332941)
2 (2, 0.04740829625184928)
3 (23, 0.04410693795079768)
4 (6, 0.041578043107813836)
5 (1, 0.03596942571847362)
6 (3, 0.03596942571847362)
7 (4, 0.03596942571847362)
8 (9, 0.03596942571847362)
9 (10, 0.03596942571847362)
10 (12, 0.03596942571847362)
11 (13, 0.03596942571847362)
12 (14, 0.03596942571847362)
13 (16, 0.03596942571847362)
14 (19, 0.03596942571847362)
15 (20, 0.03596942571847362)
16 (22, 0.03596942571847362)
17 (24, 0.03596942571847362)
18 (25, 0.03596942571847362)
19 (27, 0.03596942571847362)
20 (28, 0.03596942571847362)
21 (29, 0.03596942571847362)
22 (31, 0.03596942571847362)
23 (32, 0.03596942571847362)
24 (33, 0.03596942571847362)
25 (26, 0.022385724311101446)
26 (30, 0.011004031247111261)
27 (21, 0.008475136404127412)
28 (0, 0.005395413857771044)
29 (5, 0.005395413857771044)
30 (7, 0.005395413857771044)
31 (8, 0.005395413857771044)
32 (11, 0.005395413857771044)
33 (17, 0.005395413857771044)
34 (18, 0.005395413857771044)
8
user
1 (12, 0.07858079260506973)
2 (19, 0.07549837510780116)
3 (20, 0.07542106706881155)
4 (9, 0.07313012286664829)
5 (32, 0.07073002734643596)
6 (10, 0.0694458250626097)
7 (3, 0.06824990074830906)
8 (16, 0.05696879121558691)
9 (33, 0.049616938162362054)
10 (28, 0.04817011125025221)
11 (4, 0.044123237074269)
12 (1, 0.038476271941301016)
13 (27, 0.035659192294345714)
14 (14, 0.03521348443751762)
15 (13, 0.031828702139321305)
16 (31, 0.01985421579267769)
17 (15, 0.015580203293895522)
18 (26, 0.015056573278724148)
19 (24, 0.01191517250241095)
20 (5, 0.010865466191674764)
21 (29, 0.008235056012185755)
22 (25, 0.006240680373689592)
23 (6, 0.006190578818869219)
24 (0, 0.005754652955518304)
25 (23, 0.005321007709907086)
26 (22, 0.005276501322534588)
27 (30, 0.005268825831010123)
28 (21, 0.005218706154445383)
29 (7, 0.005141650815562076)
30 (2, 0.004937052680047403)
31 (8, 0.004507704236551542)
32 (11, 0.004507704236551542)
33 (17, 0.004507704236551542)
34 (18, 0.004507704236551542)
9
user
1 (15, 0.046841564921805086)
2 (21, 0.037909097699910625)
3 (26, 0.037909097699910625)
4 (30, 0.037909097699910625)
5 (1, 0.033146312832729334)
6 (3, 0.033146312832729334)
7 (4, 0.033146312832729334)
8 (8, 0.033146312832729334)
9 (9, 0.033146312832729334)
10 (10, 0.033146312832729334)
11 (12, 0.033146312832729334)
12 (13, 0.033146312832729334)
13 (14, 0.033146312832729334)
14 (16, 0.033146312832729334)
15 (17, 0.033146312832729334)
16 (18, 0.033146312832729334)
17 (19, 0.033146312832729334)
18 (20, 0.033146312832729334)
19 (22, 0.033146312832729334)
20 (23, 0.033146312832729334)
21 (24, 0.033146312832729334)
22 (25, 0.033146312832729334)
23 (27, 0.033146312832729334)
24 (28, 0.033146312832729334)
25 (29, 0.033146312832729334)
26 (31, 0.033146312832729334)
27 (32, 0.033146312832729334)
28 (33, 0.033146312832729334)
29 (0, 0.014297114501230595)
30 (6, 0.009734731792090692)
31 (2, 0.004971946924909401)
32 (5, 0.004971946924909401)
33 (7, 0.004971946924909401)
34 (11, 0.004971946924909401)
10
user
1 (12, 0.09662514711473616)
2 (5, 0.0687086897563731)
3 (28, 0.06302719744097476)
4 (3, 0.061909838292735754)
5 (31, 0.060854584950862024)
6 (32, 0.05956891340760562)
7 (24, 0.05681264439346206)
8 (26, 0.05157293121948637)
9 (27, 0.050424488564037605)
10 (16, 0.04666685208164909)
11 (4, 0.04617741249724331)
12 (22, 0.04547930307454601)
13 (1, 0.042814346918078804)
14 (13, 0.04082102151161117)
15 (14, 0.027004173130555593)
16 (15, 0.019782918920800942)
17 (29, 0.015917151887678324)
18 (19, 0.015855225913365713)
19 (9, 0.015433434591616967)
20 (33, 0.01219915123228255)
21 (30, 0.009676424846853366)
22 (25, 0.009133340113375812)
23 (0, 0.008508295011483499)
24 (20, 0.007246983124366347)
25 (11, 0.007115544792907543)
26 (21, 0.006958311545215006)
27 (23, 0.00694104290474065)
28 (10, 0.006929581554656219)
29 (7, 0.006867559062476404)
30 (8, 0.006861624333882318)
31 (6, 0.006839409697205244)
32 (2, 0.006422152037711821)
33 (17, 0.006422152037711821)
34 (18, 0.006422152037711821)
-----one service finish-----
2
1
catalogue
1 (5, 0.1648958871755005)
2 (0, 0.0946162884467426)
3 (16, 0.07850689107464003)
4 (33, 0.06773188994152231)
5 (27, 0.06561509426690124)
6 (21, 0.05357939947814004)
7 (24, 0.05074727620800556)
8 (28, 0.047935062323169964)
9 (13, 0.04726331667148244)
10 (31, 0.04385095256645514)
11 (32, 0.04089597546823349)
12 (3, 0.03111685201417419)
13 (1, 0.025674884414574318)
14 (19, 0.014655996827493833)
15 (34, 0.014472748598163724)
16 (22, 0.013823967467882831)
17 (8, 0.013519925918169955)
18 (30, 0.011470966721152229)
19 (11, 0.009998415741691115)
20 (26, 0.009167170169989514)
21 (15, 0.00857697975069612)
22 (10, 0.008049015396967408)
23 (12, 0.007872866173594405)
24 (25, 0.007250275221120397)
25 (4, 0.006841432636927034)
26 (20, 0.006696621972499028)
27 (2, 0.006429639956034723)
28 (29, 0.006364502141461299)
29 (9, 0.006295701101321772)
30 (6, 0.006014000692548826)
31 (7, 0.006014000692548826)
32 (14, 0.006014000692548826)
33 (17, 0.006014000692548826)
34 (18, 0.006014000692548826)
35 (23, 0.006014000692548826)
2
catalogue
1 (5, 0.07698498710426642)
2 (25, 0.06632411611585327)
3 (11, 0.060139164807630596)
4 (21, 0.05879488322498641)
5 (33, 0.051301232042644085)
6 (3, 0.0495401411666953)
7 (8, 0.0495401411666953)
8 (13, 0.0495401411666953)
9 (19, 0.0495401411666953)
10 (28, 0.0495401411666953)
11 (31, 0.047986797746765855)
12 (22, 0.04792415677081496)
13 (27, 0.04453006544670397)
14 (6, 0.04261371392018897)
15 (16, 0.04260740544945826)
16 (32, 0.04175854774368911)
17 (0, 0.019486222994535382)
18 (24, 0.017305653265053064)
19 (30, 0.011953183070929825)
20 (10, 0.01147263920330359)
21 (12, 0.011221833742058394)
22 (26, 0.010280398930618296)
23 (1, 0.008888144730961894)
24 (15, 0.00868902328325783)
25 (7, 0.0079817117490668)
26 (34, 0.007681373369756)
27 (2, 0.006263782161553365)
28 (4, 0.006263782161553365)
29 (9, 0.006263782161553365)
30 (14, 0.006263782161553365)
31 (17, 0.006263782161553365)
32 (18, 0.006263782161553365)
33 (20, 0.006263782161553365)
34 (23, 0.006263782161553365)
35 (29, 0.006263782161553365)
3
catalogue
1 (5, 0.139874936820794)
2 (24, 0.12247370535572019)
3 (25, 0.07606995603619211)
4 (16, 0.07415814942009892)
5 (27, 0.06031622606420436)
6 (19, 0.04403486384230147)
7 (4, 0.04384795058633506)
8 (28, 0.043827332746760594)
9 (13, 0.04339912950864373)
10 (21, 0.04332870284318995)
11 (33, 0.0380036997996212)
12 (31, 0.03786868057608469)
13 (3, 0.0331991507219914)
14 (0, 0.02899850166855144)
15 (34, 0.016888069274263683)
16 (1, 0.01421794217984069)
17 (11, 0.013248616010616082)
18 (8, 0.012051875457622829)
19 (22, 0.010125609497578644)
20 (10, 0.009425697139240559)
21 (30, 0.008603803747692247)
22 (15, 0.008368397300714734)
23 (12, 0.007879131953407947)
24 (26, 0.00671492037719036)
25 (29, 0.005966832513440362)
26 (6, 0.005951442912951409)
27 (2, 0.005951351158370606)
28 (32, 0.005866999473811608)
29 (9, 0.005841586105196687)
30 (7, 0.005582789817928749)
31 (14, 0.005582789817928749)
32 (17, 0.005582789817928749)
33 (18, 0.005582789817928749)
34 (20, 0.005582789817928749)
35 (23, 0.005582789817928749)
4
catalogue
1 (16, 0.11965981176734686)
2 (27, 0.07989219771816684)
3 (5, 0.07519169876807089)
4 (21, 0.05894476478409554)
5 (33, 0.05516915961935877)
6 (22, 0.055015236951625586)
7 (13, 0.05087303071758921)
8 (19, 0.05087303071758921)
9 (28, 0.05087303071758921)
10 (11, 0.04647016199392617)
11 (31, 0.04626329969663067)
12 (24, 0.04539424964130514)
13 (6, 0.043384887552242776)
14 (25, 0.03067184299482781)
15 (0, 0.01785969611532536)
16 (3, 0.015683012821173903)
17 (8, 0.014555486275865143)
18 (30, 0.011557347545800052)
19 (10, 0.010763840539571249)
20 (12, 0.01068366377831894)
21 (1, 0.010524199066862017)
22 (15, 0.010496993271127682)
23 (34, 0.009321849350429824)
24 (7, 0.007582939637024719)
25 (32, 0.007140735990931052)
26 (2, 0.006992219956349545)
27 (4, 0.006889784563716064)
28 (9, 0.006408978430892483)
29 (14, 0.006408978430892483)
30 (17, 0.006408978430892483)
31 (18, 0.006408978430892483)
32 (20, 0.006408978430892483)
33 (23, 0.006408978430892483)
34 (26, 0.006408978430892483)
35 (29, 0.006408978430892483)
5
catalogue
1 (5, 0.09972594609503987)
2 (27, 0.08732039449432087)
3 (21, 0.08238578512434179)
4 (33, 0.07025634413275937)
5 (16, 0.05664560000878433)
6 (22, 0.053573360060898356)
7 (28, 0.05222250375974696)
8 (19, 0.052133678882695066)
9 (13, 0.051644466100904694)
10 (31, 0.04720618693049473)
11 (1, 0.0459680279504853)
12 (6, 0.043667830592971295)
13 (0, 0.03287623013513962)
14 (24, 0.023845790339131052)
15 (3, 0.015645694675621883)
16 (8, 0.014853117292130893)
17 (34, 0.014681769413999212)
18 (12, 0.014450573341398437)
19 (30, 0.014263362341746539)
20 (25, 0.012083280098231133)
21 (11, 0.010745108400360368)
22 (15, 0.010447285405437205)
23 (10, 0.010082236910688437)
24 (26, 0.00950753672083259)
25 (2, 0.007143024916084541)
26 (32, 0.007073879654318231)
27 (29, 0.006941468170124083)
28 (7, 0.006838248325007351)
29 (4, 0.006815723928780571)
30 (9, 0.006492590966254201)
31 (14, 0.006492590966254201)
32 (17, 0.006492590966254201)
33 (18, 0.006492590966254201)
34 (20, 0.006492590966254201)
35 (23, 0.006492590966254201)
6
catalogue
1 (16, 0.15268504033364755)
2 (5, 0.08565694071023358)
3 (24, 0.08413449152279052)
4 (25, 0.06606861539985528)
5 (21, 0.05539366041676684)
6 (34, 0.05104313210512388)
7 (1, 0.04825763295453834)
8 (22, 0.0475417222016664)
9 (13, 0.045835097658605335)
10 (19, 0.045835097658605335)
11 (28, 0.045835097658605335)
12 (31, 0.042619092393350155)
13 (27, 0.029364761761034756)
14 (0, 0.02875167488569192)
15 (11, 0.016649535631341444)
16 (3, 0.01339735658044025)
17 (8, 0.012661164870796974)
18 (30, 0.010844523792777389)
19 (10, 0.010421126046077646)
20 (12, 0.009243612425980534)
21 (15, 0.009133142570066935)
22 (33, 0.008300898400773974)
23 (26, 0.00764684712708277)
24 (32, 0.006561814568084923)
25 (7, 0.006341764908257333)
26 (2, 0.00631441536945653)
27 (6, 0.006294409560245022)
28 (4, 0.006187766456104561)
29 (9, 0.005854223433142652)
30 (14, 0.005854223433142652)
31 (17, 0.005854223433142652)
32 (18, 0.005854223433142652)
33 (20, 0.005854223433142652)
34 (23, 0.005854223433142652)
35 (29, 0.005854223433142652)
7
catalogue
1 (5, 0.12316381382287936)
2 (11, 0.06245789488052627)
3 (21, 0.057699035438377975)
4 (27, 0.053830910739851745)
5 (24, 0.05355026487514368)
6 (33, 0.05292361491349608)
7 (8, 0.05059198847644625)
8 (13, 0.05059198847644625)
9 (19, 0.05059198847644625)
10 (28, 0.05059198847644625)
11 (31, 0.048613019804036706)
12 (0, 0.04840202434080212)
13 (1, 0.044758599571541116)
14 (32, 0.043427560074035226)
15 (16, 0.04319884677906418)
16 (3, 0.014935765439817936)
17 (22, 0.014063166629225273)
18 (12, 0.011153817683352203)
19 (30, 0.010722639574725464)
20 (15, 0.010311146518999531)
21 (10, 0.009024653601622053)
22 (25, 0.00871690793959356)
23 (34, 0.007791261996043122)
24 (7, 0.0075552979265854124)
25 (6, 0.00697089105688259)
26 (2, 0.0069549975572251455)
27 (4, 0.0063784349922653616)
28 (9, 0.0063784349922653616)
29 (14, 0.0063784349922653616)
30 (17, 0.0063784349922653616)
31 (18, 0.0063784349922653616)
32 (20, 0.0063784349922653616)
33 (23, 0.0063784349922653616)
34 (26, 0.0063784349922653616)
35 (29, 0.0063784349922653616)
8
catalogue
1 (24, 0.13204784415129794)
2 (25, 0.08804621523111188)
3 (19, 0.08313311731277512)
4 (20, 0.0830880150310822)
5 (11, 0.07353848300566114)
6 (0, 0.06937732007215792)
7 (1, 0.052741764438284176)
8 (22, 0.048190958836007214)
9 (33, 0.043647972061107196)
10 (16, 0.04008992432201646)
11 (28, 0.03823062876961431)
12 (14, 0.03801512862086348)
13 (6, 0.03381375638881205)
14 (27, 0.0335841619142019)
15 (5, 0.013816986377867276)
16 (3, 0.010256275829027528)
17 (8, 0.010013538183911467)
18 (21, 0.00894186569823409)
19 (10, 0.008199811183609525)
20 (34, 0.007759300013800348)
21 (15, 0.007090430745579362)
22 (31, 0.006763618627930926)
23 (12, 0.00668544791634877)
24 (26, 0.006159312998661148)
25 (30, 0.005932816382005186)
26 (32, 0.005370462973876817)
27 (2, 0.0052439072256714285)
28 (29, 0.005200409242485699)
29 (9, 0.005172164215943954)
30 (4, 0.004974727038342288)
31 (7, 0.004974727038342288)
32 (13, 0.004974727038342288)
33 (17, 0.004974727038342288)
34 (18, 0.004974727038342288)
35 (23, 0.004974727038342288)
9
catalogue
1 (16, 0.14647644129843645)
2 (10, 0.1206215568429052)
3 (21, 0.06549218593304525)
4 (24, 0.05644379567861314)
5 (27, 0.0509408993112648)
6 (5, 0.04919417413190043)
7 (3, 0.0461874221028828)
8 (28, 0.046066090716783636)
9 (19, 0.04598378925252856)
10 (13, 0.045601981531151664)
11 (25, 0.04236584627046883)
12 (31, 0.039540843188430014)
13 (0, 0.03220529760662844)
14 (33, 0.028813892200862574)
15 (1, 0.028049148954600464)
16 (11, 0.016580402561193933)
17 (8, 0.012560955973915995)
18 (34, 0.011602869623956808)
19 (22, 0.011431851668854935)
20 (30, 0.009548209939266533)
21 (15, 0.008352278332953867)
22 (26, 0.007138354262411057)
23 (12, 0.007001301213905736)
24 (2, 0.00630655416866914)
25 (29, 0.006232590232666681)
26 (32, 0.006225050450297851)
27 (6, 0.006155164225807802)
28 (7, 0.006065667813717947)
29 (4, 0.005830769215982764)
30 (9, 0.005830769215982764)
31 (14, 0.005830769215982764)
32 (17, 0.005830769215982764)
33 (18, 0.005830769215982764)
34 (20, 0.005830769215982764)
35 (23, 0.005830769215982764)
10
catalogue
1 (5, 0.11301733768407803)
2 (30, 0.057673264545645475)
3 (24, 0.05196692746164339)
4 (33, 0.049601794499769376)
5 (3, 0.047714238225541945)
6 (8, 0.047714238225541945)
7 (13, 0.047714238225541945)
8 (19, 0.047714238225541945)
9 (28, 0.047714238225541945)
10 (0, 0.045362812248280156)
11 (21, 0.04457431217182418)
12 (27, 0.042574576299176776)
13 (22, 0.0423991660071178)
14 (6, 0.04042279506541805)
15 (10, 0.04042279506541805)
16 (16, 0.04042279506541805)
17 (31, 0.04042279506541805)
18 (11, 0.028582171176963198)
19 (12, 0.0131585034609896)
20 (1, 0.009825338501825187)
21 (25, 0.009599916800675089)
22 (26, 0.008686787243002862)
23 (7, 0.008384014827982763)
24 (34, 0.007633093823704452)
25 (2, 0.006063419259812707)
26 (4, 0.006063419259812707)
27 (9, 0.006063419259812707)
28 (14, 0.006063419259812707)
29 (15, 0.006063419259812707)
30 (17, 0.006063419259812707)
31 (18, 0.006063419259812707)
32 (20, 0.006063419259812707)
33 (23, 0.006063419259812707)
34 (29, 0.006063419259812707)
35 (32, 0.006063419259812707)
-----one service finish-----
3
1
orders
1 (25, 0.07903418094753165)
2 (0, 0.056233535393740645)
3 (2, 0.047026144237882046)
4 (28, 0.04700556453081426)
5 (23, 0.04638980766757927)
6 (12, 0.04567845448785701)
7 (31, 0.04322586603301802)
8 (26, 0.04320900590285512)
9 (1, 0.040090278529239354)
10 (9, 0.03972630416963696)
11 (8, 0.03972422056372139)
12 (3, 0.039063458745242745)
13 (4, 0.039063458745242745)
14 (11, 0.039063458745242745)
15 (18, 0.039063458745242745)
16 (19, 0.039063458745242745)
17 (21, 0.039063458745242745)
18 (22, 0.039063458745242745)
19 (32, 0.039063458745242745)
20 (33, 0.039063458745242745)
21 (15, 0.018836368136425877)
22 (5, 0.015209092744172896)
23 (10, 0.01259441316619497)
24 (30, 0.009283727151539795)
25 (6, 0.007275032998701739)
26 (16, 0.007179960673463391)
27 (20, 0.007141343402674443)
28 (29, 0.007035041640206171)
29 (27, 0.0066028224054252025)
30 (24, 0.006489631262989375)
31 (7, 0.005859518811786413)
32 (13, 0.005859518811786413)
33 (14, 0.005859518811786413)
34 (17, 0.005859518811786413)
2
orders
1 (14, 0.11565835426572602)
2 (0, 0.07782630701813667)
3 (5, 0.07000896663014552)
4 (31, 0.05972612895778651)
5 (28, 0.04880746020750918)
6 (23, 0.04295112684687733)
7 (18, 0.04228998274380234)
8 (3, 0.04165972298943351)
9 (32, 0.04165972298943351)
10 (26, 0.03923356720193241)
11 (25, 0.03800773940669037)
12 (11, 0.03646266053427167)
13 (9, 0.036372413496871495)
14 (8, 0.03636567539990584)
15 (12, 0.0360138208872009)
16 (13, 0.0360138208872009)
17 (21, 0.0360138208872009)
18 (22, 0.0360138208872009)
19 (15, 0.01783844141381371)
20 (6, 0.014596339219132245)
21 (29, 0.01223681335281672)
22 (2, 0.00950707327806447)
23 (1, 0.008195132147164977)
24 (10, 0.008097586506366385)
25 (16, 0.0067436804323845)
26 (20, 0.0065975871404537565)
27 (30, 0.006269079468573371)
28 (24, 0.005827917908448339)
29 (27, 0.005701761293068108)
30 (19, 0.005695183070066868)
31 (4, 0.005402073133080136)
32 (7, 0.005402073133080136)
33 (17, 0.005402073133080136)
34 (33, 0.005402073133080136)
3
orders
1 (5, 0.0769838748241234)
2 (2, 0.06018032300483338)
3 (31, 0.04616399612699275)
4 (26, 0.04472070696891802)
5 (18, 0.04420014158719966)
6 (23, 0.04420014158719966)
7 (28, 0.04420014158719966)
8 (32, 0.04420014158719966)
9 (6, 0.03919505565242309)
10 (1, 0.03795458062744295)
11 (3, 0.03795458062744295)
12 (4, 0.03795458062744295)
13 (8, 0.03795458062744295)
14 (9, 0.03795458062744295)
15 (11, 0.03795458062744295)
16 (12, 0.03795458062744295)
17 (13, 0.03795458062744295)
18 (21, 0.03795458062744295)
19 (22, 0.03795458062744295)
20 (0, 0.035623263915540694)
21 (14, 0.027295427456751887)
22 (25, 0.019691725573169342)
23 (10, 0.014237734753641058)
24 (15, 0.01118797062706589)
25 (20, 0.010668335609923838)
26 (30, 0.00880962410938937)
27 (16, 0.0076274330734265264)
28 (27, 0.007109033115873863)
29 (7, 0.0056931870941164435)
30 (17, 0.0056931870941164435)
31 (19, 0.0056931870941164435)
32 (24, 0.0056931870941164435)
33 (29, 0.0056931870941164435)
34 (33, 0.0056931870941164435)
4
orders
1 (25, 0.05481086674942748)
2 (5, 0.05196569166590476)
3 (10, 0.049120102859820824)
4 (2, 0.04322138322715773)
5 (26, 0.03905849784709568)
6 (6, 0.03757925720914305)
7 (3, 0.036303412789105045)
8 (4, 0.036303412789105045)
9 (8, 0.036303412789105045)
10 (9, 0.036303412789105045)
11 (11, 0.036303412789105045)
12 (12, 0.036303412789105045)
13 (13, 0.036303412789105045)
14 (19, 0.036303412789105045)
15 (21, 0.036303412789105045)
16 (22, 0.036303412789105045)
17 (23, 0.036303412789105045)
18 (24, 0.036303412789105045)
19 (27, 0.036303412789105045)
20 (28, 0.036303412789105045)
21 (29, 0.036303412789105045)
22 (31, 0.036303412789105045)
23 (32, 0.036303412789105045)
24 (33, 0.036303412789105045)
25 (0, 0.011158804339758395)
26 (15, 0.00984937617221894)
27 (16, 0.008697798933619933)
28 (30, 0.008403719281767754)
29 (1, 0.005445511918365758)
30 (7, 0.005445511918365758)
31 (14, 0.005445511918365758)
32 (17, 0.005445511918365758)
33 (18, 0.005445511918365758)
34 (20, 0.005445511918365758)
5
orders
1 (3, 0.13134546583370957)
2 (4, 0.08384582457635571)
3 (1, 0.07527474367142539)
4 (11, 0.06975299609142643)
5 (13, 0.05753358381422197)
6 (5, 0.055171569556188606)
7 (28, 0.054531869474459205)
8 (25, 0.04940863688059718)
9 (26, 0.047737113681308244)
10 (23, 0.04749760623825912)
11 (18, 0.046654344830432085)
12 (12, 0.045507505526931835)
13 (22, 0.04066725377869452)
14 (31, 0.019068708830910493)
15 (32, 0.017098529467956244)
16 (21, 0.01541453475519233)
17 (8, 0.013189309372771584)
18 (0, 0.01241804252372884)
19 (2, 0.010460605585390238)
20 (33, 0.009949816030176096)
21 (29, 0.00962198660657783)
22 (10, 0.008922478059305253)
23 (15, 0.00814291992411921)
24 (30, 0.00744103263625223)
25 (6, 0.007326207564230091)
26 (24, 0.006747915723843449)
27 (19, 0.0066207860783963285)
28 (20, 0.00660785811634585)
29 (16, 0.006223114698829705)
30 (9, 0.006197436509723176)
31 (27, 0.0061275599980482555)
32 (7, 0.0058308811880642955)
33 (14, 0.0058308811880642955)
34 (17, 0.0058308811880642955)
6
orders
1 (23, 0.059860790541204655)
2 (14, 0.04983613739705447)
3 (26, 0.04503409015732287)
4 (2, 0.04234076625468476)
5 (18, 0.0419411436731659)
6 (10, 0.04192110813729966)
7 (6, 0.037425625428628415)
8 (1, 0.036245958365160987)
9 (3, 0.036245958365160987)
10 (4, 0.036245958365160987)
11 (8, 0.036245958365160987)
12 (9, 0.036245958365160987)
13 (11, 0.036245958365160987)
14 (12, 0.036245958365160987)
15 (13, 0.036245958365160987)
16 (21, 0.036245958365160987)
17 (22, 0.036245958365160987)
18 (24, 0.036245958365160987)
19 (28, 0.036245958365160987)
20 (29, 0.036245958365160987)
21 (31, 0.036245958365160987)
22 (32, 0.036245958365160987)
23 (33, 0.036245958365160987)
24 (25, 0.022543593579511762)
25 (15, 0.013531617518287352)
26 (0, 0.012973775336726312)
27 (16, 0.009707584822646694)
28 (20, 0.0074889019129149295)
29 (5, 0.007195055962305751)
30 (30, 0.006516900416574084)
31 (7, 0.0054368937547741485)
32 (17, 0.0054368937547741485)
33 (19, 0.0054368937547741485)
34 (27, 0.0054368937547741485)
7
orders
1 (6, 0.09535330750489533)
2 (0, 0.07072981136498335)
3 (14, 0.0691533025293495)
4 (18, 0.06442292932278108)
5 (19, 0.06352330791743492)
6 (3, 0.04942494080604149)
7 (5, 0.04810258813009421)
8 (1, 0.04753092801057879)
9 (28, 0.047178166475717445)
10 (25, 0.04673155682323584)
11 (11, 0.04165096694332678)
12 (15, 0.04049625782207951)
13 (31, 0.03609669303596008)
14 (26, 0.0341714405271972)
15 (21, 0.03361286130277902)
16 (29, 0.03173272216033225)
17 (8, 0.02781038872165009)
18 (9, 0.024241213424111816)
19 (12, 0.020338431293606723)
20 (13, 0.016187116695982672)
21 (32, 0.012773935076146775)
22 (23, 0.011709046964195545)
23 (33, 0.006943807730243354)
24 (4, 0.006505938523817187)
25 (24, 0.006287769084119193)
26 (2, 0.006054233484866321)
27 (10, 0.005897516537439584)
28 (16, 0.005425447641691389)
29 (30, 0.005374279375894769)
30 (17, 0.005013272217331793)
31 (20, 0.004970777262646974)
32 (7, 0.004851681763156299)
33 (22, 0.004851681763156299)
34 (27, 0.004851681763156299)
8
orders
1 (11, 0.09819408231432727)
2 (12, 0.08960068952157757)
3 (1, 0.08778988141108884)
4 (22, 0.05858084914652883)
5 (21, 0.05037853380730144)
6 (3, 0.04872738812686033)
7 (18, 0.046878034152873234)
8 (31, 0.04572460017807992)
9 (6, 0.04426335141727443)
10 (13, 0.04384170149168192)
11 (26, 0.043533590027129566)
12 (5, 0.041319134592781706)
13 (2, 0.03557026734065773)
14 (8, 0.032870208308350496)
15 (0, 0.02906775176112153)
16 (9, 0.023094957901956682)
17 (14, 0.020264258513195934)
18 (32, 0.018689467747022966)
19 (28, 0.01806539986771293)
20 (23, 0.014508049158250172)
21 (25, 0.011981608656099785)
22 (33, 0.011178434762853365)
23 (29, 0.010316941249059968)
24 (10, 0.008614393640921631)
25 (15, 0.008246421221758636)
26 (4, 0.008141983970102882)
27 (30, 0.0069689648943451156)
28 (20, 0.006559494146138754)
29 (24, 0.006510271357938253)
30 (19, 0.0062918605718773985)
31 (16, 0.0062294629540112206)
32 (27, 0.006170019922809062)
33 (7, 0.005913972933155234)
34 (17, 0.005913972933155234)
9
orders
1 (31, 0.14119489650980818)
2 (6, 0.0835710321347615)
3 (13, 0.06801180824980947)
4 (12, 0.06188260614138966)
5 (3, 0.05861486635649772)
6 (28, 0.05680535578260114)
7 (29, 0.05032999472056575)
8 (25, 0.04642047894575352)
9 (23, 0.04496731157499499)
10 (11, 0.044686031318479175)
11 (19, 0.04147706387517393)
12 (21, 0.039925441381106916)
13 (15, 0.03913113590491091)
14 (26, 0.03726279199935673)
15 (4, 0.02345728538668585)
16 (1, 0.021372558971795644)
17 (14, 0.018277632371722585)
18 (0, 0.013161937598327842)
19 (9, 0.01126203012247128)
20 (32, 0.011111339283530886)
21 (10, 0.0077401853951229406)
22 (2, 0.0076811778660832355)
23 (5, 0.007639697444913386)
24 (24, 0.007246312197922357)
25 (20, 0.006505799593521635)
26 (30, 0.006078422902284171)
27 (33, 0.0057971597275985965)
28 (8, 0.005641029453713964)
29 (16, 0.005604242194345618)
30 (18, 0.0055595314452125295)
31 (27, 0.0055519912339797636)
32 (7, 0.005343617305186009)
33 (17, 0.005343617305186009)
34 (22, 0.005343617305186009)
10
orders
1 (25, 0.08311149696090948)
2 (29, 0.05643402092026891)
3 (26, 0.05563642602795318)
4 (31, 0.055053363852814605)
5 (33, 0.05369063970400276)
6 (1, 0.05191041523886148)
7 (9, 0.046059098508665026)
8 (6, 0.04043806450621254)
9 (4, 0.039961000693932776)
10 (3, 0.03934761107669416)
11 (11, 0.03934761107669416)
12 (12, 0.03934761107669416)
13 (13, 0.03934761107669416)
14 (22, 0.03934761107669416)
15 (23, 0.03934761107669416)
16 (24, 0.03934761107669416)
17 (28, 0.03934761107669416)
18 (15, 0.03772719768511724)
19 (14, 0.02706187737493873)
20 (0, 0.018607842474718153)
21 (2, 0.013364586784923424)
22 (18, 0.012613629093474984)
23 (32, 0.012613629093474984)
24 (10, 0.011228171070103739)
25 (5, 0.010069351217998575)
26 (20, 0.00861999979939452)
27 (16, 0.0084436132151643)
28 (30, 0.006597934300327753)
29 (17, 0.006466044555668928)
30 (7, 0.005902141661504126)
31 (8, 0.005902141661504126)
32 (19, 0.005902141661504126)
33 (21, 0.005902141661504126)
34 (27, 0.005902141661504126)
-----one service finish-----
4
1
carts
1 (28, 0.08540755931608637)
2 (21, 0.05023395028055278)
3 (2, 0.04251865901861062)
4 (26, 0.04008515028103625)
5 (3, 0.040059000071816044)
6 (32, 0.039821469786112555)
7 (22, 0.03594431040690116)
8 (27, 0.03556110777362776)
9 (4, 0.03516932174164179)
10 (29, 0.035033790280730656)
11 (1, 0.03462366077917411)
12 (6, 0.03462366077917411)
13 (8, 0.03462366077917411)
14 (9, 0.03462366077917411)
15 (11, 0.03462366077917411)
16 (12, 0.03462366077917411)
17 (13, 0.03462366077917411)
18 (15, 0.03462366077917411)
19 (18, 0.03462366077917411)
20 (19, 0.03462366077917411)
21 (24, 0.03462366077917411)
22 (25, 0.03462366077917411)
23 (31, 0.03462366077917411)
24 (20, 0.03017979941654596)
25 (14, 0.016518917506318953)
26 (0, 0.016146585914151086)
27 (23, 0.00819493016173076)
28 (30, 0.0070169498063237185)
29 (5, 0.005638856512822066)
30 (17, 0.0055878551282234415)
31 (7, 0.005193549116876118)
32 (10, 0.005193549116876118)
33 (16, 0.005193549116876118)
34 (33, 0.005193549116876118)
2
carts
1 (4, 0.06379605828272403)
2 (22, 0.05264991088103588)
3 (2, 0.05215870659032991)
4 (1, 0.03554994731233907)
5 (3, 0.03554994731233907)
6 (6, 0.03554994731233907)
7 (8, 0.03554994731233907)
8 (9, 0.03554994731233907)
9 (11, 0.03554994731233907)
10 (12, 0.03554994731233907)
11 (13, 0.03554994731233907)
12 (15, 0.03554994731233907)
13 (18, 0.03554994731233907)
14 (19, 0.03554994731233907)
15 (24, 0.03554994731233907)
16 (25, 0.03554994731233907)
17 (27, 0.03554994731233907)
18 (28, 0.03554994731233907)
19 (29, 0.03554994731233907)
20 (30, 0.03554994731233907)
21 (31, 0.03554994731233907)
22 (32, 0.03554994731233907)
23 (33, 0.03554994731233907)
24 (26, 0.027496083373081685)
25 (14, 0.015957080426541613)
26 (20, 0.015911736636708123)
27 (21, 0.01545670560410705)
28 (23, 0.010304098910598506)
29 (0, 0.008608212563837444)
30 (5, 0.005332492096850861)
31 (7, 0.005332492096850861)
32 (10, 0.005332492096850861)
33 (16, 0.005332492096850861)
34 (17, 0.005332492096850861)
3
carts
1 (22, 0.06049695768309449)
2 (23, 0.03800893345037749)
3 (1, 0.03322382225760899)
4 (2, 0.03322382225760899)
5 (3, 0.03322382225760899)
6 (4, 0.03322382225760899)
7 (5, 0.03322382225760899)
8 (6, 0.03322382225760899)
9 (8, 0.03322382225760899)
10 (9, 0.03322382225760899)
11 (10, 0.03322382225760899)
12 (11, 0.03322382225760899)
13 (12, 0.03322382225760899)
14 (13, 0.03322382225760899)
15 (15, 0.03322382225760899)
16 (16, 0.03322382225760899)
17 (18, 0.03322382225760899)
18 (19, 0.03322382225760899)
19 (20, 0.03322382225760899)
20 (24, 0.03322382225760899)
21 (25, 0.03322382225760899)
22 (27, 0.03322382225760899)
23 (28, 0.03322382225760899)
24 (29, 0.03322382225760899)
25 (31, 0.03322382225760899)
26 (32, 0.03322382225760899)
27 (33, 0.03322382225760899)
28 (21, 0.01877472354463101)
29 (26, 0.014363265498916275)
30 (30, 0.013041158835422213)
31 (14, 0.009768684531409846)
32 (0, 0.004983573338641349)
33 (7, 0.004983573338641349)
34 (17, 0.004983573338641349)
4
carts
1 (28, 0.09902304988057152)
2 (2, 0.08540750344802121)
3 (27, 0.07386237155047402)
4 (29, 0.056058402819297644)
5 (1, 0.04528287433234868)
6 (32, 0.04464818870220725)
7 (8, 0.0443453705327736)
8 (24, 0.044334392504004866)
9 (12, 0.04405045221321698)
10 (18, 0.04405045221321698)
11 (26, 0.041638168032179894)
12 (6, 0.037823065070798884)
13 (11, 0.037823065070798884)
14 (23, 0.03738266584391827)
15 (31, 0.03554883812215576)
16 (14, 0.03277974281730661)
17 (30, 0.031048330064944767)
18 (20, 0.023110051391097806)
19 (15, 0.021699239408269833)
20 (22, 0.017116322857539588)
21 (0, 0.014996898957468224)
22 (21, 0.012811475707105885)
23 (3, 0.011900846903037941)
24 (5, 0.005973088622908501)
25 (17, 0.0059577528935646894)
26 (9, 0.005939711955813204)
27 (4, 0.005673459760619833)
28 (7, 0.005673459760619833)
29 (10, 0.005673459760619833)
30 (13, 0.005673459760619833)
31 (16, 0.005673459760619833)
32 (19, 0.005673459760619833)
33 (25, 0.005673459760619833)
34 (33, 0.005673459760619833)
5
carts
1 (26, 0.06674795714980328)
2 (2, 0.06332104516741777)
3 (27, 0.0539533620115393)
4 (21, 0.048854959262529175)
5 (3, 0.046241850232562595)
6 (13, 0.046241850232562595)
7 (25, 0.046241850232562595)
8 (30, 0.04150586685458171)
9 (22, 0.04091318055390993)
10 (1, 0.03948373795938349)
11 (11, 0.03948373795938349)
12 (12, 0.03948373795938349)
13 (15, 0.03948373795938349)
14 (18, 0.03948373795938349)
15 (19, 0.03948373795938349)
16 (24, 0.03948373795938349)
17 (28, 0.03948373795938349)
18 (29, 0.03948373795938349)
19 (31, 0.03948373795938349)
20 (33, 0.03948373795938349)
21 (20, 0.019161692953292498)
22 (8, 0.012680672967086628)
23 (23, 0.011011552823057612)
24 (14, 0.008605274443851759)
25 (0, 0.006894721316856457)
26 (4, 0.005922560693907524)
27 (5, 0.005922560693907524)
28 (6, 0.005922560693907524)
29 (7, 0.005922560693907524)
30 (9, 0.005922560693907524)
31 (10, 0.005922560693907524)
32 (16, 0.005922560693907524)
33 (17, 0.005922560693907524)
34 (32, 0.005922560693907524)
6
carts
1 (27, 0.13856932729106458)
2 (19, 0.108759282760726)
3 (18, 0.09545343426456641)
4 (32, 0.07215963612837215)
5 (33, 0.06946536634186051)
6 (31, 0.0681643852591912)
7 (1, 0.06170940080568791)
8 (11, 0.05340939403428506)
9 (6, 0.040348577850731905)
10 (25, 0.03637144988852361)
11 (21, 0.0348716252930292)
12 (24, 0.02769000458635974)
13 (20, 0.01894110834327191)
14 (0, 0.01874480175195249)
15 (3, 0.018636649247479303)
16 (29, 0.013592532417348329)
17 (13, 0.012735526836187195)
18 (14, 0.01083278837381101)
19 (8, 0.010791458413234273)
20 (26, 0.008302180943336936)
21 (4, 0.007578856585002191)
22 (2, 0.007208481795684495)
23 (28, 0.006896684301711177)
24 (12, 0.006679622377974563)
25 (9, 0.005902642760694)
26 (15, 0.005817872150836108)
27 (22, 0.005267197805689477)
28 (30, 0.005204137569852)
29 (23, 0.005157726775198285)
30 (17, 0.005053960099301189)
31 (5, 0.004920971736759201)
32 (7, 0.004920971736759201)
33 (10, 0.004920971736759201)
34 (16, 0.004920971736759201)
7
carts
1 (31, 0.07603351738299763)
2 (12, 0.07586294501804326)
3 (13, 0.07341248180466717)
4 (4, 0.07017672910920349)
5 (32, 0.06852384109537536)
6 (18, 0.0680432141541071)
7 (3, 0.06668842598431962)
8 (27, 0.0666234139085808)
9 (19, 0.06505935477524201)
10 (33, 0.06251529085005444)
11 (21, 0.04260389676845466)
12 (6, 0.03132340451107759)
13 (15, 0.030530354566813845)
14 (1, 0.03022150614433036)
15 (20, 0.018909554218425956)
16 (0, 0.016880983977059342)
17 (26, 0.01617653630903783)
18 (11, 0.015607049831526434)
19 (25, 0.012888239005846135)
20 (14, 0.010735683612232571)
21 (29, 0.01028285605908088)
22 (8, 0.008599236741784306)
23 (2, 0.007766950126116564)
24 (24, 0.0071915973340527)
25 (30, 0.005320657008331814)
26 (22, 0.004963109621280885)
27 (28, 0.004895762760182868)
28 (23, 0.004887202749191172)
29 (5, 0.00462587877254372)
30 (9, 0.004616975504438744)
31 (17, 0.004602832405013513)
32 (7, 0.00447683929686242)
33 (10, 0.00447683929686242)
34 (16, 0.00447683929686242)
8
carts
1 (28, 0.11144641200651184)
2 (21, 0.06903909720597173)
3 (33, 0.05704735582786584)
4 (2, 0.05322962286284615)
5 (26, 0.04820950896622999)
6 (3, 0.043175434151574335)
7 (8, 0.043175434151574335)
8 (13, 0.043175434151574335)
9 (20, 0.038770876969355994)
10 (1, 0.037174315120132)
11 (6, 0.037174315120132)
12 (11, 0.037174315120132)
13 (15, 0.037174315120132)
14 (24, 0.037174315120132)
15 (25, 0.037174315120132)
16 (27, 0.037174315120132)
17 (31, 0.037174315120132)
18 (32, 0.037174315120132)
19 (0, 0.030209075895310543)
20 (14, 0.020089812359399106)
21 (29, 0.01848966950376613)
22 (19, 0.011577266299462133)
23 (23, 0.01036828332237003)
24 (30, 0.008826686792715501)
25 (22, 0.007426060727476947)
26 (5, 0.006107979758341413)
27 (17, 0.006034122090326995)
28 (4, 0.005576147268019801)
29 (7, 0.005576147268019801)
30 (9, 0.005576147268019801)
31 (10, 0.005576147268019801)
32 (12, 0.005576147268019801)
33 (16, 0.005576147268019801)
34 (18, 0.005576147268019801)
9
carts
1 (30, 0.06612418012384397)
2 (2, 0.05730466389831528)
3 (22, 0.04958585085958616)
4 (3, 0.04167050660986468)
5 (1, 0.0360396368607137)
6 (6, 0.0360396368607137)
7 (8, 0.0360396368607137)
8 (9, 0.0360396368607137)
9 (11, 0.0360396368607137)
10 (12, 0.0360396368607137)
11 (13, 0.0360396368607137)
12 (15, 0.0360396368607137)
13 (18, 0.0360396368607137)
14 (19, 0.0360396368607137)
15 (24, 0.0360396368607137)
16 (25, 0.0360396368607137)
17 (27, 0.0360396368607137)
18 (28, 0.0360396368607137)
19 (29, 0.0360396368607137)
20 (31, 0.0360396368607137)
21 (32, 0.0360396368607137)
22 (33, 0.0360396368607137)
23 (26, 0.02890853950529967)
24 (14, 0.022566839180993784)
25 (20, 0.016474930044940626)
26 (23, 0.013897574313330661)
27 (21, 0.011691252540553065)
28 (0, 0.010626526255783239)
29 (4, 0.0054059455291070565)
30 (5, 0.0054059455291070565)
31 (7, 0.0054059455291070565)
32 (10, 0.0054059455291070565)
33 (16, 0.0054059455291070565)
34 (17, 0.0054059455291070565)
10
carts
1 (24, 0.13863042021801067)
2 (31, 0.10370932992904373)
3 (25, 0.08092091921773226)
4 (32, 0.07729201684007886)
5 (1, 0.05922598192311675)
6 (27, 0.05785304900141956)
7 (3, 0.056224749084330575)
8 (18, 0.04409671311038863)
9 (11, 0.041230909250356815)
10 (19, 0.0333612540516459)
11 (33, 0.030084056094985347)
12 (2, 0.030082853007613937)
13 (13, 0.02464771215135727)
14 (6, 0.023848738095730706)
15 (29, 0.01783479734226759)
16 (14, 0.016141463510648206)
17 (8, 0.015801697155672603)
18 (21, 0.01296010733734921)
19 (0, 0.012814833539890994)
20 (12, 0.012120657838482351)
21 (4, 0.010916338462235064)
22 (20, 0.010119681467803794)
23 (15, 0.009952444518371123)
24 (26, 0.009098674343647492)
25 (22, 0.009085196205284167)
26 (28, 0.008769780872199897)
27 (30, 0.00852619910559783)
28 (9, 0.00850630081202891)
29 (23, 0.00642466269958124)
30 (5, 0.006074271742370675)
31 (7, 0.005911047767689479)
32 (10, 0.005911047767689479)
33 (16, 0.005911047767689479)
34 (17, 0.005911047767689479)
-----one service finish-----
5
1
payment
1 (12, 0.06907155928804767)
2 (3, 0.03871908946816244)
3 (31, 0.03871908946816244)
4 (33, 0.03871908946816244)
5 (32, 0.03646819284190422)
6 (22, 0.035913080466261904)
7 (26, 0.035381375952504325)
8 (1, 0.03366218384000368)
9 (2, 0.03366218384000368)
10 (5, 0.03366218384000368)
11 (6, 0.03366218384000368)
12 (8, 0.03366218384000368)
13 (9, 0.03366218384000368)
14 (11, 0.03366218384000368)
15 (13, 0.03366218384000368)
16 (14, 0.03366218384000368)
17 (16, 0.03366218384000368)
18 (17, 0.03366218384000368)
19 (19, 0.03366218384000368)
20 (20, 0.03366218384000368)
21 (23, 0.03366218384000368)
22 (24, 0.03366218384000368)
23 (25, 0.03366218384000368)
24 (29, 0.03366218384000368)
25 (30, 0.03366218384000368)
26 (0, 0.025283179310341537)
27 (15, 0.020234234797068)
28 (27, 0.015169601159156424)
29 (28, 0.010106233204159307)
30 (4, 0.005049327576000553)
31 (7, 0.005049327576000553)
32 (10, 0.005049327576000553)
33 (18, 0.005049327576000553)
34 (21, 0.005049327576000553)
35 (34, 0.005049327576000553)
2
payment
1 (11, 0.08557084712724788)
2 (32, 0.060535325784732606)
3 (22, 0.05500943894275037)
4 (17, 0.05056586012988205)
5 (26, 0.049208941733550664)
6 (3, 0.046709047145130814)
7 (8, 0.046709047145130814)
8 (13, 0.046709047145130814)
9 (20, 0.046709047145130814)
10 (24, 0.046709047145130814)
11 (29, 0.046709047145130814)
12 (33, 0.046709047145130814)
13 (1, 0.039682281107094264)
14 (6, 0.039682281107094264)
15 (12, 0.039682281107094264)
16 (16, 0.039682281107094264)
17 (0, 0.03885786466874999)
18 (10, 0.02795130314794104)
19 (15, 0.02535159776834353)
20 (31, 0.017207381190212312)
21 (27, 0.015165500611574205)
22 (21, 0.008541147886624955)
23 (28, 0.007804146884863088)
24 (7, 0.0070624258525289535)
25 (2, 0.005952342166064139)
26 (4, 0.005952342166064139)
27 (5, 0.005952342166064139)
28 (9, 0.005952342166064139)
29 (14, 0.005952342166064139)
30 (18, 0.005952342166064139)
31 (19, 0.005952342166064139)
32 (23, 0.005952342166064139)
33 (25, 0.005952342166064139)
34 (30, 0.005952342166064139)
35 (34, 0.005952342166064139)
3
payment
1 (12, 0.05741427854139844)
2 (3, 0.03809174949745426)
3 (32, 0.03809174949745426)
4 (33, 0.03809174949745426)
5 (1, 0.033179170400718674)
6 (2, 0.033179170400718674)
7 (5, 0.033179170400718674)
8 (6, 0.033179170400718674)
9 (8, 0.033179170400718674)
10 (9, 0.033179170400718674)
11 (11, 0.033179170400718674)
12 (13, 0.033179170400718674)
13 (14, 0.033179170400718674)
14 (16, 0.033179170400718674)
15 (17, 0.033179170400718674)
16 (18, 0.033179170400718674)
17 (19, 0.033179170400718674)
18 (20, 0.033179170400718674)
19 (21, 0.033179170400718674)
20 (22, 0.033179170400718674)
21 (23, 0.033179170400718674)
22 (24, 0.033179170400718674)
23 (25, 0.033179170400718674)
24 (28, 0.033179170400718674)
25 (29, 0.033179170400718674)
26 (30, 0.033179170400718674)
27 (31, 0.033179170400718674)
28 (26, 0.017997969149083557)
29 (0, 0.014768951896034893)
30 (15, 0.00753825490405182)
31 (4, 0.004976875560107801)
32 (7, 0.004976875560107801)
33 (10, 0.004976875560107801)
34 (27, 0.004976875560107801)
35 (34, 0.004976875560107801)
4
payment
1 (28, 0.0754193146418601)
2 (32, 0.06738870627368644)
3 (26, 0.05983117642588425)
4 (22, 0.05367073615762463)
5 (3, 0.047666177435624284)
6 (8, 0.047666177435624284)
7 (12, 0.047666177435624284)
8 (13, 0.047666177435624284)
9 (19, 0.047666177435624284)
10 (25, 0.047666177435624284)
11 (30, 0.047666177435624284)
12 (33, 0.047666177435624284)
13 (11, 0.042540626141188566)
14 (1, 0.04038736535874999)
15 (6, 0.04038736535874999)
16 (16, 0.04038736535874999)
17 (10, 0.03352485504812055)
18 (27, 0.024887861242583353)
19 (21, 0.021654105356328033)
20 (15, 0.015671443398215208)
21 (7, 0.009875241397065013)
22 (17, 0.009519780287434278)
23 (31, 0.008884388094965617)
24 (0, 0.008001097131862226)
25 (2, 0.006058104803812499)
26 (4, 0.006058104803812499)
27 (5, 0.006058104803812499)
28 (9, 0.006058104803812499)
29 (14, 0.006058104803812499)
30 (18, 0.006058104803812499)
31 (20, 0.006058104803812499)
32 (23, 0.006058104803812499)
33 (24, 0.006058104803812499)
34 (29, 0.006058104803812499)
35 (34, 0.006058104803812499)
5
payment
1 (8, 0.14305284596134207)
2 (27, 0.07552958815348211)
3 (15, 0.06182377341360022)
4 (12, 0.0540672166866994)
5 (0, 0.04648424094847137)
6 (32, 0.0435682310488658)
7 (3, 0.04324577849512048)
8 (33, 0.04302381909084043)
9 (13, 0.04222217774460037)
10 (20, 0.04222217774460037)
11 (25, 0.04222217774460037)
12 (29, 0.04222217774460037)
13 (22, 0.040030175321499606)
14 (11, 0.03785730437573217)
15 (6, 0.037061127759198634)
16 (1, 0.03630756938341024)
17 (16, 0.03630756938341024)
18 (26, 0.018883674063431166)
19 (10, 0.013634134674234532)
20 (31, 0.009311478560612436)
21 (21, 0.007745043275470041)
22 (17, 0.007398102796529068)
23 (28, 0.007373445837052719)
24 (4, 0.0063828541207705)
25 (18, 0.0062038596355702535)
26 (34, 0.0061797343717206014)
27 (7, 0.006070638404442355)
28 (2, 0.005446135407511535)
29 (5, 0.005446135407511535)
30 (9, 0.005446135407511535)
31 (14, 0.005446135407511535)
32 (19, 0.005446135407511535)
33 (23, 0.005446135407511535)
34 (24, 0.005446135407511535)
35 (30, 0.005446135407511535)
6
payment
1 (12, 0.07611653398204614)
2 (3, 0.04030685840718653)
3 (24, 0.04030685840718653)
4 (29, 0.04030685840718653)
5 (31, 0.04030685840718653)
6 (33, 0.04030685840718653)
7 (26, 0.03979152213534736)
8 (32, 0.038130929816222736)
9 (22, 0.03705369477457472)
10 (1, 0.03487776618361093)
11 (2, 0.03487776618361093)
12 (5, 0.03487776618361093)
13 (6, 0.03487776618361093)
14 (8, 0.03487776618361093)
15 (9, 0.03487776618361093)
16 (11, 0.03487776618361093)
17 (13, 0.03487776618361093)
18 (14, 0.03487776618361093)
19 (16, 0.03487776618361093)
20 (17, 0.03487776618361093)
21 (19, 0.03487776618361093)
22 (20, 0.03487776618361093)
23 (23, 0.03487776618361093)
24 (0, 0.02814733544456771)
25 (15, 0.022129520642286973)
26 (27, 0.01629336802701824)
27 (28, 0.010660757151117244)
28 (4, 0.0052316649275416394)
29 (7, 0.0052316649275416394)
30 (10, 0.0052316649275416394)
31 (18, 0.0052316649275416394)
32 (21, 0.0052316649275416394)
33 (25, 0.0052316649275416394)
34 (30, 0.0052316649275416394)
35 (34, 0.0052316649275416394)
7
payment
1 (26, 0.10742607862898446)
2 (32, 0.06792237677863266)
3 (16, 0.060094700320627824)
4 (22, 0.05285436376279953)
5 (33, 0.0492743641276078)
6 (3, 0.0491487294979967)
7 (0, 0.04837025545892325)
8 (8, 0.047831629967571426)
9 (19, 0.047831629967571426)
10 (24, 0.047831629967571426)
11 (29, 0.047831629967571426)
12 (11, 0.04381283795606424)
13 (12, 0.042843301262373304)
14 (6, 0.04151526236425836)
15 (1, 0.04050939032348223)
16 (15, 0.03259239251530428)
17 (10, 0.026905854714000282)
18 (27, 0.016805573779662786)
19 (13, 0.013398648192611523)
20 (31, 0.012676639592950805)
21 (21, 0.009047734613870297)
22 (17, 0.008815956285730927)
23 (28, 0.007669235713935167)
24 (34, 0.007273609701735108)
25 (4, 0.007169356314229486)
26 (18, 0.0070988698396033546)
27 (7, 0.006836679996151197)
28 (2, 0.006076408548522335)
29 (5, 0.006076408548522335)
30 (9, 0.006076408548522335)
31 (14, 0.006076408548522335)
32 (20, 0.006076408548522335)
33 (23, 0.006076408548522335)
34 (25, 0.006076408548522335)
35 (30, 0.006076408548522335)
8
payment
1 (28, 0.11782717081216193)
2 (12, 0.07437566848660652)
3 (32, 0.07431116340320566)
4 (27, 0.0628202723147985)
5 (16, 0.05784546847477087)
6 (22, 0.053314641609805986)
7 (3, 0.049310892792455895)
8 (33, 0.04916670364849557)
9 (6, 0.048754602818800535)
10 (20, 0.04790362035215192)
11 (29, 0.04790362035215192)
12 (15, 0.04520281356464474)
13 (11, 0.041587012223390916)
14 (0, 0.03064512705748109)
15 (10, 0.028118745479370474)
16 (21, 0.016952068253658734)
17 (26, 0.014934857451073818)
18 (8, 0.01342617943086884)
19 (13, 0.01342617943086884)
20 (25, 0.01342617943086884)
21 (17, 0.008566791974191516)
22 (31, 0.0076080388236998775)
23 (7, 0.007349874309747649)
24 (4, 0.0072495820994381)
25 (34, 0.0071301826030271635)
26 (1, 0.006084254280226427)
27 (2, 0.006084254280226427)
28 (5, 0.006084254280226427)
29 (9, 0.006084254280226427)
30 (14, 0.006084254280226427)
31 (18, 0.006084254280226427)
32 (19, 0.006084254280226427)
33 (23, 0.006084254280226427)
34 (24, 0.006084254280226427)
35 (30, 0.006084254280226427)
9
payment
1 (12, 0.12353754763688843)
2 (26, 0.07370728688557324)
3 (16, 0.05460575558573217)
4 (32, 0.05440063642295007)
5 (0, 0.04792381207406694)
6 (3, 0.04685041520375064)
7 (8, 0.04552378684495122)
8 (20, 0.04552378684495122)
9 (24, 0.04552378684495122)
10 (29, 0.04552378684495122)
11 (33, 0.04552378684495122)
12 (17, 0.04392144743934648)
13 (22, 0.041471688573176936)
14 (11, 0.039882305928781184)
15 (1, 0.038800300481904505)
16 (6, 0.038800300481904505)
17 (15, 0.03079634510983815)
18 (27, 0.019596148643285634)
19 (13, 0.012543531435332387)
20 (31, 0.011261677700854657)
21 (28, 0.008349929081907684)
22 (5, 0.007935040452603794)
23 (18, 0.007009380727654797)
24 (4, 0.00696702011454933)
25 (2, 0.005820045072285675)
26 (7, 0.005820045072285675)
27 (9, 0.005820045072285675)
28 (10, 0.005820045072285675)
29 (14, 0.005820045072285675)
30 (19, 0.005820045072285675)
31 (21, 0.005820045072285675)
32 (23, 0.005820045072285675)
33 (25, 0.005820045072285675)
34 (30, 0.005820045072285675)
35 (34, 0.005820045072285675)
10
payment
1 (12, 0.1262563616274421)
2 (0, 0.07437483588485952)
3 (16, 0.05308623228120284)
4 (19, 0.05002269750760845)
5 (15, 0.04891479142042269)
6 (3, 0.04689248896724856)
7 (33, 0.04633861276253217)
8 (32, 0.04603096170789884)
9 (8, 0.04538797378597053)
10 (25, 0.04538797378597053)
11 (29, 0.04538797378597053)
12 (22, 0.04282810909071766)
13 (11, 0.041626525373639485)
14 (28, 0.04074528634854855)
15 (6, 0.03945826118558905)
16 (1, 0.03870433190414297)
17 (26, 0.021673858384522425)
18 (21, 0.016051676302420295)
19 (10, 0.01490433533519496)
20 (14, 0.012489291667449004)
21 (27, 0.011264492814054108)
22 (20, 0.009824872341732403)
23 (17, 0.008146166797802884)
24 (31, 0.007298996871459893)
25 (4, 0.007111872574017406)
26 (18, 0.006714824950462009)
27 (34, 0.006630996256148517)
28 (2, 0.005805649785621446)
29 (5, 0.005805649785621446)
30 (7, 0.005805649785621446)
31 (9, 0.005805649785621446)
32 (13, 0.005805649785621446)
33 (23, 0.005805649785621446)
34 (24, 0.005805649785621446)
35 (30, 0.005805649785621446)
-----one service finish-----
6
1
shipping
1 (0, 0.0635703053550715)
2 (6, 0.06197305958316521)
3 (11, 0.06197305958316521)
4 (31, 0.059387889938128186)
5 (5, 0.059213642517419667)
6 (21, 0.05565684610527393)
7 (20, 0.0517924061019173)
8 (12, 0.051675029320254334)
9 (19, 0.051675029320254334)
10 (23, 0.051675029320254334)
11 (27, 0.051675029320254334)
12 (32, 0.051675029320254334)
13 (10, 0.048857282258665154)
14 (1, 0.04347974816715631)
15 (15, 0.04347974816715631)
16 (26, 0.04347974816715631)
17 (14, 0.015988348418376416)
18 (3, 0.01471724337817147)
19 (8, 0.01471724337817147)
20 (7, 0.00943066196111081)
21 (22, 0.008008640326373759)
22 (16, 0.007635433291367959)
23 (2, 0.006521962225073448)
24 (4, 0.006521962225073448)
25 (9, 0.006521962225073448)
26 (13, 0.006521962225073448)
27 (17, 0.006521962225073448)
28 (18, 0.006521962225073448)
29 (24, 0.006521962225073448)
30 (25, 0.006521962225073448)
31 (28, 0.006521962225073448)
32 (29, 0.006521962225073448)
33 (30, 0.006521962225073448)
34 (33, 0.006521962225073448)
2
shipping
1 (20, 0.16565379136549685)
2 (32, 0.13498410002985392)
3 (14, 0.09025737434195649)
4 (30, 0.06397838985593611)
5 (27, 0.04960245008388288)
6 (8, 0.048862719461895826)
7 (19, 0.048862719461895826)
8 (0, 0.04863675681925219)
9 (21, 0.04562328828895197)
10 (1, 0.041430080882173044)
11 (6, 0.041430080882173044)
12 (31, 0.022196668780837026)
13 (11, 0.01790454660022)
14 (3, 0.01727621946745792)
15 (33, 0.01619711248050322)
16 (12, 0.013647150712048741)
17 (24, 0.013647150712048741)
18 (5, 0.010918381174220167)
19 (10, 0.01036370819067585)
20 (4, 0.008162464465244386)
21 (7, 0.007851678701162343)
22 (22, 0.006820737067813278)
23 (25, 0.006776525110578337)
24 (16, 0.006770783740462235)
25 (2, 0.006214512132325958)
26 (9, 0.006214512132325958)
27 (13, 0.006214512132325958)
28 (15, 0.006214512132325958)
29 (17, 0.006214512132325958)
30 (18, 0.006214512132325958)
31 (23, 0.006214512132325958)
32 (26, 0.006214512132325958)
33 (28, 0.006214512132325958)
34 (29, 0.006214512132325958)
3
shipping
1 (32, 0.20784607390080573)
2 (20, 0.09421103182057032)
3 (14, 0.06927745659795893)
4 (10, 0.052156732980441003)
5 (30, 0.05029213180896764)
6 (27, 0.04710195716552757)
7 (8, 0.04575208491950894)
8 (19, 0.04575208491950894)
9 (21, 0.0420823024151438)
10 (1, 0.03911985681549966)
11 (6, 0.03911985681549966)
12 (26, 0.03911985681549966)
13 (0, 0.02860042543350513)
14 (33, 0.0262009863268086)
15 (11, 0.020773152573066684)
16 (31, 0.018766372252794043)
17 (3, 0.01315407023886772)
18 (12, 0.012500206626334229)
19 (23, 0.012500206626334226)
20 (5, 0.010016753689622212)
21 (7, 0.007278950451722322)
22 (4, 0.006444372638501541)
23 (25, 0.0064044872283963205)
24 (22, 0.006394152722606738)
25 (16, 0.00632262951558395)
26 (2, 0.005867978522324951)
27 (9, 0.005867978522324951)
28 (13, 0.005867978522324951)
29 (15, 0.005867978522324951)
30 (17, 0.005867978522324951)
31 (18, 0.005867978522324951)
32 (24, 0.005867978522324951)
33 (28, 0.005867978522324951)
34 (29, 0.005867978522324951)
4
shipping
1 (15, 0.15990449663164327)
2 (30, 0.09914368835874904)
3 (32, 0.09050922982833262)
4 (14, 0.08777463633172511)
5 (0, 0.07614606965273846)
6 (31, 0.07449430875601486)
7 (6, 0.04634661867714427)
8 (27, 0.04147596976216375)
9 (12, 0.040694170397131975)
10 (18, 0.040694170397131975)
11 (26, 0.0352447828484946)
12 (11, 0.034331929318381235)
13 (1, 0.016941990939549536)
14 (20, 0.016019732356601642)
15 (21, 0.011282155674962253)
16 (3, 0.010736104975911556)
17 (23, 0.010736104975911556)
18 (8, 0.010736104975911554)
19 (5, 0.008858421063665202)
20 (10, 0.008074124510419358)
21 (33, 0.007374961032437966)
22 (7, 0.006761640828511568)
23 (25, 0.006257097947258654)
24 (29, 0.0060961517820113525)
25 (22, 0.005784881131729015)
26 (2, 0.0052867174272741915)
27 (4, 0.0052867174272741915)
28 (9, 0.0052867174272741915)
29 (13, 0.0052867174272741915)
30 (16, 0.0052867174272741915)
31 (17, 0.0052867174272741915)
32 (19, 0.0052867174272741915)
33 (24, 0.0052867174272741915)
34 (28, 0.0052867174272741915)
5
shipping
1 (30, 0.14358929144404264)
2 (14, 0.13919960734444986)
3 (32, 0.11361561504847331)
4 (0, 0.09299227321818)
5 (8, 0.04449201721049089)
6 (12, 0.04449201721049089)
7 (19, 0.04449201721049089)
8 (27, 0.04449201721049089)
9 (11, 0.041552649526289266)
10 (6, 0.03818329432102904)
11 (26, 0.03818329432102904)
12 (20, 0.026938777202517313)
13 (1, 0.019580811959693818)
14 (31, 0.01850663093920731)
15 (21, 0.012547695977277694)
16 (3, 0.012036217037616197)
17 (24, 0.012036217037616197)
18 (5, 0.010624099928695464)
19 (25, 0.009378188494862931)
20 (33, 0.00820558123998919)
21 (7, 0.007696370768441171)
22 (29, 0.006806176100588188)
23 (10, 0.006739049233509874)
24 (22, 0.006345148532984267)
25 (2, 0.005727494148154358)
26 (4, 0.005727494148154358)
27 (9, 0.005727494148154358)
28 (13, 0.005727494148154358)
29 (15, 0.005727494148154358)
30 (16, 0.005727494148154358)
31 (17, 0.005727494148154358)
32 (18, 0.005727494148154358)
33 (23, 0.005727494148154358)
34 (28, 0.005727494148154358)
6
shipping
1 (20, 0.14295389971505532)
2 (0, 0.09215012832757276)
3 (14, 0.0788931150790681)
4 (30, 0.06286517117851119)
5 (11, 0.058736595556575504)
6 (6, 0.05227233350053478)
7 (21, 0.04971894193634435)
8 (32, 0.04773199947377709)
9 (5, 0.04554680571685959)
10 (12, 0.04497450088330661)
11 (19, 0.04497450088330661)
12 (27, 0.04497450088330661)
13 (26, 0.0385102388272659)
14 (10, 0.037679207347305406)
15 (31, 0.02387280070550905)
16 (3, 0.012240797880130598)
17 (8, 0.012240797880130598)
18 (24, 0.012240797880130598)
19 (7, 0.007708856503332398)
20 (22, 0.006686504386108974)
21 (25, 0.006602488286561551)
22 (16, 0.006452409490456531)
23 (33, 0.006430713613861049)
24 (1, 0.005776535824089885)
25 (2, 0.005776535824089885)
26 (4, 0.005776535824089885)
27 (9, 0.005776535824089885)
28 (13, 0.005776535824089885)
29 (15, 0.005776535824089885)
30 (17, 0.005776535824089885)
31 (18, 0.005776535824089885)
32 (23, 0.005776535824089885)
33 (28, 0.005776535824089885)
34 (29, 0.005776535824089885)
7
shipping
1 (0, 0.13626422528356857)
2 (10, 0.08655687825981477)
3 (20, 0.0666856416357418)
4 (6, 0.06280855797614227)
5 (21, 0.05965539688151674)
6 (32, 0.054993043379554685)
7 (12, 0.05222611541149767)
8 (19, 0.05222611541149767)
9 (27, 0.05222611541149767)
10 (1, 0.04387962110118584)
11 (26, 0.04387962110118584)
12 (14, 0.040216858458506866)
13 (31, 0.02793783474338062)
14 (11, 0.025510880040134312)
15 (30, 0.025510880040134312)
16 (5, 0.018099370189413953)
17 (3, 0.014928437475489716)
18 (8, 0.014928437475489716)
19 (24, 0.014928437475489716)
20 (16, 0.010072766473414938)
21 (7, 0.009547428981961275)
22 (22, 0.00793401881124657)
23 (2, 0.006581943165177877)
24 (4, 0.006581943165177877)
25 (9, 0.006581943165177877)
26 (13, 0.006581943165177877)
27 (15, 0.006581943165177877)
28 (17, 0.006581943165177877)
29 (18, 0.006581943165177877)
30 (23, 0.006581943165177877)
31 (25, 0.006581943165177877)
32 (28, 0.006581943165177877)
33 (29, 0.006581943165177877)
34 (33, 0.006581943165177877)
8
shipping
1 (10, 0.12644264027897975)
2 (6, 0.05660240304851919)
3 (20, 0.05613868159636897)
4 (21, 0.05220214401115558)
5 (3, 0.04806297147260896)
6 (12, 0.04806297147260896)
7 (19, 0.04806297147260896)
8 (23, 0.04806297147260896)
9 (27, 0.04806297147260896)
10 (5, 0.04564675523193349)
11 (0, 0.04140095224498932)
12 (1, 0.040832741065540586)
13 (11, 0.040832741065540586)
14 (15, 0.040832741065540586)
15 (26, 0.040832741065540586)
16 (32, 0.04021599483226764)
17 (14, 0.029908410522597555)
18 (30, 0.020137082458804637)
19 (25, 0.014937274122528871)
20 (8, 0.013355141566899464)
21 (31, 0.011867096083933194)
22 (7, 0.009366202514622285)
23 (33, 0.007821326933612666)
24 (22, 0.0077233893905475515)
25 (16, 0.007464483098552927)
26 (2, 0.00612491115983109)
27 (4, 0.00612491115983109)
28 (9, 0.00612491115983109)
29 (13, 0.00612491115983109)
30 (17, 0.00612491115983109)
31 (18, 0.00612491115983109)
32 (24, 0.00612491115983109)
33 (28, 0.00612491115983109)
34 (29, 0.00612491115983109)
9
shipping
1 (32, 0.12716930504465193)
2 (20, 0.12266641161857542)
3 (10, 0.08187066724954312)
4 (14, 0.05535895709243823)
5 (8, 0.05044339133312758)
6 (19, 0.05044339133312758)
7 (27, 0.05044339133312758)
8 (21, 0.04728864098802691)
9 (1, 0.04258382099386067)
10 (6, 0.04258382099386067)
11 (26, 0.04258382099386067)
12 (0, 0.03862630064876555)
13 (30, 0.033808029766467886)
14 (11, 0.02510915703858131)
15 (31, 0.023802968634144966)
16 (33, 0.016443706446310706)
17 (3, 0.015215567100255026)
18 (12, 0.01424714348834601)
19 (23, 0.01424714348834601)
20 (5, 0.012091688718704622)
21 (7, 0.0076393668668704754)
22 (16, 0.007195792583030966)
23 (4, 0.007174738070933852)
24 (25, 0.007087046684251291)
25 (2, 0.006387573149079101)
26 (9, 0.006387573149079101)
27 (13, 0.006387573149079101)
28 (15, 0.006387573149079101)
29 (17, 0.006387573149079101)
30 (18, 0.006387573149079101)
31 (22, 0.006387573149079101)
32 (24, 0.006387573149079101)
33 (28, 0.006387573149079101)
34 (29, 0.006387573149079101)
10
shipping
1 (0, 0.12031493306547278)
2 (31, 0.08594561056456049)
3 (30, 0.06982626664646395)
4 (6, 0.0659667672957311)
5 (32, 0.06402431895699491)
6 (10, 0.0565275406769589)
7 (21, 0.0560582680176908)
8 (19, 0.05427594398110546)
9 (27, 0.05427594398110546)
10 (14, 0.048608453072870456)
11 (1, 0.04535751918894827)
12 (26, 0.04535751918894827)
13 (11, 0.027412875985125068)
14 (20, 0.017685603866693305)
15 (3, 0.015722052670499427)
16 (9, 0.015722052670499427)
17 (13, 0.015722052670499427)
18 (24, 0.015722052670499427)
19 (5, 0.014440144169714841)
20 (33, 0.009515613082020393)
21 (7, 0.009137154029667778)
22 (16, 0.008891733234944629)
23 (22, 0.0077722612187406965)
24 (25, 0.007681040310822287)
25 (2, 0.006803627878342242)
26 (4, 0.006803627878342242)
27 (8, 0.006803627878342242)
28 (12, 0.006803627878342242)
29 (15, 0.006803627878342242)
30 (17, 0.006803627878342242)
31 (18, 0.006803627878342242)
32 (23, 0.006803627878342242)
33 (28, 0.006803627878342242)
34 (29, 0.006803627878342242)
-----one service finish-----
2023-03-14 11:44:27
