2023-03-14 11:44:27
0
1
front-end
1 (31, 0.08434315015292897)
2 (30, 0.08158926920252381)
3 (6, 0.07751736634860551)
4 (0, 0.0563830838193119)
5 (24, 0.05351393358612493)
6 (22, 0.05262207860672507)
7 (3, 0.05246087461444487)
8 (28, 0.05127486385997831)
9 (25, 0.04787807567325117)
10 (5, 0.04663073376817754)
11 (13, 0.04426110198906119)
12 (8, 0.04336313265392248)
13 (9, 0.04336313265392248)
14 (15, 0.04336313265392248)
15 (21, 0.030127428348863797)
16 (26, 0.026163834040032207)
17 (11, 0.018245160306544304)
18 (17, 0.018003520048242173)
19 (20, 0.015211248921009711)
20 (19, 0.01441620110414421)
21 (14, 0.010704437597812713)
22 (32, 0.01044688385346782)
23 (10, 0.009013752646099831)
24 (29, 0.0076246653407215145)
25 (23, 0.0075708694334152395)
26 (4, 0.007479586015104995)
27 (12, 0.007401663373110539)
28 (1, 0.006504469898088372)
29 (2, 0.006504469898088372)
30 (7, 0.006504469898088372)
31 (16, 0.006504469898088372)
32 (18, 0.006504469898088372)
33 (27, 0.006504469898088372)
2
front-end
1 (32, 0.05173105933611986)
2 (20, 0.038675258988691875)
3 (29, 0.038675258988691875)
4 (1, 0.033853273381012815)
5 (3, 0.033853273381012815)
6 (4, 0.033853273381012815)
7 (5, 0.033853273381012815)
8 (6, 0.033853273381012815)
9 (8, 0.033853273381012815)
10 (9, 0.033853273381012815)
11 (11, 0.033853273381012815)
12 (12, 0.033853273381012815)
13 (13, 0.033853273381012815)
14 (15, 0.033853273381012815)
15 (16, 0.033853273381012815)
16 (17, 0.033853273381012815)
17 (18, 0.033853273381012815)
18 (19, 0.033853273381012815)
19 (21, 0.033853273381012815)
20 (22, 0.033853273381012815)
21 (23, 0.033853273381012815)
22 (24, 0.033853273381012815)
23 (26, 0.033853273381012815)
24 (27, 0.033853273381012815)
25 (28, 0.033853273381012815)
26 (30, 0.033853273381012815)
27 (31, 0.033853273381012815)
28 (2, 0.01882701656949007)
29 (14, 0.014478895336412152)
30 (25, 0.00989997661483099)
31 (0, 0.005077991007151923)
32 (7, 0.005077991007151923)
33 (10, 0.005077991007151923)
3
front-end
1 (31, 0.08268116339705389)
2 (22, 0.05112053813072999)
3 (0, 0.04735109899815736)
4 (12, 0.03923784491777891)
5 (21, 0.03802980492711457)
6 (26, 0.03800112980868075)
7 (30, 0.03786513889015737)
8 (3, 0.03725165802291585)
9 (4, 0.03725165802291585)
10 (6, 0.03725165802291585)
11 (8, 0.03725165802291585)
12 (9, 0.03725165802291585)
13 (11, 0.03725165802291585)
14 (13, 0.03725165802291585)
15 (15, 0.03725165802291585)
16 (18, 0.03725165802291585)
17 (19, 0.03725165802291585)
18 (23, 0.03725165802291585)
19 (24, 0.03725165802291585)
20 (27, 0.03725165802291585)
21 (28, 0.03725165802291585)
22 (32, 0.030593211498747195)
23 (2, 0.024210101397256274)
24 (25, 0.013272046399357825)
25 (20, 0.012898890228896537)
26 (17, 0.011391579013773695)
27 (5, 0.009664919989773068)
28 (29, 0.009440383496114186)
29 (14, 0.008959010707870436)
30 (10, 0.006996679767403875)
31 (1, 0.005587748703437378)
32 (7, 0.005587748703437378)
33 (16, 0.005587748703437378)
4
front-end
1 (30, 0.12824997135058924)
2 (6, 0.11703183926915313)
3 (21, 0.08364459367565046)
4 (11, 0.07095806184057739)
5 (31, 0.06675347533757506)
6 (26, 0.06661094942076375)
7 (24, 0.0470263984566834)
8 (15, 0.037596559413206984)
9 (23, 0.037559472169065675)
10 (12, 0.03742281657284536)
11 (13, 0.02950023910545136)
12 (19, 0.025247537376703228)
13 (3, 0.022611979196145608)
14 (9, 0.02194000547706204)
15 (25, 0.02148940143080171)
16 (0, 0.021200352091790484)
17 (28, 0.01859319493860407)
18 (4, 0.016121908148023882)
19 (2, 0.014211334595906467)
20 (8, 0.013578879193014606)
21 (18, 0.012417843449799616)
22 (32, 0.012390932535632797)
23 (27, 0.009368522489630458)
24 (20, 0.008630842888616595)
25 (22, 0.007975495117813083)
26 (17, 0.00782066896620642)
27 (5, 0.007466107286727695)
28 (10, 0.006630528977706474)
29 (14, 0.0065911967904180215)
30 (29, 0.006440440701891986)
31 (1, 0.005639483911981048)
32 (7, 0.005639483911981048)
33 (16, 0.005639483911981048)
5
front-end
1 (14, 0.05392873687800583)
2 (31, 0.05208348645116016)
3 (0, 0.048109174162398155)
4 (20, 0.04229973889909098)
5 (17, 0.03822967473414742)
6 (3, 0.036648563062313504)
7 (4, 0.036648563062313504)
8 (6, 0.036648563062313504)
9 (8, 0.036648563062313504)
10 (9, 0.036648563062313504)
11 (11, 0.036648563062313504)
12 (12, 0.036648563062313504)
13 (13, 0.036648563062313504)
14 (15, 0.036648563062313504)
15 (18, 0.036648563062313504)
16 (19, 0.036648563062313504)
17 (21, 0.036648563062313504)
18 (22, 0.036648563062313504)
19 (23, 0.036648563062313504)
20 (24, 0.036648563062313504)
21 (26, 0.036648563062313504)
22 (27, 0.036648563062313504)
23 (28, 0.036648563062313504)
24 (30, 0.036648563062313504)
25 (25, 0.011513824684047842)
26 (5, 0.011148460296124504)
27 (29, 0.011148460296124504)
28 (32, 0.007729323118208926)
29 (1, 0.0054972844593470255)
30 (2, 0.0054972844593470255)
31 (7, 0.0054972844593470255)
32 (10, 0.0054972844593470255)
33 (16, 0.0054972844593470255)
6
front-end
1 (8, 0.13439186381793067)
2 (27, 0.10137817938315771)
3 (9, 0.08299925108804879)
4 (11, 0.07907102621460377)
5 (6, 0.06653834720446153)
6 (3, 0.05409959888224598)
7 (26, 0.049428437869157425)
8 (31, 0.04519112991948024)
9 (30, 0.04012114175435862)
10 (21, 0.03983079226472335)
11 (23, 0.03485995592723902)
12 (24, 0.02591237916426214)
13 (25, 0.02419596027538755)
14 (2, 0.020365149780706422)
15 (22, 0.019638263800644745)
16 (32, 0.01959529132507511)
17 (20, 0.018854011111714683)
18 (14, 0.01698349629182663)
19 (12, 0.01485979910015812)
20 (0, 0.014060589096108647)
21 (18, 0.0123414293338158)
22 (17, 0.010640198691302455)
23 (28, 0.00976944275910297)
24 (10, 0.007689330172955241)
25 (5, 0.007436926953881294)
26 (13, 0.007079839436302194)
27 (29, 0.006839621387539507)
28 (4, 0.006440825307076783)
29 (1, 0.005877544337346554)
30 (7, 0.005877544337346554)
31 (15, 0.005877544337346554)
32 (16, 0.005877544337346554)
33 (19, 0.005877544337346554)
7
front-end
1 (14, 0.06732892125846089)
2 (17, 0.04048644749926902)
3 (31, 0.03843887300554366)
4 (32, 0.03830767186247713)
5 (3, 0.03553555164403437)
6 (4, 0.03553555164403437)
7 (5, 0.03553555164403437)
8 (6, 0.03553555164403437)
9 (8, 0.03553555164403437)
10 (9, 0.03553555164403437)
11 (11, 0.03553555164403437)
12 (12, 0.03553555164403437)
13 (13, 0.03553555164403437)
14 (15, 0.03553555164403437)
15 (16, 0.03553555164403437)
16 (18, 0.03553555164403437)
17 (19, 0.03553555164403437)
18 (21, 0.03553555164403437)
19 (22, 0.03553555164403437)
20 (23, 0.03553555164403437)
21 (24, 0.03553555164403437)
22 (26, 0.03553555164403437)
23 (27, 0.03553555164403437)
24 (28, 0.03553555164403437)
25 (30, 0.03553555164403437)
26 (25, 0.022717275243885702)
27 (29, 0.010643501464198497)
28 (20, 0.009179061408417476)
29 (0, 0.005330332746605156)
30 (1, 0.005330332746605156)
31 (2, 0.005330332746605156)
32 (7, 0.005330332746605156)
33 (10, 0.005330332746605156)
8
front-end
1 (11, 0.11355087971448331)
2 (24, 0.08634410208550615)
3 (23, 0.08584516954067863)
4 (12, 0.07649269693302786)
5 (6, 0.07348819298105537)
6 (9, 0.07286180788972996)
7 (8, 0.07270910295723339)
8 (13, 0.07232662143951478)
9 (26, 0.05990668038555918)
10 (15, 0.04026062106067639)
11 (30, 0.033436189954181544)
12 (27, 0.03308867362882058)
13 (31, 0.022351687317145017)
14 (25, 0.014904716427511682)
15 (3, 0.014354722744534556)
16 (18, 0.012237511861862628)
17 (22, 0.010720100917113146)
18 (32, 0.01059906874552851)
19 (0, 0.00974101717811262)
20 (20, 0.008314740843464358)
21 (2, 0.007931270283378708)
22 (28, 0.007207686477788984)
23 (4, 0.006789861317564211)
24 (14, 0.006433157066725981)
25 (21, 0.006280555842977147)
26 (17, 0.006068288033759904)
27 (10, 0.005606192522697987)
28 (5, 0.005436172839727947)
29 (29, 0.005204643760656122)
30 (1, 0.004876966812245856)
31 (7, 0.004876966812245856)
32 (16, 0.004876966812245856)
33 (19, 0.004876966812245856)
9
front-end
1 (6, 0.17117750891036493)
2 (26, 0.11251219064122948)
3 (18, 0.07603831340339395)
4 (19, 0.06696293043242531)
5 (30, 0.06106081430177793)
6 (31, 0.05427737673691546)
7 (15, 0.05405638353918153)
8 (8, 0.0485446231593051)
9 (11, 0.040947979306101785)
10 (21, 0.03916814186696391)
11 (23, 0.029706138594445666)
12 (22, 0.022058685406960443)
13 (24, 0.02148005368947164)
14 (14, 0.020491078022579205)
15 (25, 0.018784527543648934)
16 (27, 0.017342497153119578)
17 (12, 0.013123909513294976)
18 (20, 0.012327274888120647)
19 (0, 0.012319656530409197)
20 (3, 0.01212988370686885)
21 (2, 0.011619020704091805)
22 (32, 0.010235828613549512)
23 (28, 0.00900702481913375)
24 (9, 0.008171324211695244)
25 (17, 0.007861929589215359)
26 (10, 0.0066343668263600195)
27 (5, 0.0065578640289420285)
28 (13, 0.00646477130424677)
29 (29, 0.0061698971269409176)
30 (4, 0.006097493847988832)
31 (1, 0.005556837193752369)
32 (7, 0.005556837193752369)
33 (16, 0.005556837193752369)
10
front-end
1 (14, 0.036823769563493564)
2 (20, 0.036823769563493564)
3 (29, 0.036823769563493564)
4 (1, 0.032405416805446965)
5 (2, 0.032405416805446965)
6 (3, 0.032405416805446965)
7 (4, 0.032405416805446965)
8 (5, 0.032405416805446965)
9 (6, 0.032405416805446965)
10 (8, 0.032405416805446965)
11 (9, 0.032405416805446965)
12 (11, 0.032405416805446965)
13 (12, 0.032405416805446965)
14 (13, 0.032405416805446965)
15 (15, 0.032405416805446965)
16 (16, 0.032405416805446965)
17 (17, 0.032405416805446965)
18 (18, 0.032405416805446965)
19 (19, 0.032405416805446965)
20 (21, 0.032405416805446965)
21 (22, 0.032405416805446965)
22 (23, 0.032405416805446965)
23 (24, 0.032405416805446965)
24 (25, 0.032405416805446965)
25 (26, 0.032405416805446965)
26 (27, 0.032405416805446965)
27 (28, 0.032405416805446965)
28 (30, 0.032405416805446965)
29 (31, 0.032405416805446965)
30 (32, 0.032405416805446965)
31 (0, 0.004860812520817046)
32 (7, 0.004860812520817046)
33 (10, 0.004860812520817046)
-----one service finish-----
1
1
user
1 (26, 0.04525723120016314)
2 (6, 0.0369836807094209)
3 (21, 0.03491430447364252)
4 (11, 0.0344951054390862)
5 (1, 0.032425729203307815)
6 (2, 0.032425729203307815)
7 (3, 0.032425729203307815)
8 (4, 0.032425729203307815)
9 (8, 0.032425729203307815)
10 (9, 0.032425729203307815)
11 (10, 0.032425729203307815)
12 (12, 0.032425729203307815)
13 (13, 0.032425729203307815)
14 (14, 0.032425729203307815)
15 (16, 0.032425729203307815)
16 (17, 0.032425729203307815)
17 (18, 0.032425729203307815)
18 (19, 0.032425729203307815)
19 (20, 0.032425729203307815)
20 (22, 0.032425729203307815)
21 (23, 0.032425729203307815)
22 (24, 0.032425729203307815)
23 (25, 0.032425729203307815)
24 (27, 0.032425729203307815)
25 (28, 0.032425729203307815)
26 (29, 0.032425729203307815)
27 (31, 0.032425729203307815)
28 (32, 0.032425729203307815)
29 (33, 0.032425729203307815)
30 (15, 0.01369305906689415)
31 (5, 0.009421810886609261)
32 (0, 0.0048638593804961735)
33 (7, 0.0048638593804961735)
34 (30, 0.0048638593804961735)
2
user
1 (13, 0.10650704012182835)
2 (15, 0.06147685799813248)
3 (22, 0.056483310235834375)
4 (14, 0.05511680288860009)
5 (32, 0.05496732234803169)
6 (25, 0.05286110247972055)
7 (27, 0.05275566751555439)
8 (26, 0.05172406068970625)
9 (28, 0.05098550271862968)
10 (16, 0.04295493682249735)
11 (6, 0.042526044907081624)
12 (12, 0.041826098962670415)
13 (1, 0.04066126025571567)
14 (9, 0.04066126025571567)
15 (10, 0.04066126025571567)
16 (19, 0.040622049131349015)
17 (20, 0.028444774660347734)
18 (3, 0.017500847113721307)
19 (31, 0.012140930880696416)
20 (24, 0.009292617231901848)
21 (33, 0.009090110141982135)
22 (0, 0.008868919039880366)
23 (29, 0.008778439085556903)
24 (4, 0.008551247893648304)
25 (5, 0.007686947125180366)
26 (30, 0.007131177484273897)
27 (7, 0.006644963307543457)
28 (23, 0.006483314218339808)
29 (2, 0.00609918903835735)
30 (8, 0.00609918903835735)
31 (11, 0.00609918903835735)
32 (17, 0.00609918903835735)
33 (18, 0.00609918903835735)
34 (21, 0.00609918903835735)
3
user
1 (26, 0.0397577377379235)
2 (6, 0.03750012545540311)
3 (23, 0.03750012545540311)
4 (30, 0.03750012545540311)
5 (15, 0.03524251317288274)
6 (0, 0.03282825748375695)
7 (1, 0.03282825748375695)
8 (2, 0.03282825748375695)
9 (3, 0.03282825748375695)
10 (4, 0.03282825748375695)
11 (8, 0.03282825748375695)
12 (9, 0.03282825748375695)
13 (10, 0.03282825748375695)
14 (12, 0.03282825748375695)
15 (13, 0.03282825748375695)
16 (14, 0.03282825748375695)
17 (16, 0.03282825748375695)
18 (19, 0.03282825748375695)
19 (20, 0.03282825748375695)
20 (21, 0.03282825748375695)
21 (22, 0.03282825748375695)
22 (24, 0.03282825748375695)
23 (25, 0.03282825748375695)
24 (27, 0.03282825748375695)
25 (28, 0.03282825748375695)
26 (29, 0.03282825748375695)
27 (31, 0.03282825748375695)
28 (32, 0.03282825748375695)
29 (33, 0.03282825748375695)
30 (5, 0.004924238622563543)
31 (7, 0.004924238622563543)
32 (11, 0.004924238622563543)
33 (17, 0.004924238622563543)
34 (18, 0.004924238622563543)
4
user
1 (30, 0.03933998669476097)
2 (6, 0.035509267455397446)
3 (0, 0.03127035073442686)
4 (1, 0.03127035073442686)
5 (2, 0.03127035073442686)
6 (3, 0.03127035073442686)
7 (4, 0.03127035073442686)
8 (5, 0.03127035073442686)
9 (8, 0.03127035073442686)
10 (9, 0.03127035073442686)
11 (10, 0.03127035073442686)
12 (11, 0.03127035073442686)
13 (12, 0.03127035073442686)
14 (13, 0.03127035073442686)
15 (14, 0.03127035073442686)
16 (16, 0.03127035073442686)
17 (17, 0.03127035073442686)
18 (18, 0.03127035073442686)
19 (19, 0.03127035073442686)
20 (20, 0.03127035073442686)
21 (21, 0.03127035073442686)
22 (22, 0.03127035073442686)
23 (23, 0.03127035073442686)
24 (24, 0.03127035073442686)
25 (25, 0.03127035073442686)
26 (27, 0.03127035073442686)
27 (28, 0.03127035073442686)
28 (29, 0.03127035073442686)
29 (31, 0.03127035073442686)
30 (32, 0.03127035073442686)
31 (33, 0.03127035073442686)
32 (26, 0.008929469331134617)
33 (7, 0.00469055261016403)
34 (15, 0.00469055261016403)
5
user
1 (28, 0.1056597241592552)
2 (14, 0.10556204316943389)
3 (13, 0.061677952813583334)
4 (29, 0.05392005501414106)
5 (19, 0.05050469328807967)
6 (32, 0.049080629621152186)
7 (26, 0.047952798122911235)
8 (25, 0.047519977109461056)
9 (27, 0.047106053804489574)
10 (20, 0.03994203073931646)
11 (22, 0.03992614892507921)
12 (16, 0.039802679568240414)
13 (12, 0.039734725800894516)
14 (6, 0.03946602360851145)
15 (1, 0.03800768023471559)
16 (31, 0.029876236171462203)
17 (4, 0.029123203073517102)
18 (3, 0.019541743746543046)
19 (15, 0.01771432955712203)
20 (0, 0.00929854866587481)
21 (33, 0.007974052240434185)
22 (24, 0.007957879941713814)
23 (5, 0.007814187954804356)
24 (30, 0.00663131970040989)
25 (23, 0.006468467210400325)
26 (7, 0.006127599476794518)
27 (2, 0.00570115203520734)
28 (8, 0.00570115203520734)
29 (9, 0.00570115203520734)
30 (10, 0.00570115203520734)
31 (11, 0.00570115203520734)
32 (17, 0.00570115203520734)
33 (18, 0.00570115203520734)
34 (21, 0.00570115203520734)
6
user
1 (28, 0.1349050280747975)
2 (29, 0.09200017005446232)
3 (20, 0.08762362676006731)
4 (27, 0.08140167947185563)
5 (14, 0.0625601065722463)
6 (13, 0.04947038958374222)
7 (19, 0.045166139418748384)
8 (32, 0.043583798237499596)
9 (12, 0.041962827093623395)
10 (6, 0.0365489456869475)
11 (1, 0.03502686386331188)
12 (15, 0.03333455407187215)
13 (16, 0.029652625889931082)
14 (0, 0.027239299152617778)
15 (4, 0.02376033169165479)
16 (31, 0.022089317106269178)
17 (5, 0.020156769428837363)
18 (3, 0.016981965943118228)
19 (25, 0.01517817635891217)
20 (26, 0.012665367906640973)
21 (10, 0.010593596301193196)
22 (24, 0.008350129929790095)
23 (33, 0.0068300864867465155)
24 (22, 0.0063157965177118545)
25 (30, 0.00615610551043075)
26 (8, 0.006100367888794094)
27 (23, 0.005984360493822031)
28 (2, 0.005805608837222539)
29 (7, 0.005612950943835905)
30 (21, 0.00558496750974104)
31 (11, 0.0055437272330822705)
32 (9, 0.005271439993491332)
33 (17, 0.005271439993491332)
34 (18, 0.005271439993491332)
7
user
1 (1, 0.15306588693177212)
2 (16, 0.1044609935032672)
3 (22, 0.0921980708364863)
4 (13, 0.07370922249787282)
5 (14, 0.06713451534444294)
6 (19, 0.054932656868139224)
7 (20, 0.05085141797735259)
8 (28, 0.04683875623506502)
9 (32, 0.046282019375297495)
10 (3, 0.039052293558564405)
11 (15, 0.027491921571065565)
12 (4, 0.022357106207928128)
13 (9, 0.02204157177807139)
14 (5, 0.02158855952054804)
15 (24, 0.019589222622387725)
16 (10, 0.017503076741129685)
17 (0, 0.015522547515873902)
18 (31, 0.01502332077463571)
19 (12, 0.012539219315839402)
20 (25, 0.012472070599853212)
21 (26, 0.008871912707278629)
22 (27, 0.008833623888028639)
23 (33, 0.008511963877410563)
24 (29, 0.006259619871890364)
25 (6, 0.006162910053534773)
26 (21, 0.0054217312558640825)
27 (30, 0.00537760895048523)
28 (8, 0.005295806991568695)
29 (7, 0.0052093587426093)
30 (2, 0.005080202777147393)
31 (11, 0.005080202777147393)
32 (17, 0.005080202777147393)
33 (18, 0.005080202777147393)
34 (23, 0.005080202777147393)
8
user
1 (12, 0.17328062192047544)
2 (13, 0.09545732997397871)
3 (14, 0.08723262643217043)
4 (19, 0.07903965052781739)
5 (20, 0.06679733830431835)
6 (22, 0.05589443195691526)
7 (32, 0.05586922901955763)
8 (28, 0.05227996917601722)
9 (15, 0.035272636658796985)
10 (4, 0.031853101338387264)
11 (5, 0.02624672047897943)
12 (1, 0.025103441937019254)
13 (3, 0.020426475165333087)
14 (25, 0.01893192495951983)
15 (31, 0.018361985607047757)
16 (16, 0.018233339741375646)
17 (0, 0.01788563188295835)
18 (9, 0.011793251099430729)
19 (27, 0.010396397998055367)
20 (24, 0.010283509258997542)
21 (26, 0.010074273479996817)
22 (33, 0.009304232779109158)
23 (29, 0.007345886197355484)
24 (6, 0.006294129542017445)
25 (30, 0.0059486581943019685)
26 (21, 0.005818125014010098)
27 (10, 0.0057465462986464036)
28 (7, 0.005704258022113859)
29 (8, 0.0056734677889235365)
30 (23, 0.005651191039733649)
31 (2, 0.0054499045516599705)
32 (11, 0.0054499045516599705)
33 (17, 0.0054499045516599705)
34 (18, 0.0054499045516599705)
9
user
1 (32, 0.09445154124068664)
2 (28, 0.05486265731003652)
3 (15, 0.051735212334227836)
4 (31, 0.0494095659235303)
5 (27, 0.0458658804743316)
6 (19, 0.0450902015347711)
7 (3, 0.0442190569857436)
8 (33, 0.04211647989268234)
9 (25, 0.04016109085631755)
10 (12, 0.03979204103479449)
11 (16, 0.03971458757394023)
12 (5, 0.03935788509346114)
13 (24, 0.03886397371043984)
14 (13, 0.038834232755790433)
15 (14, 0.0388244536599495)
16 (4, 0.038767657126934)
17 (1, 0.037966586180227954)
18 (10, 0.037966586180227954)
19 (22, 0.037966586180227954)
20 (0, 0.028871285471793934)
21 (26, 0.019675747519185976)
22 (29, 0.013899473215747967)
23 (6, 0.011406160366795128)
24 (30, 0.008878455567129502)
25 (21, 0.006836950840149523)
26 (11, 0.006831888971556301)
27 (20, 0.006487865037130779)
28 (23, 0.006342720604440908)
29 (7, 0.006328236722577973)
30 (2, 0.0056949879270341945)
31 (8, 0.0056949879270341945)
32 (9, 0.0056949879270341945)
33 (17, 0.0056949879270341945)
34 (18, 0.0056949879270341945)
10
user
1 (15, 0.036534042957768284)
2 (6, 0.036396803101419434)
3 (30, 0.036396803101419434)
4 (26, 0.03592215607440421)
5 (1, 0.03196692936185817)
6 (2, 0.03196692936185817)
7 (3, 0.03196692936185817)
8 (4, 0.03196692936185817)
9 (8, 0.03196692936185817)
10 (9, 0.03196692936185817)
11 (10, 0.03196692936185817)
12 (12, 0.03196692936185817)
13 (13, 0.03196692936185817)
14 (14, 0.03196692936185817)
15 (16, 0.03196692936185817)
16 (17, 0.03196692936185817)
17 (18, 0.03196692936185817)
18 (19, 0.03196692936185817)
19 (20, 0.03196692936185817)
20 (21, 0.03196692936185817)
21 (22, 0.03196692936185817)
22 (23, 0.03196692936185817)
23 (24, 0.03196692936185817)
24 (25, 0.03196692936185817)
25 (27, 0.03196692936185817)
26 (28, 0.03196692936185817)
27 (29, 0.03196692936185817)
28 (31, 0.03196692936185817)
29 (32, 0.03196692936185817)
30 (33, 0.03196692936185817)
31 (5, 0.009224913143839988)
32 (0, 0.004795039404278727)
33 (7, 0.004795039404278727)
34 (11, 0.004795039404278727)
-----one service finish-----
2
1
catalogue
1 (27, 0.09175479301417282)
2 (5, 0.08978647598307303)
3 (33, 0.08038848836427895)
4 (24, 0.07514789262436242)
5 (16, 0.0615291998760249)
6 (28, 0.051808070495347414)
7 (19, 0.05179754581162433)
8 (13, 0.051070055414810404)
9 (21, 0.04881386088401987)
10 (31, 0.04536836078217846)
11 (1, 0.044896917383913895)
12 (6, 0.04286904078498798)
13 (3, 0.03210202462228004)
14 (0, 0.027545436957917058)
15 (25, 0.023126566222663174)
16 (34, 0.01752052040798321)
17 (8, 0.014631370747570623)
18 (32, 0.014431611790435986)
19 (22, 0.01206303227473192)
20 (30, 0.011217437993221772)
21 (11, 0.009952261934307061)
22 (15, 0.009814293783135126)
23 (12, 0.008947222899882153)
24 (26, 0.008939913225639673)
25 (10, 0.008070914947355736)
26 (4, 0.0076719313584232484)
27 (2, 0.0069203536946639225)
28 (29, 0.00680191289675748)
29 (7, 0.006430356117748197)
30 (9, 0.006430356117748197)
31 (14, 0.006430356117748197)
32 (17, 0.006430356117748197)
33 (18, 0.006430356117748197)
34 (20, 0.006430356117748197)
35 (23, 0.006430356117748197)
2
catalogue
1 (5, 0.10744094495271937)
2 (16, 0.10361864428546388)
3 (27, 0.07103378377613205)
4 (22, 0.06399704329469669)
5 (21, 0.061113001600778274)
6 (33, 0.0582893307263694)
7 (1, 0.057314670440097505)
8 (13, 0.052768267166487755)
9 (19, 0.052768267166487755)
10 (28, 0.052768267166487755)
11 (31, 0.047307208194363896)
12 (0, 0.040747234084945703)
13 (24, 0.02963915977698502)
14 (25, 0.017552565619498257)
15 (3, 0.016250801924089328)
16 (8, 0.015289696288866648)
17 (30, 0.011395406466479139)
18 (10, 0.01087913275334949)
19 (12, 0.010775381265509726)
20 (11, 0.010655539777823464)
21 (15, 0.010492673798654088)
22 (34, 0.009249818794334624)
23 (32, 0.007389567755656456)
24 (2, 0.007193856590842408)
25 (6, 0.0071245987697440205)
26 (26, 0.0070237693691426115)
27 (4, 0.007010444602058951)
28 (7, 0.006613865448991961)
29 (9, 0.006613865448991961)
30 (14, 0.006613865448991961)
31 (17, 0.006613865448991961)
32 (18, 0.006613865448991961)
33 (20, 0.006613865448991961)
34 (23, 0.006613865448991961)
35 (29, 0.006613865448991961)
3
catalogue
1 (1, 0.11544443459708649)
2 (27, 0.0831071398757018)
3 (33, 0.07451673079815958)
4 (24, 0.06410867303418637)
5 (5, 0.05562624084714731)
6 (16, 0.05255728187089618)
7 (28, 0.05116113839636224)
8 (19, 0.05109705408092537)
9 (13, 0.05033593161320876)
10 (22, 0.04862516054251071)
11 (21, 0.046975649919920606)
12 (31, 0.04480804427615625)
13 (6, 0.04263097823685491)
14 (0, 0.031341517678838776)
15 (3, 0.016472835307397904)
16 (25, 0.015513113013232787)
17 (34, 0.015319520034866975)
18 (8, 0.014793728043554812)
19 (30, 0.009847724242897574)
20 (15, 0.009563579576513263)
21 (10, 0.009152275528178455)
22 (12, 0.008831675525352375)
23 (11, 0.008570405428670559)
24 (4, 0.00759654061359169)
25 (2, 0.006869819432347747)
26 (26, 0.006840248738641365)
27 (29, 0.0067871953173153825)
28 (9, 0.006703286360875434)
29 (32, 0.006698764780656527)
30 (7, 0.006350552047991975)
31 (14, 0.006350552047991975)
32 (17, 0.006350552047991975)
33 (18, 0.006350552047991975)
34 (20, 0.006350552047991975)
35 (23, 0.006350552047991975)
4
catalogue
1 (16, 0.14551577118650783)
2 (22, 0.0741109840918589)
3 (24, 0.06881982031170236)
4 (27, 0.06305018313016528)
5 (33, 0.05556840734777365)
6 (25, 0.05280191497253741)
7 (1, 0.05160830733360779)
8 (5, 0.049973030212874844)
9 (13, 0.04737584218575461)
10 (19, 0.04737584218575461)
11 (28, 0.04737584218575461)
12 (31, 0.042944198673602114)
13 (32, 0.038073361123391526)
14 (0, 0.025879854500645005)
15 (21, 0.02413763690198542)
16 (3, 0.014048244365496086)
17 (8, 0.013234442409536749)
18 (10, 0.01313035409143072)
19 (11, 0.010226517616887702)
20 (12, 0.00984603044359883)
21 (26, 0.009811557954600834)
22 (15, 0.009664515646095247)
23 (30, 0.008770573764923082)
24 (34, 0.008183825589025607)
25 (7, 0.006901030229939579)
26 (2, 0.006569560384012326)
27 (6, 0.006455992493062771)
28 (4, 0.006371688355675946)
29 (9, 0.006024952901685505)
30 (14, 0.006024952901685505)
31 (17, 0.006024952901685505)
32 (18, 0.006024952901685505)
33 (20, 0.006024952901685505)
34 (23, 0.006024952901685505)
35 (29, 0.006024952901685505)
5
catalogue
1 (24, 0.10076556099627697)
2 (5, 0.0996024082293072)
3 (1, 0.06680179745386411)
4 (16, 0.05826168987609033)
5 (33, 0.05111596832286953)
6 (13, 0.048915404748772935)
7 (19, 0.048915404748772935)
8 (28, 0.048915404748772935)
9 (25, 0.04837631491963995)
10 (30, 0.04756285987026558)
11 (31, 0.04624330154404302)
12 (22, 0.04471525627618819)
13 (21, 0.04365998087958734)
14 (0, 0.04185036359902368)
15 (27, 0.02888729882224231)
16 (11, 0.025975451789647042)
17 (3, 0.013806859945752972)
18 (8, 0.013806859945752972)
19 (12, 0.012369672436755644)
20 (10, 0.010467517179093716)
21 (26, 0.008635950480551354)
22 (34, 0.0074278124544765595)
23 (6, 0.007001193739291678)
24 (7, 0.006983998068776615)
25 (32, 0.0069794133894431586)
26 (2, 0.006195625553474113)
27 (4, 0.006195625553474113)
28 (9, 0.006195625553474113)
29 (14, 0.006195625553474113)
30 (15, 0.006195625553474113)
31 (17, 0.006195625553474113)
32 (18, 0.006195625553474113)
33 (20, 0.006195625553474113)
34 (23, 0.006195625553474113)
35 (29, 0.006195625553474113)
6
catalogue
1 (5, 0.1500938586632543)
2 (24, 0.11848609751701798)
3 (25, 0.06303465062307102)
4 (22, 0.055768909055632906)
5 (33, 0.05102414109269401)
6 (13, 0.04787762588314801)
7 (19, 0.04787762588314801)
8 (28, 0.04787762588314801)
9 (16, 0.0452385190099235)
10 (31, 0.04456272137370341)
11 (27, 0.044160938795000125)
12 (6, 0.041112889722879395)
13 (0, 0.035498710024923795)
14 (10, 0.024734188139284956)
15 (11, 0.02022085192810596)
16 (3, 0.014298541775811082)
17 (21, 0.013785387429173106)
18 (8, 0.013413533927370061)
19 (12, 0.011686427674070634)
20 (15, 0.00916937654978412)
21 (30, 0.008647366788216166)
22 (1, 0.008639876317695291)
23 (34, 0.008313314066532938)
24 (32, 0.006762975458827296)
25 (4, 0.006499400773037925)
26 (7, 0.006477358420663393)
27 (2, 0.006081898580431403)
28 (9, 0.006081898580431403)
29 (14, 0.006081898580431403)
30 (17, 0.006081898580431403)
31 (18, 0.006081898580431403)
32 (20, 0.006081898580431403)
33 (23, 0.006081898580431403)
34 (26, 0.006081898580431403)
35 (29, 0.006081898580431403)
7
catalogue
1 (19, 0.15623193767668392)
2 (20, 0.12085349680188924)
3 (11, 0.11144934215887178)
4 (1, 0.07616499223660891)
5 (33, 0.04706681191900217)
6 (27, 0.044738387611236066)
7 (24, 0.04210696581251192)
8 (22, 0.04113503559225817)
9 (28, 0.04041082858004271)
10 (0, 0.04030056124697221)
11 (14, 0.04010306938527882)
12 (31, 0.036666658249630925)
13 (6, 0.0347006815608193)
14 (5, 0.013708373852978493)
15 (16, 0.013488690519651946)
16 (3, 0.012350311875303789)
17 (21, 0.011720409892550982)
18 (8, 0.01060749005858241)
19 (10, 0.009295516166216563)
20 (34, 0.008485994393486237)
21 (15, 0.007807723312262546)
22 (26, 0.007475047710342719)
23 (12, 0.00735072937769814)
24 (25, 0.006419682864896961)
25 (30, 0.006252807414811756)
26 (32, 0.005649697535527524)
27 (2, 0.005526924689050305)
28 (29, 0.005496115865973304)
29 (4, 0.005205102234122895)
30 (7, 0.005205102234122895)
31 (9, 0.005205102234122895)
32 (13, 0.005205102234122895)
33 (17, 0.005205102234122895)
34 (18, 0.005205102234122895)
35 (23, 0.005205102234122895)
8
catalogue
1 (16, 0.12215349899285981)
2 (24, 0.12003868874998529)
3 (25, 0.06844149506085197)
4 (0, 0.05774554046396747)
5 (33, 0.05322311472524055)
6 (21, 0.0513032651884739)
7 (27, 0.0512015787297185)
8 (22, 0.04852576995909012)
9 (13, 0.046020486548183144)
10 (19, 0.046020486548183144)
11 (28, 0.046020486548183144)
12 (31, 0.04257753861872212)
13 (3, 0.03500166512323847)
14 (4, 0.02452052280414989)
15 (5, 0.020242652346161977)
16 (11, 0.019435475574825296)
17 (1, 0.01560334421762485)
18 (8, 0.013184331108806582)
19 (34, 0.011238667043866257)
20 (12, 0.010960307484088525)
21 (15, 0.008764950569114359)
22 (10, 0.008017372387098303)
23 (30, 0.007896593754045974)
24 (6, 0.006411754046380784)
25 (32, 0.006304245266036525)
26 (9, 0.006266877392786477)
27 (2, 0.00587547674981295)
28 (7, 0.00587547674981295)
29 (14, 0.00587547674981295)
30 (17, 0.00587547674981295)
31 (18, 0.00587547674981295)
32 (20, 0.00587547674981295)
33 (23, 0.00587547674981295)
34 (26, 0.00587547674981295)
35 (29, 0.00587547674981295)
9
catalogue
1 (5, 0.13148400863963255)
2 (27, 0.09814382738197551)
3 (24, 0.05961955568332675)
4 (33, 0.05448077540457451)
5 (1, 0.05436492332032469)
6 (13, 0.050986003944829515)
7 (19, 0.050986003944829515)
8 (28, 0.050986003944829515)
9 (31, 0.047115007470305996)
10 (22, 0.047111272051879705)
11 (0, 0.04553162357397517)
12 (21, 0.04536484771164267)
13 (6, 0.043463890402000514)
14 (11, 0.027459986674460604)
15 (16, 0.017268317627624076)
16 (3, 0.01568676902115923)
17 (8, 0.014598987580435456)
18 (30, 0.011945548482652654)
19 (25, 0.011349586889173816)
20 (12, 0.010995151096264366)
21 (10, 0.010783052900996683)
22 (15, 0.010284932817330722)
23 (34, 0.008749080311657272)
24 (26, 0.00774651313618847)
25 (7, 0.007438994795714565)
26 (32, 0.007227827032445358)
27 (2, 0.006972040645230483)
28 (4, 0.006906800240876282)
29 (9, 0.006421238181951894)
30 (14, 0.006421238181951894)
31 (17, 0.006421238181951894)
32 (18, 0.006421238181951894)
33 (20, 0.006421238181951894)
34 (23, 0.006421238181951894)
35 (29, 0.006421238181951894)
10
catalogue
1 (5, 0.06201278947604368)
2 (30, 0.04710291790414114)
3 (33, 0.04394243825491851)
4 (26, 0.04386919949145792)
5 (28, 0.04115245941199572)
6 (22, 0.038435719332533515)
7 (1, 0.03552171558524936)
8 (3, 0.03552171558524936)
9 (4, 0.03552171558524936)
10 (6, 0.03552171558524936)
11 (8, 0.03552171558524936)
12 (9, 0.03552171558524936)
13 (10, 0.03552171558524936)
14 (13, 0.03552171558524936)
15 (14, 0.03552171558524936)
16 (16, 0.03552171558524936)
17 (19, 0.03552171558524936)
18 (20, 0.03552171558524936)
19 (21, 0.03552171558524936)
20 (24, 0.03552171558524936)
21 (25, 0.03552171558524936)
22 (27, 0.03552171558524936)
23 (31, 0.03552171558524936)
24 (32, 0.03552171558524936)
25 (0, 0.01690945965667919)
26 (7, 0.010959001164533763)
27 (11, 0.010959001164533763)
28 (34, 0.007968332244162624)
29 (2, 0.005328257337787404)
30 (12, 0.005328257337787404)
31 (15, 0.005328257337787404)
32 (17, 0.005328257337787404)
33 (18, 0.005328257337787404)
34 (23, 0.005328257337787404)
35 (29, 0.005328257337787404)
-----one service finish-----
3
1
orders
1 (18, 0.11182511459296657)
2 (1, 0.06974334065397202)
3 (25, 0.06756753191545939)
4 (12, 0.06044028721397706)
5 (28, 0.05671745824879461)
6 (26, 0.051809013623050564)
7 (23, 0.05141492309747868)
8 (6, 0.05032095233543398)
9 (3, 0.04962240842620573)
10 (0, 0.04679456366408455)
11 (11, 0.04216717333740685)
12 (9, 0.04214506472619002)
13 (8, 0.04212405072518591)
14 (19, 0.037934662500116775)
15 (5, 0.03380992371481041)
16 (14, 0.020670429484913964)
17 (32, 0.018446536895365448)
18 (13, 0.015032366284368721)
19 (15, 0.014543368968060083)
20 (31, 0.012024131010775837)
21 (33, 0.01017346075776866)
22 (10, 0.00952270202475961)
23 (2, 0.009379243368765373)
24 (16, 0.007567735221028737)
25 (29, 0.007491734626650515)
26 (30, 0.00749046836888288)
27 (24, 0.007276474035072211)
28 (20, 0.007028695605051669)
29 (21, 0.007016590935114994)
30 (4, 0.006748689572243057)
31 (27, 0.006466955607152207)
32 (7, 0.006227982819630988)
33 (17, 0.006227982819630988)
34 (22, 0.006227982819630988)
2
orders
1 (25, 0.10374254510236273)
2 (22, 0.08543247027416696)
3 (11, 0.08238730762360885)
4 (1, 0.07483663647348765)
5 (23, 0.060670998909726326)
6 (26, 0.05483518440167334)
7 (18, 0.054146742761278115)
8 (8, 0.05397355964428706)
9 (3, 0.05338884140041555)
10 (31, 0.05042679900431486)
11 (6, 0.04632802923015552)
12 (14, 0.032020013058382896)
13 (12, 0.028469072573867635)
14 (0, 0.01978064471127319)
15 (28, 0.019578038648275686)
16 (32, 0.01759300636125286)
17 (13, 0.01680108421527598)
18 (15, 0.014522147371822709)
19 (10, 0.011695045364976172)
20 (2, 0.010245957921940706)
21 (5, 0.010235362822291162)
22 (24, 0.009747551664682087)
23 (30, 0.00911613007686614)
24 (33, 0.008529194587431246)
25 (29, 0.008215752837304429)
26 (21, 0.007704991524851203)
27 (19, 0.007299647058614035)
28 (16, 0.0071756940492920295)
29 (9, 0.007128358417244066)
30 (4, 0.0070317638808360125)
31 (27, 0.006974169893128531)
32 (7, 0.006655752711638096)
33 (17, 0.006655752711638096)
34 (20, 0.006655752711638096)
3
orders
1 (18, 0.0726700823538079)
2 (1, 0.060711615359737646)
3 (22, 0.058772354568049655)
4 (2, 0.05806942374065229)
5 (28, 0.056912388288902035)
6 (5, 0.05232777717267311)
7 (23, 0.046962225662770245)
8 (3, 0.045528859671370846)
9 (26, 0.04489252321391673)
10 (31, 0.043680557361593805)
11 (6, 0.04023715881965984)
12 (0, 0.0401223573587374)
13 (9, 0.039123488312863365)
14 (8, 0.03911433408234358)
15 (12, 0.038986703230866414)
16 (13, 0.03897763180611871)
17 (21, 0.03872101245875107)
18 (14, 0.030769910541202653)
19 (25, 0.022311991644995734)
20 (19, 0.01934459162612199)
21 (29, 0.015653243584817348)
22 (32, 0.013187822588953194)
23 (10, 0.010445011550489243)
24 (15, 0.008410983157003902)
25 (30, 0.008289577521277415)
26 (20, 0.006835512113971313)
27 (33, 0.0065889637196335565)
28 (16, 0.006358312139066987)
29 (24, 0.006302423334304466)
30 (27, 0.006188637632924283)
31 (4, 0.006078069775985306)
32 (7, 0.005808151868812662)
33 (11, 0.005808151868812662)
34 (17, 0.005808151868812662)
4
orders
1 (28, 0.13852073882389132)
2 (29, 0.11067119835466672)
3 (21, 0.09297189434273492)
4 (13, 0.05368677522807516)
5 (12, 0.04859776564710998)
6 (26, 0.046766405062572784)
7 (8, 0.04517206071812892)
8 (9, 0.04193399533038166)
9 (22, 0.03868127451938925)
10 (23, 0.0385461426575662)
11 (6, 0.03716518030024927)
12 (31, 0.03649756979917306)
13 (24, 0.03464605080829195)
14 (1, 0.030621619170729232)
15 (5, 0.026201344484155308)
16 (0, 0.020646040450000652)
17 (18, 0.019931024765843602)
18 (14, 0.01651005937545943)
19 (25, 0.012155553036277087)
20 (2, 0.011964703599853438)
21 (3, 0.01149551826233351)
22 (32, 0.011343300504917801)
23 (19, 0.010415791197637907)
24 (10, 0.007237629516506426)
25 (4, 0.006869950578955523)
26 (15, 0.006742876485481495)
27 (33, 0.006709528164315184)
28 (16, 0.006059686618754014)
29 (30, 0.005978978775123603)
30 (11, 0.005195075380843806)
31 (27, 0.005193722657822768)
32 (7, 0.004956848460919349)
33 (17, 0.004956848460919349)
34 (20, 0.004956848460919349)
5
orders
1 (20, 0.04234940054732815)
2 (0, 0.03105220043230059)
3 (1, 0.03105220043230059)
4 (2, 0.03105220043230059)
5 (3, 0.03105220043230059)
6 (4, 0.03105220043230059)
7 (5, 0.03105220043230059)
8 (6, 0.03105220043230059)
9 (7, 0.03105220043230059)
10 (8, 0.03105220043230059)
11 (9, 0.03105220043230059)
12 (10, 0.03105220043230059)
13 (11, 0.03105220043230059)
14 (12, 0.03105220043230059)
15 (13, 0.03105220043230059)
16 (14, 0.03105220043230059)
17 (17, 0.03105220043230059)
18 (18, 0.03105220043230059)
19 (19, 0.03105220043230059)
20 (21, 0.03105220043230059)
21 (22, 0.03105220043230059)
22 (23, 0.03105220043230059)
23 (24, 0.03105220043230059)
24 (26, 0.03105220043230059)
25 (27, 0.03105220043230059)
26 (28, 0.03105220043230059)
27 (29, 0.03105220043230059)
28 (30, 0.03105220043230059)
29 (31, 0.03105220043230059)
30 (32, 0.03105220043230059)
31 (33, 0.03105220043230059)
32 (25, 0.012588943449109682)
33 (15, 0.00883781296969939)
34 (16, 0.0046578300648450885)
6
orders
1 (11, 0.12293388836217532)
2 (12, 0.06949026381672464)
3 (21, 0.06500937574144225)
4 (1, 0.05779361707858161)
5 (13, 0.0559993895795392)
6 (6, 0.05199513525641786)
7 (23, 0.04621849127769432)
8 (28, 0.04599571051592963)
9 (14, 0.04472404246114784)
10 (3, 0.043602232254689365)
11 (18, 0.04331275280078445)
12 (26, 0.043131491630179083)
13 (31, 0.04293667772042951)
14 (0, 0.03730074081963834)
15 (29, 0.03617227368353306)
16 (5, 0.029892457694012043)
17 (22, 0.023156002041586934)
18 (25, 0.021082804166942914)
19 (32, 0.013821611143409388)
20 (9, 0.01264603225214732)
21 (15, 0.01030939598934402)
22 (10, 0.007895053583924023)
23 (33, 0.0076865598666799135)
24 (2, 0.007380224163307605)
25 (30, 0.006503309366858867)
26 (16, 0.006244178341452334)
27 (20, 0.006170661150648348)
28 (8, 0.0061347838945638705)
29 (4, 0.006026521461533598)
30 (24, 0.005935598525494378)
31 (27, 0.005744519561316959)
32 (7, 0.005584734599290357)
33 (17, 0.005584734599290357)
34 (19, 0.005584734599290357)
7
orders
1 (25, 0.038966843303438435)
2 (0, 0.03646068792405568)
3 (2, 0.035989703068702215)
4 (10, 0.034222905659413216)
5 (1, 0.032016958380616335)
6 (3, 0.032016958380616335)
7 (4, 0.032016958380616335)
8 (5, 0.032016958380616335)
9 (6, 0.032016958380616335)
10 (8, 0.032016958380616335)
11 (9, 0.032016958380616335)
12 (11, 0.032016958380616335)
13 (12, 0.032016958380616335)
14 (13, 0.032016958380616335)
15 (17, 0.032016958380616335)
16 (18, 0.032016958380616335)
17 (19, 0.032016958380616335)
18 (20, 0.032016958380616335)
19 (21, 0.032016958380616335)
20 (22, 0.032016958380616335)
21 (23, 0.032016958380616335)
22 (24, 0.032016958380616335)
23 (26, 0.032016958380616335)
24 (27, 0.032016958380616335)
25 (28, 0.032016958380616335)
26 (29, 0.032016958380616335)
27 (30, 0.032016958380616335)
28 (31, 0.032016958380616335)
29 (32, 0.032016958380616335)
30 (33, 0.032016958380616335)
31 (15, 0.007511310877088372)
32 (7, 0.004802543757092451)
33 (14, 0.004802543757092451)
34 (16, 0.004802543757092451)
8
orders
1 (5, 0.07471424572969466)
2 (2, 0.04005737172885883)
3 (26, 0.038288693983880365)
4 (0, 0.038027580288418524)
5 (31, 0.036791812097190194)
6 (1, 0.035597934665620105)
7 (6, 0.03518873534973282)
8 (3, 0.03427654742113157)
9 (4, 0.03427654742113157)
10 (8, 0.03427654742113157)
11 (9, 0.03427654742113157)
12 (11, 0.03427654742113157)
13 (12, 0.03427654742113157)
14 (13, 0.03427654742113157)
15 (18, 0.03427654742113157)
16 (19, 0.03427654742113157)
17 (21, 0.03427654742113157)
18 (22, 0.03427654742113157)
19 (23, 0.03427654742113157)
20 (24, 0.03427654742113157)
21 (28, 0.03427654742113157)
22 (29, 0.03427654742113157)
23 (32, 0.03427654742113157)
24 (33, 0.03427654742113157)
25 (14, 0.0332278288065166)
26 (25, 0.02835029531972903)
27 (10, 0.011040388641551099)
28 (15, 0.008820633476751995)
29 (30, 0.00862232703775796)
30 (16, 0.006356724532848152)
31 (20, 0.006091514428859064)
32 (27, 0.005839643527014507)
33 (7, 0.005141482113169736)
34 (17, 0.005141482113169736)
9
orders
1 (12, 0.12968291259999354)
2 (11, 0.10756890185986008)
3 (13, 0.08653827177333849)
4 (18, 0.06576776752971916)
5 (21, 0.052998198882225005)
6 (23, 0.046525535849906034)
7 (28, 0.045517978583173066)
8 (31, 0.045120968573043825)
9 (19, 0.04439738981841133)
10 (3, 0.04405641412758727)
11 (26, 0.041446795086688824)
12 (0, 0.04118251526874548)
13 (5, 0.03293187471766751)
14 (14, 0.028085176759881224)
15 (1, 0.027373159886440995)
16 (25, 0.02170186476768009)
17 (32, 0.01596696410748311)
18 (8, 0.012508578349115455)
19 (6, 0.010833642648076573)
20 (15, 0.010209054063483243)
21 (33, 0.007721059720419816)
22 (10, 0.007379773492133831)
23 (24, 0.007259548619298436)
24 (2, 0.007125138776249275)
25 (29, 0.006751226388126458)
26 (4, 0.006617359905457964)
27 (16, 0.006298723294649566)
28 (30, 0.006066622339825557)
29 (9, 0.006048237052634358)
30 (20, 0.005951737767228758)
31 (27, 0.005734197759815736)
32 (7, 0.005544136543880011)
33 (17, 0.005544136543880011)
34 (22, 0.005544136543880011)
10
orders
1 (20, 0.04234940054732815)
2 (0, 0.03105220043230059)
3 (1, 0.03105220043230059)
4 (2, 0.03105220043230059)
5 (3, 0.03105220043230059)
6 (4, 0.03105220043230059)
7 (5, 0.03105220043230059)
8 (6, 0.03105220043230059)
9 (7, 0.03105220043230059)
10 (8, 0.03105220043230059)
11 (9, 0.03105220043230059)
12 (10, 0.03105220043230059)
13 (11, 0.03105220043230059)
14 (12, 0.03105220043230059)
15 (13, 0.03105220043230059)
16 (14, 0.03105220043230059)
17 (17, 0.03105220043230059)
18 (18, 0.03105220043230059)
19 (19, 0.03105220043230059)
20 (21, 0.03105220043230059)
21 (22, 0.03105220043230059)
22 (23, 0.03105220043230059)
23 (24, 0.03105220043230059)
24 (26, 0.03105220043230059)
25 (27, 0.03105220043230059)
26 (28, 0.03105220043230059)
27 (29, 0.03105220043230059)
28 (30, 0.03105220043230059)
29 (31, 0.03105220043230059)
30 (32, 0.03105220043230059)
31 (33, 0.03105220043230059)
32 (25, 0.012588943449109682)
33 (15, 0.00883781296969939)
34 (16, 0.0046578300648450885)
-----one service finish-----
4
1
carts
1 (22, 0.06826105708787267)
2 (2, 0.06420844316082182)
3 (21, 0.05106778593594931)
4 (3, 0.0403597587716935)
5 (14, 0.03771384391339623)
6 (29, 0.03616309131525324)
7 (27, 0.036040136987801286)
8 (28, 0.035654634762062924)
9 (1, 0.035036447928333346)
10 (6, 0.035036447928333346)
11 (8, 0.035036447928333346)
12 (9, 0.035036447928333346)
13 (11, 0.035036447928333346)
14 (12, 0.035036447928333346)
15 (13, 0.035036447928333346)
16 (15, 0.035036447928333346)
17 (18, 0.035036447928333346)
18 (19, 0.035036447928333346)
19 (24, 0.035036447928333346)
20 (25, 0.035036447928333346)
21 (31, 0.035036447928333346)
22 (32, 0.035036447928333346)
23 (33, 0.035036447928333346)
24 (0, 0.029521569830464417)
25 (30, 0.01818480561912635)
26 (26, 0.01276679920884073)
27 (23, 0.006496952102563574)
28 (20, 0.006173896383660204)
29 (5, 0.0055631700492433924)
30 (4, 0.0052554671892500035)
31 (7, 0.0052554671892500035)
32 (10, 0.0052554671892500035)
33 (16, 0.0052554671892500035)
34 (17, 0.0052554671892500035)
2
carts
1 (14, 0.0534892958893652)
2 (22, 0.05168730536225572)
3 (2, 0.05141008809128509)
4 (26, 0.04275545483080635)
5 (27, 0.03713439773330503)
6 (28, 0.03659498474725585)
7 (29, 0.036594492152953136)
8 (1, 0.036049878725576856)
9 (3, 0.036049878725576856)
10 (4, 0.036049878725576856)
11 (6, 0.036049878725576856)
12 (8, 0.036049878725576856)
13 (9, 0.036049878725576856)
14 (11, 0.036049878725576856)
15 (12, 0.036049878725576856)
16 (13, 0.036049878725576856)
17 (15, 0.036049878725576856)
18 (18, 0.036049878725576856)
19 (19, 0.036049878725576856)
20 (24, 0.036049878725576856)
21 (25, 0.036049878725576856)
22 (30, 0.036049878725576856)
23 (32, 0.036049878725576856)
24 (33, 0.036049878725576856)
25 (21, 0.014232918763916896)
26 (0, 0.01347233214234492)
27 (23, 0.01048704313404615)
28 (20, 0.006436284925258037)
29 (5, 0.005820054848218357)
30 (7, 0.0054074818088365294)
31 (10, 0.0054074818088365294)
32 (16, 0.0054074818088365294)
33 (17, 0.0054074818088365294)
34 (31, 0.0054074818088365294)
3
carts
1 (28, 0.11874819186501474)
2 (26, 0.10234505736218527)
3 (29, 0.07200177597201862)
4 (31, 0.07000050669889163)
5 (27, 0.05916499019378036)
6 (6, 0.046099078300433985)
7 (24, 0.045617474254115366)
8 (8, 0.045164794799226804)
9 (20, 0.044838710575731536)
10 (15, 0.03950846018420964)
11 (1, 0.038937267295475524)
12 (33, 0.038775478849255515)
13 (11, 0.03845271040918305)
14 (25, 0.03609513121902137)
15 (18, 0.027698541578665577)
16 (14, 0.022885364859897298)
17 (19, 0.019647501507388223)
18 (2, 0.012816971144466519)
19 (3, 0.012232295947281504)
20 (12, 0.012232295947281504)
21 (21, 0.011736701796630835)
22 (0, 0.010423252322954274)
23 (23, 0.007948439189723329)
24 (30, 0.006879049976603068)
25 (22, 0.006582548494375371)
26 (32, 0.006572101845538038)
27 (5, 0.005994505756941849)
28 (9, 0.005993362285444524)
29 (4, 0.005767906561377458)
30 (7, 0.005767906561377458)
31 (10, 0.005767906561377458)
32 (13, 0.005767906561377458)
33 (16, 0.005767906561377458)
34 (17, 0.005767906561377458)
4
carts
1 (26, 0.05730576650445956)
2 (2, 0.05312304648190437)
3 (22, 0.04758882919286328)
4 (30, 0.03815887808913692)
5 (1, 0.03530663033828571)
6 (3, 0.03530663033828571)
7 (4, 0.03530663033828571)
8 (6, 0.03530663033828571)
9 (8, 0.03530663033828571)
10 (9, 0.03530663033828571)
11 (11, 0.03530663033828571)
12 (12, 0.03530663033828571)
13 (13, 0.03530663033828571)
14 (15, 0.03530663033828571)
15 (18, 0.03530663033828571)
16 (19, 0.03530663033828571)
17 (24, 0.03530663033828571)
18 (25, 0.03530663033828571)
19 (27, 0.03530663033828571)
20 (28, 0.03530663033828571)
21 (29, 0.03530663033828571)
22 (31, 0.03530663033828571)
23 (32, 0.03530663033828571)
24 (33, 0.03530663033828571)
25 (14, 0.02155968430693263)
26 (20, 0.015938896741166143)
27 (23, 0.011244574590547177)
28 (21, 0.010990895727990894)
29 (0, 0.010430464616548356)
30 (5, 0.005832525846411107)
31 (17, 0.005805847484096799)
32 (7, 0.005295994550742858)
33 (10, 0.005295994550742858)
34 (16, 0.005295994550742858)
5
carts
1 (28, 0.10662439571604486)
2 (21, 0.07026885588430518)
3 (20, 0.04901117877724163)
4 (0, 0.042364905830114645)
5 (2, 0.04161465980886209)
6 (25, 0.04056503526738625)
7 (31, 0.03830869464469246)
8 (27, 0.036179426611125554)
9 (29, 0.03609521803438423)
10 (1, 0.0351882511268171)
11 (6, 0.0351882511268171)
12 (8, 0.0351882511268171)
13 (9, 0.0351882511268171)
14 (11, 0.0351882511268171)
15 (12, 0.0351882511268171)
16 (13, 0.0351882511268171)
17 (15, 0.0351882511268171)
18 (18, 0.0351882511268171)
19 (19, 0.0351882511268171)
20 (32, 0.0351882511268171)
21 (33, 0.0351882511268171)
22 (14, 0.03342042642816581)
23 (26, 0.014241217497980194)
24 (4, 0.010655021809591715)
25 (23, 0.0075667450685903154)
26 (30, 0.006835657901034561)
27 (22, 0.0066161661809429435)
28 (5, 0.005703955003596986)
29 (3, 0.005278237669022566)
30 (7, 0.005278237669022566)
31 (10, 0.005278237669022566)
32 (16, 0.005278237669022566)
33 (17, 0.005278237669022566)
34 (24, 0.005278237669022566)
6
carts
1 (2, 0.06814220049979199)
2 (23, 0.03483281011406905)
3 (0, 0.033077898438499675)
4 (1, 0.033077898438499675)
5 (3, 0.033077898438499675)
6 (4, 0.033077898438499675)
7 (5, 0.033077898438499675)
8 (6, 0.033077898438499675)
9 (8, 0.033077898438499675)
10 (9, 0.033077898438499675)
11 (10, 0.033077898438499675)
12 (11, 0.033077898438499675)
13 (12, 0.033077898438499675)
14 (13, 0.033077898438499675)
15 (15, 0.033077898438499675)
16 (16, 0.033077898438499675)
17 (18, 0.033077898438499675)
18 (19, 0.033077898438499675)
19 (20, 0.033077898438499675)
20 (24, 0.033077898438499675)
21 (25, 0.033077898438499675)
22 (27, 0.033077898438499675)
23 (28, 0.033077898438499675)
24 (29, 0.033077898438499675)
25 (31, 0.033077898438499675)
26 (32, 0.033077898438499675)
27 (33, 0.033077898438499675)
28 (22, 0.026286185831435396)
29 (30, 0.014239653636694837)
30 (26, 0.00970494989241722)
31 (7, 0.004961684765774952)
32 (14, 0.004961684765774952)
33 (17, 0.004961684765774952)
34 (21, 0.004961684765774952)
7
carts
1 (3, 0.09220842448029862)
2 (4, 0.05478650849743196)
3 (28, 0.04980990555732978)
4 (2, 0.04293539715927456)
5 (18, 0.04137092374107396)
6 (31, 0.03814655762954473)
7 (22, 0.03680773973367674)
8 (29, 0.0367922782597391)
9 (27, 0.03664137547341583)
10 (20, 0.03589070324383861)
11 (1, 0.03580809477641946)
12 (8, 0.03580809477641946)
13 (9, 0.03580809477641946)
14 (11, 0.03580809477641946)
15 (12, 0.03580809477641946)
16 (13, 0.03580809477641946)
17 (15, 0.03580809477641946)
18 (24, 0.03580809477641946)
19 (25, 0.03580809477641946)
20 (32, 0.03580809477641946)
21 (33, 0.03580809477641946)
22 (26, 0.03020792503785279)
23 (14, 0.028446136647777922)
24 (0, 0.01712527729949211)
25 (21, 0.012990118071175652)
26 (23, 0.007578502779290839)
27 (30, 0.006489664635296297)
28 (5, 0.005656233914098966)
29 (6, 0.0053712142164629205)
30 (7, 0.0053712142164629205)
31 (10, 0.0053712142164629205)
32 (16, 0.0053712142164629205)
33 (17, 0.0053712142164629205)
34 (19, 0.0053712142164629205)
8
carts
1 (26, 0.054192130467869214)
2 (2, 0.05371438091120907)
3 (21, 0.04382413556727183)
4 (22, 0.03739464881891892)
5 (30, 0.03710838695412546)
6 (1, 0.03539062752858131)
7 (3, 0.03539062752858131)
8 (4, 0.03539062752858131)
9 (6, 0.03539062752858131)
10 (8, 0.03539062752858131)
11 (9, 0.03539062752858131)
12 (11, 0.03539062752858131)
13 (12, 0.03539062752858131)
14 (13, 0.03539062752858131)
15 (15, 0.03539062752858131)
16 (18, 0.03539062752858131)
17 (19, 0.03539062752858131)
18 (24, 0.03539062752858131)
19 (25, 0.03539062752858131)
20 (27, 0.03539062752858131)
21 (28, 0.03539062752858131)
22 (29, 0.03539062752858131)
23 (31, 0.03539062752858131)
24 (32, 0.03539062752858131)
25 (33, 0.03539062752858131)
26 (20, 0.01838249110235236)
27 (23, 0.008245739113890623)
28 (14, 0.007473971717012967)
29 (0, 0.005308594129287198)
30 (5, 0.005308594129287198)
31 (7, 0.005308594129287198)
32 (10, 0.005308594129287198)
33 (16, 0.005308594129287198)
34 (17, 0.005308594129287198)
9
carts
1 (21, 0.05705467285553187)
2 (2, 0.053488378863819755)
3 (20, 0.05091886515507905)
4 (29, 0.04848773948448504)
5 (1, 0.046841612448437646)
6 (3, 0.046841612448437646)
7 (14, 0.046841612448437646)
8 (19, 0.046841612448437646)
9 (25, 0.046841612448437646)
10 (33, 0.046841612448437646)
11 (30, 0.04354036148655337)
12 (22, 0.042242127825487724)
13 (27, 0.04184411201209412)
14 (6, 0.03992989047381006)
15 (8, 0.03992989047381006)
16 (9, 0.03992989047381006)
17 (11, 0.03992989047381006)
18 (12, 0.03992989047381006)
19 (13, 0.03992989047381006)
20 (32, 0.03992989047381006)
21 (26, 0.01388928038024697)
22 (23, 0.011898602177801216)
23 (0, 0.008722639410858744)
24 (28, 0.006820380335936123)
25 (5, 0.006628579865166204)
26 (4, 0.005989483571071511)
27 (7, 0.005989483571071511)
28 (10, 0.005989483571071511)
29 (15, 0.005989483571071511)
30 (16, 0.005989483571071511)
31 (17, 0.005989483571071511)
32 (18, 0.005989483571071511)
33 (24, 0.005989483571071511)
34 (31, 0.005989483571071511)
10
carts
1 (22, 0.060762488677341124)
2 (26, 0.04648599650502507)
3 (23, 0.04384295571850713)
4 (2, 0.04016740750034998)
5 (1, 0.03545387787881165)
6 (3, 0.03545387787881165)
7 (4, 0.03545387787881165)
8 (6, 0.03545387787881165)
9 (8, 0.03545387787881165)
10 (9, 0.03545387787881165)
11 (11, 0.03545387787881165)
12 (12, 0.03545387787881165)
13 (13, 0.03545387787881165)
14 (15, 0.03545387787881165)
15 (16, 0.03545387787881165)
16 (18, 0.03545387787881165)
17 (19, 0.03545387787881165)
18 (24, 0.03545387787881165)
19 (25, 0.03545387787881165)
20 (27, 0.03545387787881165)
21 (28, 0.03545387787881165)
22 (29, 0.03545387787881165)
23 (31, 0.03545387787881165)
24 (32, 0.03545387787881165)
25 (33, 0.03545387787881165)
26 (14, 0.0107670753509339)
27 (21, 0.0107670753509339)
28 (30, 0.0107670753509339)
29 (0, 0.005318081681821748)
30 (5, 0.005318081681821748)
31 (7, 0.005318081681821748)
32 (10, 0.005318081681821748)
33 (17, 0.005318081681821748)
34 (20, 0.005318081681821748)
-----one service finish-----
5
1
payment
1 (12, 0.13908694067088426)
2 (0, 0.0784686017924663)
3 (15, 0.06231634335610786)
4 (16, 0.050982696175808154)
5 (32, 0.049660048546089915)
6 (11, 0.04712369740894732)
7 (3, 0.04502200166220987)
8 (33, 0.04478465897021974)
9 (22, 0.044237814801901525)
10 (8, 0.043890941420900914)
11 (19, 0.043890941420900914)
12 (24, 0.043890941420900914)
13 (29, 0.043890941420900914)
14 (6, 0.038430672070316876)
15 (1, 0.037580504311960354)
16 (10, 0.023912804650370295)
17 (27, 0.022675343740343183)
18 (26, 0.02192433582438194)
19 (31, 0.012151431772078974)
20 (13, 0.011947512755734618)
21 (17, 0.008108051496784964)
22 (28, 0.00773948738468657)
23 (21, 0.007180550881138809)
24 (4, 0.006643523947091581)
25 (18, 0.006595546795011325)
26 (34, 0.006432329936182782)
27 (7, 0.006334730191326516)
28 (2, 0.005637075646794054)
29 (5, 0.005637075646794054)
30 (9, 0.005637075646794054)
31 (14, 0.005637075646794054)
32 (20, 0.005637075646794054)
33 (23, 0.005637075646794054)
34 (25, 0.005637075646794054)
35 (30, 0.005637075646794054)
2
payment
1 (12, 0.10899365922684273)
2 (32, 0.06439267590676105)
3 (26, 0.05903762790052357)
4 (16, 0.05402833918578888)
5 (22, 0.05150355727033142)
6 (3, 0.046033115547388745)
7 (8, 0.046033115547388745)
8 (19, 0.046033115547388745)
9 (24, 0.046033115547388745)
10 (29, 0.046033115547388745)
11 (33, 0.046033115547388745)
12 (17, 0.04399710987314546)
13 (11, 0.040152066696108414)
14 (6, 0.040126252813551234)
15 (1, 0.039180849216245574)
16 (0, 0.03648694817610897)
17 (10, 0.028326538370294387)
18 (15, 0.024311213822534927)
19 (31, 0.017261873799053692)
20 (27, 0.014865888001069943)
21 (13, 0.012729393713580006)
22 (21, 0.008108605409403434)
23 (28, 0.007708015931474451)
24 (18, 0.006946163918625768)
25 (7, 0.006873253659855281)
26 (2, 0.005877127382436838)
27 (4, 0.005877127382436838)
28 (5, 0.005877127382436838)
29 (9, 0.005877127382436838)
30 (14, 0.005877127382436838)
31 (20, 0.005877127382436838)
32 (23, 0.005877127382436838)
33 (25, 0.005877127382436838)
34 (30, 0.005877127382436838)
35 (34, 0.005877127382436838)
3
payment
1 (32, 0.0799631753769401)
2 (26, 0.06713856618922304)
3 (16, 0.05688041316102987)
4 (28, 0.0516114236203999)
5 (3, 0.04798275817125127)
6 (8, 0.04798275817125127)
7 (19, 0.04798275817125127)
8 (25, 0.04798275817125127)
9 (29, 0.04798275817125127)
10 (33, 0.04798275817125127)
11 (12, 0.04309708663682725)
12 (0, 0.0430748758661707)
13 (11, 0.04252986575722861)
14 (1, 0.040619801927042086)
15 (6, 0.040619801927042086)
16 (15, 0.040619801927042086)
17 (22, 0.040619801927042086)
18 (10, 0.030496309305777375)
19 (31, 0.017158952277440062)
20 (13, 0.013455926533265498)
21 (17, 0.012075013418740382)
22 (7, 0.009869706489926976)
23 (21, 0.009157285162678525)
24 (2, 0.006092970289056312)
25 (4, 0.006092970289056312)
26 (5, 0.006092970289056312)
27 (9, 0.006092970289056312)
28 (14, 0.006092970289056312)
29 (18, 0.006092970289056312)
30 (20, 0.006092970289056312)
31 (23, 0.006092970289056312)
32 (24, 0.006092970289056312)
33 (27, 0.006092970289056312)
34 (30, 0.006092970289056312)
35 (34, 0.006092970289056312)
4
payment
1 (8, 0.11714941947187793)
2 (9, 0.07627098086001269)
3 (12, 0.06659729635902904)
4 (0, 0.05576291659619725)
5 (16, 0.04913353334296825)
6 (19, 0.04880695493911054)
7 (3, 0.04338803877423992)
8 (33, 0.04282649162194017)
9 (24, 0.04218211699879458)
10 (29, 0.04218211699879458)
11 (26, 0.041740628353011)
12 (32, 0.04094165123118979)
13 (22, 0.03909253774658224)
14 (11, 0.03890228712000052)
15 (15, 0.03809053400817136)
16 (6, 0.036998810550888286)
17 (1, 0.036283772531479845)
18 (27, 0.01817505549274551)
19 (21, 0.014894611713983728)
20 (10, 0.011726877192379788)
21 (13, 0.011340910347036716)
22 (20, 0.009205915282506786)
23 (17, 0.007127448178757769)
24 (28, 0.007105309014372932)
25 (31, 0.006727420015135459)
26 (4, 0.006551610741922738)
27 (18, 0.006185492623661748)
28 (34, 0.0060351751017158825)
29 (7, 0.005918691513161162)
30 (2, 0.005442565879721977)
31 (5, 0.005442565879721977)
32 (14, 0.005442565879721977)
33 (23, 0.005442565879721977)
34 (25, 0.005442565879721977)
35 (30, 0.005442565879721977)
5
payment
1 (8, 0.10304441073498967)
2 (29, 0.0685469731300974)
3 (19, 0.06289841674617754)
4 (9, 0.05892990182945623)
5 (0, 0.05784420909811542)
6 (16, 0.051666228468339084)
7 (12, 0.04762368981641169)
8 (3, 0.04738229488980958)
9 (33, 0.04469739762390358)
10 (32, 0.04456238557341066)
11 (25, 0.04399599424214818)
12 (26, 0.04328764698726276)
13 (15, 0.04037565944111276)
14 (22, 0.03956027615048989)
15 (6, 0.038586788958815)
16 (1, 0.03765550161610183)
17 (20, 0.021354212500377376)
18 (27, 0.01971234502801306)
19 (10, 0.01284974417640458)
20 (13, 0.011988817868461628)
21 (21, 0.009552253440540332)
22 (31, 0.00914644279764027)
23 (4, 0.008659032557630371)
24 (28, 0.007504626572865034)
25 (11, 0.007282803309549866)
26 (5, 0.0071057484277236025)
27 (18, 0.007099435391938453)
28 (17, 0.006925041391583682)
29 (34, 0.006271769776138844)
30 (2, 0.0056483252424152745)
31 (7, 0.0056483252424152745)
32 (14, 0.0056483252424152745)
33 (23, 0.0056483252424152745)
34 (24, 0.0056483252424152745)
35 (30, 0.0056483252424152745)
6
payment
1 (28, 0.14302627100510887)
2 (27, 0.0862039836654106)
3 (15, 0.06720567049652816)
4 (12, 0.05223042350181104)
5 (32, 0.0458122292458616)
6 (3, 0.045026087181849896)
7 (8, 0.0440445930519301)
8 (13, 0.0440445930519301)
9 (19, 0.0440445930519301)
10 (29, 0.0440445930519301)
11 (22, 0.041777953363967495)
12 (11, 0.0385749646895693)
13 (16, 0.03853863347499184)
14 (6, 0.038342402473363645)
15 (1, 0.03770379970163127)
16 (0, 0.03570917482608391)
17 (10, 0.015862466074120958)
18 (21, 0.014841493860138858)
19 (33, 0.012861809778738827)
20 (26, 0.012851566672347055)
21 (25, 0.011996363305543512)
22 (17, 0.007647077745047528)
23 (31, 0.006942897976863823)
24 (7, 0.0068111548449643995)
25 (4, 0.006529183303440776)
26 (34, 0.006425891007694019)
27 (2, 0.0056555699552446916)
28 (5, 0.0056555699552446916)
29 (9, 0.0056555699552446916)
30 (14, 0.0056555699552446916)
31 (18, 0.0056555699552446916)
32 (20, 0.0056555699552446916)
33 (23, 0.0056555699552446916)
34 (24, 0.0056555699552446916)
35 (30, 0.0056555699552446916)
7
payment
1 (12, 0.11685163316508876)
2 (26, 0.06558041687317154)
3 (32, 0.05767337083649173)
4 (16, 0.05410406546580286)
5 (22, 0.04909070191936865)
6 (3, 0.047497394018004985)
7 (8, 0.04608459394317087)
8 (19, 0.04608459394317087)
9 (24, 0.04608459394317087)
10 (29, 0.04608459394317087)
11 (33, 0.04608459394317087)
12 (17, 0.04422110119082051)
13 (0, 0.0413840273907849)
14 (6, 0.040225689044134524)
15 (11, 0.04006885723081148)
16 (1, 0.039218674646021814)
17 (15, 0.02460988569979861)
18 (10, 0.019853475085469568)
19 (27, 0.014987575052924524)
20 (13, 0.012748720494052321)
21 (31, 0.009480990366408686)
22 (21, 0.008664177993910048)
23 (5, 0.008435677880644121)
24 (28, 0.00779944333050502)
25 (4, 0.007092378569856351)
26 (18, 0.0070435632579451506)
27 (2, 0.005882801196903273)
28 (7, 0.005882801196903273)
29 (9, 0.005882801196903273)
30 (14, 0.005882801196903273)
31 (20, 0.005882801196903273)
32 (23, 0.005882801196903273)
33 (25, 0.005882801196903273)
34 (30, 0.005882801196903273)
35 (34, 0.005882801196903273)
8
payment
1 (0, 0.06234373480417262)
2 (32, 0.05775078905098494)
3 (22, 0.05177838637795208)
4 (3, 0.04557431808690538)
5 (8, 0.04557431808690538)
6 (13, 0.04557431808690538)
7 (17, 0.04557431808690538)
8 (19, 0.04557431808690538)
9 (24, 0.04557431808690538)
10 (26, 0.04557431808690538)
11 (29, 0.04557431808690538)
12 (33, 0.04557431808690538)
13 (1, 0.03884182077474859)
14 (6, 0.03884182077474859)
15 (11, 0.03884182077474859)
16 (12, 0.03884182077474859)
17 (16, 0.03884182077474859)
18 (18, 0.03884182077474859)
19 (23, 0.03884182077474859)
20 (10, 0.027558640571703406)
21 (15, 0.02033839265666162)
22 (27, 0.012558770428369078)
23 (31, 0.011836961763817792)
24 (21, 0.009683711862614628)
25 (2, 0.005826273116212289)
26 (4, 0.005826273116212289)
27 (5, 0.005826273116212289)
28 (7, 0.005826273116212289)
29 (9, 0.005826273116212289)
30 (14, 0.005826273116212289)
31 (20, 0.005826273116212289)
32 (25, 0.005826273116212289)
33 (28, 0.005826273116212289)
34 (30, 0.005826273116212289)
35 (34, 0.005826273116212289)
9
payment
1 (32, 0.07382178250815577)
2 (0, 0.04754919372485887)
3 (3, 0.04147502212351301)
4 (19, 0.04147502212351301)
5 (25, 0.04147502212351301)
6 (30, 0.04147502212351301)
7 (33, 0.04147502212351301)
8 (1, 0.03576648354389105)
9 (2, 0.03576648354389105)
10 (6, 0.03576648354389105)
11 (8, 0.03576648354389105)
12 (9, 0.03576648354389105)
13 (11, 0.03576648354389105)
14 (12, 0.03576648354389105)
15 (13, 0.03576648354389105)
16 (14, 0.03576648354389105)
17 (16, 0.03576648354389105)
18 (18, 0.03576648354389105)
19 (22, 0.03576648354389105)
20 (23, 0.03576648354389105)
21 (26, 0.03576648354389105)
22 (28, 0.03576648354389105)
23 (10, 0.03576012511259513)
24 (21, 0.02856475987179539)
25 (7, 0.011073511111205619)
26 (15, 0.011073511111205619)
27 (4, 0.005364972531583658)
28 (5, 0.005364972531583658)
29 (17, 0.005364972531583658)
30 (20, 0.005364972531583658)
31 (24, 0.005364972531583658)
32 (27, 0.005364972531583658)
33 (29, 0.005364972531583658)
34 (31, 0.005364972531583658)
35 (34, 0.005364972531583658)
10
payment
1 (26, 0.12045618646129203)
2 (29, 0.09352290497848575)
3 (8, 0.07730783457662273)
4 (16, 0.05899219977197497)
5 (20, 0.058419461091940045)
6 (0, 0.05408868742460983)
7 (3, 0.05089388388881398)
8 (24, 0.05059358757082319)
9 (32, 0.04498147327990728)
10 (11, 0.04437017605428495)
11 (6, 0.042567309611977446)
12 (1, 0.04165283739707357)
13 (9, 0.028781141663361594)
14 (15, 0.027056201742470035)
15 (30, 0.023827016696981337)
16 (12, 0.017751251219013)
17 (33, 0.014951937094964349)
18 (13, 0.013991117038762093)
19 (27, 0.013305020928529374)
20 (10, 0.010506174814404353)
21 (31, 0.009662545465017542)
22 (21, 0.008849329366373828)
23 (19, 0.008752247127117826)
24 (28, 0.0081947617390466)
25 (17, 0.007769476115179012)
26 (22, 0.00762291254774867)
27 (4, 0.007456551273700214)
28 (25, 0.007214476608885307)
29 (34, 0.007023215427373551)
30 (18, 0.006980643760258816)
31 (7, 0.00689336909059727)
32 (5, 0.006820291343726281)
33 (2, 0.006247925609561035)
34 (14, 0.006247925609561035)
35 (23, 0.006247925609561035)
-----one service finish-----
6
1
shipping
1 (32, 0.18817062671603654)
2 (31, 0.11898482443924843)
3 (14, 0.09594357685203729)
4 (30, 0.07843183396214604)
5 (0, 0.05369645795678736)
6 (21, 0.044672872000203756)
7 (3, 0.04328469347390692)
8 (8, 0.04328469347390692)
9 (19, 0.04328469347390692)
10 (27, 0.04328469347390692)
11 (26, 0.03807803369460497)
12 (6, 0.03723260503246115)
13 (20, 0.024985998190452344)
14 (11, 0.0123160614397937)
15 (12, 0.011636979196314947)
16 (24, 0.011636979196314946)
17 (25, 0.009483648905319957)
18 (33, 0.0073850291669494755)
19 (5, 0.007383387928170926)
20 (7, 0.0072432406869053926)
21 (10, 0.0064813767680365975)
22 (22, 0.006079004914158438)
23 (1, 0.005584890754869173)
24 (2, 0.005584890754869173)
25 (4, 0.005584890754869173)
26 (9, 0.005584890754869173)
27 (13, 0.005584890754869173)
28 (15, 0.005584890754869173)
29 (16, 0.005584890754869173)
30 (17, 0.005584890754869173)
31 (18, 0.005584890754869173)
32 (23, 0.005584890754869173)
33 (28, 0.005584890754869173)
34 (29, 0.005584890754869173)
2
shipping
1 (0, 0.16423289113393333)
2 (32, 0.11129485998314805)
3 (14, 0.06996596927981719)
4 (31, 0.06332594927854944)
5 (6, 0.06302389911445704)
6 (27, 0.054383939675219574)
7 (19, 0.0523697365086251)
8 (21, 0.051902177904612566)
9 (10, 0.04996675265097855)
10 (1, 0.04398441168474804)
11 (30, 0.04080214693177646)
12 (20, 0.022077840650440876)
13 (33, 0.017719322957846853)
14 (11, 0.017440925223427224)
15 (3, 0.015674515069255497)
16 (8, 0.014982986576589273)
17 (12, 0.014982986576589273)
18 (23, 0.014982986576589273)
19 (5, 0.012942995613777986)
20 (7, 0.00837106754883556)
21 (16, 0.007898555352995015)
22 (25, 0.007290943028495546)
23 (22, 0.007263596096730481)
24 (4, 0.007141927055439821)
25 (2, 0.006597661752712206)
26 (9, 0.006597661752712206)
27 (13, 0.006597661752712206)
28 (15, 0.006597661752712206)
29 (17, 0.006597661752712206)
30 (18, 0.006597661752712206)
31 (24, 0.006597661752712206)
32 (26, 0.006597661752712206)
33 (28, 0.006597661752712206)
34 (29, 0.006597661752712206)
3
shipping
1 (31, 0.17043241985469174)
2 (14, 0.10602447146968)
3 (30, 0.0860436671717772)
4 (0, 0.0579408082157436)
5 (32, 0.053058826705861185)
6 (1, 0.05055932277902649)
7 (3, 0.045248564215767055)
8 (8, 0.045248564215767055)
9 (12, 0.045248564215767055)
10 (19, 0.045248564215767055)
11 (27, 0.045248564215767055)
12 (26, 0.039682900660570494)
13 (6, 0.038735032377799676)
14 (20, 0.028583627942940275)
15 (24, 0.012323786694637339)
16 (5, 0.011386835438034936)
17 (21, 0.010511106259868088)
18 (25, 0.009356776001600519)
19 (33, 0.007923341504470782)
20 (7, 0.00765821155853319)
21 (10, 0.006633154414417833)
22 (11, 0.006526510951522875)
23 (22, 0.006463575496619072)
24 (2, 0.005810254856669952)
25 (4, 0.005810254856669952)
26 (9, 0.005810254856669952)
27 (13, 0.005810254856669952)
28 (15, 0.005810254856669952)
29 (16, 0.005810254856669952)
30 (17, 0.005810254856669952)
31 (18, 0.005810254856669952)
32 (23, 0.005810254856669952)
33 (28, 0.005810254856669952)
34 (29, 0.005810254856669952)
4
shipping
1 (10, 0.031589659334328495)
2 (16, 0.0312661391751854)
3 (31, 0.03120163479046575)
4 (0, 0.03004784632504214)
5 (1, 0.03004784632504214)
6 (2, 0.03004784632504214)
7 (3, 0.03004784632504214)
8 (4, 0.03004784632504214)
9 (5, 0.03004784632504214)
10 (6, 0.03004784632504214)
11 (7, 0.03004784632504214)
12 (8, 0.03004784632504214)
13 (9, 0.03004784632504214)
14 (11, 0.03004784632504214)
15 (12, 0.03004784632504214)
16 (13, 0.03004784632504214)
17 (14, 0.03004784632504214)
18 (15, 0.03004784632504214)
19 (17, 0.03004784632504214)
20 (18, 0.03004784632504214)
21 (19, 0.03004784632504214)
22 (20, 0.03004784632504214)
23 (21, 0.03004784632504214)
24 (22, 0.03004784632504214)
25 (23, 0.03004784632504214)
26 (24, 0.03004784632504214)
27 (25, 0.03004784632504214)
28 (26, 0.03004784632504214)
29 (27, 0.03004784632504214)
30 (28, 0.03004784632504214)
31 (30, 0.03004784632504214)
32 (32, 0.03004784632504214)
33 (33, 0.03004784632504214)
34 (29, 0.004507176948756322)
5
shipping
1 (0, 0.16972368799506254)
2 (20, 0.08521969176347126)
3 (10, 0.08148099196325528)
4 (32, 0.067472300387806)
5 (6, 0.05769137776700545)
6 (14, 0.05460348613575275)
7 (19, 0.04880342490113374)
8 (27, 0.04880342490113374)
9 (21, 0.04842380692277559)
10 (1, 0.04138077100052582)
11 (26, 0.04138077100052582)
12 (30, 0.03784487210707484)
13 (31, 0.02847328984548773)
14 (11, 0.022517722416558514)
15 (3, 0.013629769550686805)
16 (8, 0.013629769550686805)
17 (23, 0.013629769550686805)
18 (12, 0.013629769550686802)
19 (5, 0.01343265170065293)
20 (33, 0.00874425620867704)
21 (7, 0.008052980373053676)
22 (22, 0.006946026606353596)
23 (2, 0.006207115650078873)
24 (4, 0.006207115650078873)
25 (9, 0.006207115650078873)
26 (13, 0.006207115650078873)
27 (15, 0.006207115650078873)
28 (16, 0.006207115650078873)
29 (17, 0.006207115650078873)
30 (18, 0.006207115650078873)
31 (24, 0.006207115650078873)
32 (25, 0.006207115650078873)
33 (28, 0.006207115650078873)
34 (29, 0.006207115650078873)
6
shipping
1 (31, 0.1589692640860203)
2 (14, 0.08938481168739117)
3 (30, 0.06896961408180109)
4 (21, 0.05424226562549731)
5 (32, 0.049676456515885856)
6 (3, 0.0461776333416458)
7 (8, 0.0461776333416458)
8 (12, 0.0461776333416458)
9 (18, 0.0461776333416458)
10 (27, 0.0461776333416458)
11 (0, 0.041725342532430154)
12 (11, 0.04026933414405661)
13 (1, 0.039429819567667425)
14 (6, 0.039429819567667425)
15 (26, 0.039429819567667425)
16 (20, 0.020460855088773888)
17 (24, 0.012662286709128492)
18 (10, 0.01135746979626474)
19 (25, 0.008794312814333525)
20 (7, 0.007985362010494318)
21 (5, 0.007697706297273961)
22 (33, 0.0068876254262178116)
23 (22, 0.00668046548654827)
24 (2, 0.005914472935150113)
25 (4, 0.005914472935150113)
26 (9, 0.005914472935150113)
27 (13, 0.005914472935150113)
28 (15, 0.005914472935150113)
29 (16, 0.005914472935150113)
30 (17, 0.005914472935150113)
31 (19, 0.005914472935150113)
32 (23, 0.005914472935150113)
33 (28, 0.005914472935150113)
34 (29, 0.005914472935150113)
7
shipping
1 (6, 0.15854735481999843)
2 (20, 0.10333856555475446)
3 (14, 0.07426677801373738)
4 (0, 0.07376167281303861)
5 (32, 0.07033525446821999)
6 (30, 0.053237088703809825)
7 (8, 0.0468565874283186)
8 (19, 0.0468565874283186)
9 (27, 0.0468565874283186)
10 (10, 0.04669097056922785)
11 (21, 0.046082238783206254)
12 (1, 0.03993708234840722)
13 (11, 0.020937696484031498)
14 (31, 0.020046433416485716)
15 (3, 0.01291006743217246)
16 (12, 0.01291006743217246)
17 (24, 0.01291006743217246)
18 (5, 0.01106470825483385)
19 (7, 0.007877339648291126)
20 (33, 0.007424761155874936)
21 (16, 0.0068281734358411365)
22 (15, 0.006686173352373718)
23 (26, 0.006596457215532845)
24 (22, 0.006575779491953707)
25 (25, 0.0065504457185585055)
26 (2, 0.005990562352261084)
27 (4, 0.005990562352261084)
28 (9, 0.005990562352261084)
29 (13, 0.005990562352261084)
30 (17, 0.005990562352261084)
31 (18, 0.005990562352261084)
32 (23, 0.005990562352261084)
33 (28, 0.005990562352261084)
34 (29, 0.005990562352261084)
8
shipping
1 (32, 0.1869930248579093)
2 (5, 0.0945364687869575)
3 (0, 0.07617446578313357)
4 (33, 0.0678272134859777)
5 (31, 0.058333295361092746)
6 (6, 0.05291322778329585)
7 (14, 0.04726720299518524)
8 (27, 0.046448477390935106)
9 (10, 0.04588580899303476)
10 (19, 0.04544408025597215)
11 (21, 0.045208856317751206)
12 (1, 0.038861608498166555)
13 (30, 0.03135829475623723)
14 (3, 0.01241171303253058)
15 (12, 0.01241171303253058)
16 (8, 0.012411713032530578)
17 (23, 0.012411713032530578)
18 (11, 0.011443187793922437)
19 (20, 0.009877467364826233)
20 (7, 0.0075025508018333525)
21 (16, 0.0072070613926871595)
22 (22, 0.006500982643963691)
23 (25, 0.0064482185850210025)
24 (2, 0.005829241274724985)
25 (4, 0.005829241274724985)
26 (9, 0.005829241274724985)
27 (13, 0.005829241274724985)
28 (15, 0.005829241274724985)
29 (17, 0.005829241274724985)
30 (18, 0.005829241274724985)
31 (24, 0.005829241274724985)
32 (26, 0.005829241274724985)
33 (28, 0.005829241274724985)
34 (29, 0.005829241274724985)
9
shipping
1 (0, 0.06173702392202023)
2 (11, 0.06173702392202023)
3 (6, 0.061737023922020226)
4 (5, 0.05991242866305248)
5 (21, 0.05967186469606735)
6 (20, 0.05477034726047471)
7 (12, 0.051519198444281884)
8 (19, 0.051519198444281884)
9 (23, 0.051519198444281884)
10 (27, 0.051519198444281884)
11 (32, 0.051519198444281884)
12 (31, 0.05145460275079319)
13 (10, 0.05044556613928967)
14 (1, 0.04336653219249643)
15 (15, 0.04336653219249643)
16 (26, 0.04336653219249643)
17 (3, 0.014657646080659928)
18 (8, 0.014657646080659928)
19 (14, 0.014657646080659928)
20 (16, 0.01320182593347077)
21 (7, 0.009099027974544528)
22 (2, 0.006504979828874464)
23 (4, 0.006504979828874464)
24 (9, 0.006504979828874464)
25 (13, 0.006504979828874464)
26 (17, 0.006504979828874464)
27 (18, 0.006504979828874464)
28 (22, 0.006504979828874464)
29 (24, 0.006504979828874464)
30 (25, 0.006504979828874464)
31 (28, 0.006504979828874464)
32 (29, 0.006504979828874464)
33 (30, 0.006504979828874464)
34 (33, 0.006504979828874464)
10
shipping
1 (32, 0.1817514606612043)
2 (0, 0.09170765843851522)
3 (14, 0.05936333484506797)
4 (31, 0.057429971936244543)
5 (6, 0.05707239420842995)
6 (20, 0.0561379194913365)
7 (27, 0.0500763963835454)
8 (21, 0.048518504856862835)
9 (19, 0.04837855735996234)
10 (10, 0.0469299397906752)
11 (1, 0.041067021508604196)
12 (26, 0.041067021508604196)
13 (30, 0.03498032941765503)
14 (11, 0.0152099550102912)
15 (3, 0.014103916909716947)
16 (12, 0.013471589077648779)
17 (8, 0.013471589077648775)
18 (23, 0.013471589077648775)
19 (33, 0.01344563369897162)
20 (5, 0.011736197308573573)
21 (7, 0.007955698672762074)
22 (25, 0.006875277315647463)
23 (22, 0.006848148032352202)
24 (16, 0.006797574055935851)
25 (4, 0.006691842319479435)
26 (2, 0.006160053226290631)
27 (9, 0.006160053226290631)
28 (13, 0.006160053226290631)
29 (15, 0.006160053226290631)
30 (17, 0.006160053226290631)
31 (18, 0.006160053226290631)
32 (24, 0.006160053226290631)
33 (28, 0.006160053226290631)
34 (29, 0.006160053226290631)
-----one service finish-----
2023-03-14 12:11:57
