2023-03-14 09:43:03
0
1
front-end
1 (26, 0.1279702911799578)
2 (14, 0.08161022336709033)
3 (0, 0.0769618362170207)
4 (21, 0.06994791487594233)
5 (20, 0.06893625444036684)
6 (18, 0.0634636543898521)
7 (5, 0.060288639037002635)
8 (25, 0.05702703640512739)
9 (19, 0.05684270024035525)
10 (22, 0.03801236465810989)
11 (2, 0.0369191403633692)
12 (30, 0.03117529166171524)
13 (15, 0.024177582158902113)
14 (28, 0.019135195431450487)
15 (27, 0.01888510048671809)
16 (31, 0.01832127315946861)
17 (23, 0.01794152627124217)
18 (12, 0.017517262165551377)
19 (13, 0.015903628076899164)
20 (8, 0.012359871237082997)
21 (9, 0.011124731361411318)
22 (3, 0.009751710551984118)
23 (10, 0.006939647291594995)
24 (6, 0.0068943194907965044)
25 (11, 0.006765656393633586)
26 (29, 0.006018353153185652)
27 (32, 0.005980513579317884)
28 (4, 0.005739729539922438)
29 (1, 0.00547771056298579)
30 (7, 0.00547771056298579)
31 (16, 0.00547771056298579)
32 (17, 0.00547771056298579)
33 (24, 0.00547771056298579)
2
front-end
1 (2, 0.125011791924159)
2 (14, 0.0932455438537073)
3 (27, 0.0804292542330949)
4 (21, 0.06369355737270724)
5 (26, 0.049844516979519304)
6 (12, 0.04483141479817869)
7 (28, 0.04134008342742969)
8 (22, 0.040631442077082684)
9 (6, 0.03821934842551384)
10 (11, 0.0381475776298623)
11 (8, 0.03433450502520512)
12 (18, 0.03258689052605314)
13 (3, 0.03191127932253222)
14 (9, 0.027287642165673535)
15 (4, 0.02522863727326638)
16 (0, 0.024730197117700674)
17 (30, 0.024620018069864785)
18 (20, 0.024521621843803413)
19 (25, 0.024045253514660584)
20 (5, 0.018607749511609473)
21 (31, 0.01855238013873605)
22 (15, 0.01768940167357802)
23 (19, 0.015190206795837909)
24 (23, 0.0116764682914189)
25 (10, 0.0071407426053852995)
26 (13, 0.006627383842877474)
27 (29, 0.006160874031666236)
28 (32, 0.006038404558237986)
29 (1, 0.005531162594127582)
30 (7, 0.005531162594127582)
31 (16, 0.005531162594127582)
32 (17, 0.005531162594127582)
33 (24, 0.005531162594127582)
3
front-end
1 (21, 0.08666553479619368)
2 (19, 0.08176961357022905)
3 (15, 0.08162759136195873)
4 (18, 0.0809115806134532)
5 (26, 0.08032692782236237)
6 (13, 0.06224525482240667)
7 (6, 0.06036366286024867)
8 (12, 0.057398437956979034)
9 (23, 0.05643373219326655)
10 (30, 0.05527978434457244)
11 (8, 0.05033308706092188)
12 (9, 0.04908282829480144)
13 (24, 0.03549765385634202)
14 (27, 0.029716473927642043)
15 (31, 0.013673046450534384)
16 (3, 0.011458671110691638)
17 (0, 0.00957896488578733)
18 (28, 0.009293119979926852)
19 (32, 0.007914207491127754)
20 (14, 0.007763103001938898)
21 (4, 0.007054180652578271)
22 (25, 0.006928345668457328)
23 (11, 0.006428920750517057)
24 (20, 0.0061585695260142435)
25 (2, 0.005632026643808683)
26 (22, 0.005552691313598034)
27 (5, 0.005241956799759199)
28 (10, 0.005228781205534016)
29 (17, 0.0052128708638871715)
30 (29, 0.004978449941488137)
31 (1, 0.004749976744324367)
32 (7, 0.004749976744324367)
33 (16, 0.004749976744324367)
4
front-end
1 (6, 0.08291293012453586)
2 (13, 0.07861344419408851)
3 (12, 0.07762723512214288)
4 (19, 0.07687140280594658)
5 (23, 0.07276203984989608)
6 (18, 0.0698196711409054)
7 (15, 0.06653230115558595)
8 (11, 0.06611110807104165)
9 (30, 0.053176148696272824)
10 (24, 0.05027259931512143)
11 (26, 0.04489101862528007)
12 (9, 0.04431338800172252)
13 (8, 0.039253330131561646)
14 (21, 0.026304331862351513)
15 (28, 0.018239579065974523)
16 (4, 0.01744254333737333)
17 (32, 0.010608822248353852)
18 (3, 0.010564926525049667)
19 (27, 0.010497397013356821)
20 (0, 0.008710718161663335)
21 (14, 0.007999874001852057)
22 (31, 0.007656701163919315)
23 (22, 0.0069497845460824055)
24 (25, 0.006890927380209311)
25 (20, 0.006053973248196793)
26 (2, 0.0054618371561454375)
27 (17, 0.005304754263073594)
28 (10, 0.005009473787603988)
29 (29, 0.004780796211012526)
30 (5, 0.0047305791573166315)
31 (1, 0.004545454545454547)
32 (7, 0.004545454545454547)
33 (16, 0.004545454545454547)
5
front-end
1 (2, 0.11424826298700463)
2 (18, 0.08858510154071879)
3 (20, 0.07084772818112633)
4 (23, 0.061291148316389224)
5 (14, 0.05436260211716084)
6 (31, 0.053382654313592744)
7 (19, 0.046720757294598764)
8 (30, 0.04545434825690374)
9 (25, 0.0409990364979238)
10 (22, 0.0403312827205751)
11 (11, 0.039856207317493154)
12 (26, 0.03984572679742378)
13 (6, 0.039212778049805136)
14 (21, 0.038168170986962)
15 (27, 0.02897549474605173)
16 (0, 0.028798330609582957)
17 (5, 0.02121653114737834)
18 (28, 0.020481891018690485)
19 (12, 0.013959994042595292)
20 (24, 0.013540762967519868)
21 (8, 0.013035590266994267)
22 (9, 0.011825600089566849)
23 (3, 0.01045671533060334)
24 (10, 0.008333723475881245)
25 (29, 0.007026797925116895)
26 (13, 0.006700091687316153)
27 (32, 0.0065439239202076055)
28 (17, 0.006354862024724777)
29 (4, 0.006326358358512716)
30 (1, 0.0057793817528948525)
31 (7, 0.0057793817528948525)
32 (15, 0.0057793817528948525)
33 (16, 0.0057793817528948525)
6
front-end
1 (26, 0.08949095574143046)
2 (18, 0.08795519361951215)
3 (19, 0.08473008134179334)
4 (21, 0.08115313797155489)
5 (15, 0.07957593971752455)
6 (30, 0.07870043262435801)
7 (23, 0.05837856410625674)
8 (13, 0.057335249488700446)
9 (24, 0.05618359106520821)
10 (12, 0.053079873029428744)
11 (6, 0.047993095978828816)
12 (8, 0.03752106399757181)
13 (9, 0.03483781846611839)
14 (27, 0.018689487429387953)
15 (31, 0.016206388728710795)
16 (3, 0.012291743020266775)
17 (32, 0.009058074696463131)
18 (0, 0.00832421145833338)
19 (4, 0.007996006422729775)
20 (11, 0.00770856094803899)
21 (28, 0.007161714636097924)
22 (25, 0.006603542157548149)
23 (20, 0.006390157116510657)
24 (22, 0.006023699311952778)
25 (2, 0.005733394903677243)
26 (14, 0.0054703992232746955)
27 (10, 0.005435229348011789)
28 (17, 0.005397990606183492)
29 (5, 0.005236058750713997)
30 (29, 0.005007406965902343)
31 (1, 0.004776979042636528)
32 (7, 0.004776979042636528)
33 (16, 0.004776979042636528)
7
front-end
1 (8, 0.1403686109680923)
2 (9, 0.10375404994561135)
3 (6, 0.09281149284740624)
4 (26, 0.08538727518071237)
5 (19, 0.07444196041743517)
6 (18, 0.07322496250081668)
7 (15, 0.069593063197157)
8 (27, 0.05219464379121441)
9 (30, 0.03779753827780897)
10 (21, 0.03289352577126608)
11 (23, 0.026214208018241158)
12 (31, 0.022027091953447844)
13 (24, 0.01763223840144907)
14 (25, 0.014930577942572326)
15 (3, 0.014172502965959462)
16 (5, 0.012766312263575707)
17 (28, 0.01157763856917346)
18 (12, 0.011056864707196194)
19 (11, 0.010874955945509532)
20 (4, 0.0098981744980783)
21 (32, 0.00956821724101105)
22 (17, 0.009165754218144903)
23 (22, 0.008363880683562419)
24 (20, 0.007648727556563232)
25 (0, 0.007286360538840209)
26 (2, 0.006287220585866151)
27 (14, 0.006207514845611179)
28 (13, 0.00572968605833464)
29 (29, 0.00570663712493012)
30 (10, 0.00521931982135346)
31 (1, 0.005066331054352987)
32 (7, 0.005066331054352987)
33 (16, 0.005066331054352987)
8
front-end
1 (6, 0.07876628982256552)
2 (8, 0.07803260269936065)
3 (26, 0.07700748114575996)
4 (15, 0.07590802075401734)
5 (12, 0.0746043240290659)
6 (23, 0.07244120429144452)
7 (13, 0.0720929751340216)
8 (9, 0.06952978413095943)
9 (24, 0.06811318976137297)
10 (21, 0.06663966986826275)
11 (11, 0.06122557648130048)
12 (30, 0.037608468003894946)
13 (28, 0.01809690727695817)
14 (31, 0.0172571083395856)
15 (19, 0.014103827780892957)
16 (4, 0.013112326009483173)
17 (27, 0.010836081958198985)
18 (5, 0.010175608292480716)
19 (18, 0.008775430360275192)
20 (3, 0.008024291704052621)
21 (32, 0.007262401005161786)
22 (2, 0.006141078704840737)
23 (0, 0.005798024493820495)
24 (25, 0.00554704409995228)
25 (20, 0.005136744318437587)
26 (14, 0.005052607671237189)
27 (22, 0.004853597886839355)
28 (17, 0.004725831290520707)
29 (29, 0.004714907050032865)
30 (10, 0.004694987125008234)
31 (1, 0.004573869503398489)
32 (7, 0.004573869503398489)
33 (16, 0.004573869503398489)
9
front-end
1 (6, 0.08361808090850326)
2 (15, 0.07990376871935963)
3 (24, 0.07842206730015809)
4 (9, 0.07812850364294781)
5 (8, 0.07307112528161787)
6 (12, 0.07293734567228703)
7 (23, 0.07170719632529839)
8 (13, 0.0704245444823841)
9 (30, 0.06758161860114359)
10 (11, 0.06673172689436065)
11 (21, 0.06250226840050974)
12 (27, 0.029057836109752835)
13 (26, 0.021654005156621744)
14 (31, 0.01619628217196066)
15 (18, 0.012518694012836841)
16 (28, 0.010365492442839727)
17 (3, 0.010266025932312128)
18 (0, 0.009730719108941872)
19 (32, 0.008542122501585711)
20 (25, 0.00805926540730284)
21 (20, 0.0067465760530294695)
22 (19, 0.006618325763496471)
23 (22, 0.006293948002353681)
24 (2, 0.0053172114176047985)
25 (14, 0.005229587762201168)
26 (10, 0.0050456679169829195)
27 (17, 0.005023666065057621)
28 (4, 0.005015424710995835)
29 (5, 0.004916022726594295)
30 (29, 0.004738516872595518)
31 (1, 0.004545454545454546)
32 (7, 0.004545454545454546)
33 (16, 0.004545454545454546)
10
front-end
1 (25, 0.09347995074025475)
2 (30, 0.08964816759899466)
3 (21, 0.08901562017280275)
4 (31, 0.07296768933535164)
5 (27, 0.05288387153123648)
6 (26, 0.051935525994470634)
7 (11, 0.04860392128666303)
8 (18, 0.04822633009370663)
9 (14, 0.045486495089069594)
10 (6, 0.0428936466434751)
11 (15, 0.041454961691603356)
12 (12, 0.04044668702397669)
13 (0, 0.03361117457796945)
14 (13, 0.028520363033079175)
15 (28, 0.026160502366303042)
16 (5, 0.023740197365643007)
17 (2, 0.022074635821110463)
18 (8, 0.016784377382932977)
19 (9, 0.014519006310546714)
20 (32, 0.0134540331964205)
21 (20, 0.013308340755046714)
22 (3, 0.011817148497936985)
23 (24, 0.011582508868207443)
24 (10, 0.008239571558846748)
25 (22, 0.008042987671268433)
26 (29, 0.007040064741247508)
27 (23, 0.006651187168222536)
28 (4, 0.006577957600620364)
29 (1, 0.006166615176598495)
30 (7, 0.006166615176598495)
31 (16, 0.006166615176598495)
32 (17, 0.006166615176598495)
33 (19, 0.006166615176598495)
-----one service finish-----
1
1
user
1 (28, 0.08629840013232294)
2 (25, 0.08421071200544546)
3 (20, 0.08172931196021961)
4 (12, 0.07905176014710479)
5 (14, 0.07902590869974963)
6 (19, 0.07783643435518495)
7 (13, 0.07776730099958755)
8 (22, 0.07623809841013028)
9 (29, 0.07437357508615293)
10 (24, 0.07273862944549365)
11 (1, 0.03232260837361125)
12 (3, 0.019701280837224736)
13 (32, 0.019685071055040203)
14 (15, 0.013719413293984434)
15 (5, 0.013504629704065619)
16 (4, 0.011139451804789683)
17 (31, 0.009638901732825403)
18 (9, 0.00834713214092106)
19 (33, 0.00768962760635387)
20 (16, 0.006910708080578407)
21 (27, 0.006320168871993355)
22 (26, 0.006048600985699167)
23 (0, 0.005692798457242073)
24 (7, 0.004728777556787613)
25 (6, 0.004699192425707362)
26 (21, 0.00463958882625598)
27 (10, 0.004629844041222006)
28 (30, 0.00457801724620568)
29 (2, 0.004518792298824226)
30 (23, 0.00450435121693745)
31 (8, 0.004475618084691532)
32 (11, 0.004411764705882354)
33 (17, 0.004411764705882354)
34 (18, 0.004411764705882354)
2
user
1 (22, 0.08848858920639001)
2 (13, 0.08664878764735272)
3 (20, 0.08350567729689755)
4 (19, 0.07943838703996037)
5 (14, 0.07854275845115556)
6 (28, 0.07835156771064612)
7 (3, 0.07485584822507071)
8 (4, 0.0731555231538108)
9 (10, 0.0729499901442105)
10 (9, 0.07150274728069815)
11 (12, 0.042231886272504994)
12 (32, 0.016493763428669733)
13 (1, 0.01423023511819421)
14 (5, 0.013804540067094575)
15 (24, 0.011398630879568663)
16 (15, 0.010951848340723982)
17 (29, 0.009543514309422166)
18 (31, 0.008974806836417546)
19 (0, 0.007391609839242849)
20 (33, 0.0072969990843580424)
21 (27, 0.006658415054090493)
22 (25, 0.006318886978804535)
23 (26, 0.006095478253602275)
24 (16, 0.005601612928030837)
25 (6, 0.0047135314722794594)
26 (7, 0.004704466861577746)
27 (30, 0.004647303222159512)
28 (23, 0.0046317792949086434)
29 (21, 0.004601562521268943)
30 (2, 0.004557384301890606)
31 (8, 0.00447657466135074)
32 (11, 0.004411764705882354)
33 (17, 0.004411764705882354)
34 (18, 0.004411764705882354)
3
user
1 (32, 0.1259797791414968)
2 (12, 0.09171002760746366)
3 (33, 0.09108945740888715)
4 (13, 0.08145267996916507)
5 (14, 0.07621558882870658)
6 (19, 0.07275860875210817)
7 (20, 0.059765709147828014)
8 (22, 0.04298996919286929)
9 (24, 0.04145640800753237)
10 (25, 0.03815567403055149)
11 (31, 0.03516402399941387)
12 (1, 0.03149658768707537)
13 (28, 0.026436625782455873)
14 (3, 0.022662242678051135)
15 (5, 0.017549022583699933)
16 (29, 0.016371963643723515)
17 (15, 0.015150976418641847)
18 (0, 0.012727349576661074)
19 (4, 0.010997040680066432)
20 (27, 0.009627558808608966)
21 (10, 0.009622607520167626)
22 (16, 0.007611104092046043)
23 (26, 0.0074507223125871505)
24 (6, 0.005772879294311276)
25 (7, 0.005265717656951958)
26 (30, 0.005244382971299421)
27 (23, 0.005058971614298383)
28 (21, 0.005057973181781005)
29 (9, 0.00497121737816393)
30 (2, 0.004950058788615349)
31 (8, 0.004809267811192843)
32 (11, 0.004809267811192843)
33 (17, 0.004809267811192843)
34 (18, 0.004809267811192843)
4
user
1 (6, 0.10229716492806251)
2 (0, 0.09415702478517436)
3 (5, 0.08611421640408866)
4 (7, 0.06424800409688262)
5 (13, 0.0627880010227197)
6 (21, 0.05507975947191112)
7 (26, 0.054419380488683215)
8 (15, 0.05222463992843211)
9 (28, 0.0435188184426396)
10 (23, 0.038482882497000825)
11 (14, 0.03535601580479927)
12 (27, 0.02863194724510776)
13 (29, 0.02748033883388545)
14 (31, 0.027146911187943056)
15 (12, 0.024729554669806773)
16 (30, 0.021628778669593195)
17 (20, 0.0172506374087703)
18 (33, 0.01684710267895918)
19 (25, 0.01579302968630033)
20 (24, 0.014328869327354244)
21 (32, 0.013849142367790971)
22 (19, 0.013790996608077017)
23 (3, 0.011801108500604162)
24 (16, 0.01146461124620713)
25 (22, 0.011357506547856246)
26 (1, 0.010712126166707973)
27 (4, 0.009111605063251258)
28 (9, 0.007156243858415979)
29 (2, 0.004848742562441659)
30 (8, 0.00482494714000838)
31 (10, 0.004824475452911541)
32 (11, 0.004578472302537822)
33 (17, 0.004578472302537822)
34 (18, 0.004578472302537822)
5
user
1 (28, 0.16426209906349026)
2 (1, 0.11107380769819042)
3 (19, 0.09864544378392923)
4 (20, 0.0920947718409632)
5 (3, 0.07396932617592177)
6 (9, 0.0628328749551769)
7 (10, 0.062392780545649285)
8 (12, 0.06183179744833985)
9 (22, 0.03581650274997956)
10 (4, 0.032591475358863004)
11 (13, 0.017701030966766035)
12 (32, 0.017395961192477376)
13 (24, 0.014045881782807326)
14 (16, 0.012567329760386117)
15 (14, 0.012491635481067527)
16 (5, 0.011885299638239626)
17 (31, 0.011261776936905275)
18 (0, 0.010208057894011083)
19 (15, 0.009601888733345932)
20 (29, 0.008448481739847455)
21 (33, 0.008397464618019249)
22 (27, 0.006790741627192108)
23 (25, 0.006681159256140228)
24 (26, 0.006469462682680795)
25 (6, 0.0052694979968000485)
26 (21, 0.005160702998256628)
27 (7, 0.0051530192832340655)
28 (30, 0.00510878631559693)
29 (23, 0.005029403316716717)
30 (2, 0.0050196390036406765)
31 (8, 0.004997182674684418)
32 (11, 0.00493490549356028)
33 (17, 0.00493490549356028)
34 (18, 0.00493490549356028)
6
user
1 (1, 0.15573488049605244)
2 (19, 0.1136211136681824)
3 (20, 0.10886885789577938)
4 (24, 0.07745300517454214)
5 (25, 0.0737758236375551)
6 (32, 0.07129519722138866)
7 (12, 0.05467149802191419)
8 (28, 0.05039209308138769)
9 (33, 0.03540896250428493)
10 (22, 0.03458886128108335)
11 (3, 0.026150504518381214)
12 (13, 0.016781426544349082)
13 (5, 0.01588411600944369)
14 (16, 0.014134994460879088)
15 (31, 0.01373796640145017)
16 (4, 0.012730266304606792)
17 (15, 0.011639251197283087)
18 (0, 0.011142241527963438)
19 (14, 0.010675827425425232)
20 (9, 0.010278903707658483)
21 (29, 0.008596645537426598)
22 (27, 0.0075719384454973025)
23 (26, 0.007312004390013405)
24 (6, 0.005459126438448632)
25 (21, 0.005377556202921419)
26 (7, 0.005370381133642915)
27 (10, 0.005336602809833859)
28 (30, 0.005300119708677829)
29 (2, 0.00519278185512104)
30 (23, 0.005183966496205674)
31 (8, 0.005147589496663331)
32 (11, 0.005061832135312532)
33 (17, 0.005061832135312532)
34 (18, 0.005061832135312532)
7
user
1 (13, 0.14979948604204987)
2 (14, 0.1060537600288562)
3 (19, 0.09307558657458631)
4 (20, 0.08975526039243485)
5 (1, 0.06185268078489445)
6 (24, 0.0599296282959842)
7 (25, 0.05683474153028987)
8 (31, 0.05378780718224972)
9 (32, 0.047851496526536974)
10 (28, 0.04235716397167688)
11 (22, 0.03793309384116775)
12 (3, 0.02371864599962885)
13 (29, 0.016378963419520127)
14 (26, 0.016174103090697185)
15 (12, 0.013932821852288177)
16 (5, 0.013591623905192845)
17 (15, 0.010731182129003864)
18 (9, 0.009958513783786406)
19 (33, 0.009323532883443276)
20 (27, 0.00892042423226709)
21 (4, 0.007361176211497481)
22 (16, 0.007166994196752351)
23 (0, 0.0064974088545249045)
24 (6, 0.005715434098975969)
25 (7, 0.005440497155858733)
26 (30, 0.005432210792895689)
27 (21, 0.005246964053308391)
28 (10, 0.005180076968599919)
29 (23, 0.005109694109616673)
30 (8, 0.005067456746076841)
31 (2, 0.004955392586334511)
32 (11, 0.004955392586334511)
33 (17, 0.004955392586334511)
34 (18, 0.004955392586334511)
8
user
1 (32, 0.1405857018574365)
2 (33, 0.10504253116053801)
3 (12, 0.09912463643174796)
4 (14, 0.0930949660876168)
5 (13, 0.09200823998109953)
6 (22, 0.07202242105155207)
7 (19, 0.05980487634323125)
8 (20, 0.058276242339292086)
9 (1, 0.02966923069787861)
10 (24, 0.02487241577052594)
11 (3, 0.023209913233610432)
12 (28, 0.021178976203442106)
13 (25, 0.0195206086231299)
14 (15, 0.014640653904696242)
15 (26, 0.01453407091031602)
16 (31, 0.01427339731671334)
17 (4, 0.01308696114076508)
18 (5, 0.01226769245492498)
19 (9, 0.00961919358424936)
20 (27, 0.007614694543591677)
21 (16, 0.00684807239457346)
22 (0, 0.006401291804663491)
23 (29, 0.006344578247802858)
24 (7, 0.005474934732532497)
25 (30, 0.00530021094961423)
26 (6, 0.005179692170511986)
27 (23, 0.0051634080097488185)
28 (21, 0.0051626558868133965)
29 (2, 0.005051042169872715)
30 (10, 0.005029410664982295)
31 (8, 0.0049535668554040275)
32 (11, 0.0049276382238688235)
33 (17, 0.004858037126626773)
34 (18, 0.004858037126626773)
9
user
1 (26, 0.2795412749077081)
2 (6, 0.11668713456609932)
3 (31, 0.05392642841347998)
4 (32, 0.039562035470027665)
5 (12, 0.0389806493165243)
6 (0, 0.03864768378393909)
7 (29, 0.03389782451477338)
8 (33, 0.032230863718986966)
9 (7, 0.030127416558463557)
10 (25, 0.026516116298358153)
11 (24, 0.024481587137724064)
12 (28, 0.02315174473195213)
13 (3, 0.02167070418966587)
14 (14, 0.021430694664842567)
15 (16, 0.021123111057797926)
16 (20, 0.020182227249731968)
17 (13, 0.01944043746750992)
18 (1, 0.01889371923335374)
19 (19, 0.018465120369499453)
20 (22, 0.016205958931608717)
21 (5, 0.01286646181607311)
22 (27, 0.011341763145239507)
23 (9, 0.010748403794555387)
24 (4, 0.009590728469315595)
25 (30, 0.007067300012757961)
26 (23, 0.006319224940541595)
27 (2, 0.006267959770309978)
28 (10, 0.006247214810704273)
29 (11, 0.005874860235939624)
30 (15, 0.0058743380025547635)
31 (8, 0.005659753104990373)
32 (17, 0.005659753104990373)
33 (18, 0.005659753104990373)
34 (21, 0.005659753104990373)
10
user
1 (22, 0.10424182401148005)
2 (0, 0.07457206701672901)
3 (5, 0.07447408358064707)
4 (6, 0.07055690331158297)
5 (19, 0.06765217212109226)
6 (15, 0.0621893201788625)
7 (26, 0.05857134364054861)
8 (20, 0.05801296212965393)
9 (28, 0.04409643807785179)
10 (9, 0.04336341163341594)
11 (10, 0.04262040656684673)
12 (4, 0.04210750703458834)
13 (3, 0.04050071596590568)
14 (27, 0.030049580626843035)
15 (12, 0.02882071526269496)
16 (32, 0.021924058224884743)
17 (33, 0.017144986925356598)
18 (16, 0.013736635055930254)
19 (24, 0.011366508093675712)
20 (1, 0.011193777185366202)
21 (13, 0.010795432529545632)
22 (31, 0.008456181468381471)
23 (29, 0.006693180463691507)
24 (25, 0.005641466359156242)
25 (14, 0.005601631859013834)
26 (7, 0.005375947295328922)
27 (21, 0.0053628357038735305)
28 (23, 0.005292468613945727)
29 (30, 0.005223532715373777)
30 (2, 0.005162660806376502)
31 (11, 0.004926546831387133)
32 (8, 0.004854595464455376)
33 (17, 0.0047090516227569785)
34 (18, 0.0047090516227569785)
-----one service finish-----
2
1
catalogue
1 (19, 0.18968291942011734)
2 (33, 0.10656820748449862)
3 (24, 0.10563341615380743)
4 (25, 0.08882043672113547)
5 (27, 0.07229192925391967)
6 (3, 0.05065360525783034)
7 (34, 0.037225213762309785)
8 (31, 0.03667795173495618)
9 (20, 0.03347519084857066)
10 (6, 0.029646938575066877)
11 (28, 0.024858652673002378)
12 (16, 0.022355384419994906)
13 (0, 0.0216394342845914)
14 (4, 0.018971124887776348)
15 (5, 0.012435673330452784)
16 (13, 0.01196426586158165)
17 (1, 0.011727067625575351)
18 (8, 0.011554450920240086)
19 (11, 0.011251288465888343)
20 (21, 0.008925512138329945)
21 (10, 0.007988592786796542)
22 (12, 0.00756645586277385)
23 (15, 0.007334266249643236)
24 (22, 0.006801830169364705)
25 (29, 0.00669481090276324)
26 (30, 0.006437394493579671)
27 (32, 0.006118137338213173)
28 (14, 0.006047433547168866)
29 (2, 0.00571969905100913)
30 (9, 0.0056672515131563975)
31 (17, 0.005522244111350676)
32 (7, 0.005435805038633689)
33 (18, 0.005435805038633689)
34 (23, 0.005435805038633689)
35 (26, 0.005435805038633689)
2
catalogue
1 (5, 0.10901143147729414)
2 (25, 0.10665677755295756)
3 (24, 0.09915260327764244)
4 (32, 0.07779679251082966)
5 (31, 0.07007595127204938)
6 (11, 0.05621765080566937)
7 (27, 0.053980681763992816)
8 (0, 0.0488758378678756)
9 (33, 0.04496587706323801)
10 (13, 0.042352965805588325)
11 (28, 0.0340230747473761)
12 (22, 0.031057989513035088)
13 (16, 0.03007195263522177)
14 (29, 0.026792310309303013)
15 (21, 0.018992079434292115)
16 (3, 0.011799080626259222)
17 (19, 0.011409061240948787)
18 (8, 0.011409061240948785)
19 (10, 0.010669961527755685)
20 (30, 0.009754998886330074)
21 (12, 0.008835297779500258)
22 (1, 0.00860805946550279)
23 (15, 0.00799230301794205)
24 (34, 0.007422645727505285)
25 (7, 0.0064833266121031765)
26 (6, 0.005955025140704693)
27 (2, 0.005951690371583696)
28 (4, 0.005460689040818743)
29 (9, 0.005460689040818743)
30 (14, 0.005460689040818743)
31 (17, 0.005460689040818743)
32 (18, 0.005460689040818743)
33 (20, 0.005460689040818743)
34 (23, 0.005460689040818743)
35 (26, 0.005460689040818743)
3
catalogue
1 (21, 0.15475166396768344)
2 (0, 0.1092155435054003)
3 (11, 0.08983926489322952)
4 (24, 0.060944273819474426)
5 (5, 0.060125971471078725)
6 (1, 0.058974726595231654)
7 (25, 0.053823435801910284)
8 (33, 0.05098262729586493)
9 (28, 0.041421183791520794)
10 (13, 0.0408666655018516)
11 (10, 0.03918967611402466)
12 (32, 0.03217266999220321)
13 (27, 0.031215069721799382)
14 (3, 0.02148172288609379)
15 (16, 0.017978249280322278)
16 (19, 0.011973465838144567)
17 (8, 0.011038236901871237)
18 (22, 0.008945838874370312)
19 (34, 0.008929167201388097)
20 (30, 0.008086246696733697)
21 (15, 0.007510080844655135)
22 (12, 0.007227675199117739)
23 (26, 0.006242750149066751)
24 (4, 0.006105122923579441)
25 (31, 0.006050040284572048)
26 (20, 0.005826389551012647)
27 (2, 0.005644463556535174)
28 (7, 0.005643884746465955)
29 (29, 0.005633409604871096)
30 (6, 0.005541073250516473)
31 (9, 0.005448954569621211)
32 (14, 0.0052926137924473576)
33 (17, 0.0052926137924473576)
34 (18, 0.0052926137924473576)
35 (23, 0.0052926137924473576)
4
catalogue
1 (32, 0.2014121800606134)
2 (5, 0.10419105100163023)
3 (16, 0.087108001856486)
4 (19, 0.07926531649639139)
5 (27, 0.05851107096674178)
6 (33, 0.05790641150506851)
7 (28, 0.053300345266855384)
8 (0, 0.03843439225230748)
9 (10, 0.029688838593073554)
10 (20, 0.02649425819477503)
11 (3, 0.022555701329466334)
12 (24, 0.018055694926370037)
13 (11, 0.01711462249268105)
14 (1, 0.015921465047384516)
15 (13, 0.015214376093640385)
16 (8, 0.015214376093640384)
17 (22, 0.013277649921434214)
18 (30, 0.0125749100733547)
19 (21, 0.012059951029582062)
20 (12, 0.010858973052926685)
21 (34, 0.008982261409113443)
22 (2, 0.008857983412076845)
23 (26, 0.008838616428102204)
24 (15, 0.007915956413761237)
25 (25, 0.007638646495501861)
26 (7, 0.007485006744501921)
27 (31, 0.007385224920997341)
28 (29, 0.007148042497846846)
29 (6, 0.007031338145262063)
30 (4, 0.006592889546402207)
31 (9, 0.006592889546402207)
32 (14, 0.006592889546402207)
33 (17, 0.006592889546402207)
34 (18, 0.006592889546402207)
35 (23, 0.006592889546402207)
5
catalogue
1 (5, 0.25150997617958754)
2 (0, 0.17350452461446586)
3 (33, 0.07674719251004196)
4 (27, 0.05507633990197692)
5 (19, 0.0488131998288533)
6 (13, 0.046263656696458044)
7 (16, 0.041638214953825164)
8 (1, 0.04146731077510407)
9 (24, 0.02461005672577224)
10 (3, 0.018703430288178793)
11 (34, 0.017685980804197546)
12 (28, 0.015184767613988006)
13 (11, 0.014230117174770475)
14 (30, 0.011680651224811909)
15 (8, 0.0114273143273542)
16 (22, 0.01080387733676742)
17 (25, 0.010398021726164589)
18 (29, 0.010080135251415838)
19 (10, 0.009475902678620947)
20 (31, 0.009245513298791731)
21 (26, 0.00839540304733564)
22 (21, 0.008217025369755245)
23 (15, 0.007959353183413943)
24 (12, 0.007712581367820072)
25 (4, 0.007012864436614847)
26 (32, 0.006834483879882852)
27 (6, 0.00655842286770514)
28 (20, 0.00651384575552225)
29 (2, 0.006332552736046362)
30 (9, 0.006181772792618819)
31 (7, 0.0061204963525177515)
32 (14, 0.005903753574905175)
33 (17, 0.005903753574905175)
34 (18, 0.005903753574905175)
35 (23, 0.005903753574905175)
6
catalogue
1 (5, 0.24342710129056902)
2 (0, 0.1272753381676576)
3 (28, 0.10158652443169847)
4 (33, 0.08107148247553166)
5 (24, 0.07519306739896765)
6 (19, 0.057982960370021076)
7 (27, 0.03403214668883296)
8 (3, 0.022732029919657067)
9 (34, 0.019778306766452994)
10 (25, 0.01761761925802366)
11 (32, 0.016103844633340185)
12 (11, 0.012142175865155966)
13 (29, 0.012044322445616778)
14 (30, 0.011847357882051943)
15 (8, 0.011641462968459564)
16 (13, 0.011249561372025258)
17 (20, 0.010742351095520412)
18 (16, 0.009412363163141079)
19 (31, 0.009203080914309218)
20 (26, 0.008897607822123918)
21 (10, 0.008857511261557333)
22 (22, 0.008338224156525086)
23 (4, 0.008328476436482586)
24 (15, 0.007900454497666675)
25 (1, 0.007836984041264216)
26 (12, 0.007588338765818702)
27 (21, 0.00702437127471418)
28 (6, 0.006775814168643486)
29 (2, 0.006557697373006514)
30 (9, 0.006286215501746557)
31 (7, 0.00619630942974722)
32 (17, 0.006164147199324012)
33 (14, 0.006054916988115666)
34 (18, 0.006054916988115666)
35 (23, 0.006054916988115666)
7
catalogue
1 (32, 0.1310166728139292)
2 (5, 0.12149379377457233)
3 (21, 0.08898484539513268)
4 (31, 0.0732994435332246)
5 (28, 0.07136971983774626)
6 (0, 0.06847979572941766)
7 (33, 0.05245709519224575)
8 (27, 0.04860056640471185)
9 (25, 0.0418930490558054)
10 (16, 0.040831497593806394)
11 (1, 0.036601538414949)
12 (11, 0.03154927908752582)
13 (24, 0.02683451658953137)
14 (3, 0.01590311816908048)
15 (19, 0.012328016701990687)
16 (34, 0.01072137982315938)
17 (8, 0.010644771620268787)
18 (13, 0.010644771620268787)
19 (26, 0.008894398582371437)
20 (22, 0.008837457079109113)
21 (30, 0.007673967681997886)
22 (10, 0.007168587604168607)
23 (15, 0.007026237173396377)
24 (12, 0.0067080817929490695)
25 (20, 0.006340832433065615)
26 (4, 0.005715994858050564)
27 (6, 0.005653284207640244)
28 (2, 0.005544191620635225)
29 (29, 0.005492087287513133)
30 (7, 0.005215168053622727)
31 (9, 0.005215168053622727)
32 (14, 0.005215168053622727)
33 (17, 0.005215168053622727)
34 (18, 0.005215168053622727)
35 (23, 0.005215168053622727)
8
catalogue
1 (21, 0.11622128893982253)
2 (1, 0.11536740865432078)
3 (5, 0.11047485675825316)
4 (32, 0.09046381187786161)
5 (0, 0.07955889337057441)
6 (25, 0.06789884580895292)
7 (28, 0.06289605754024416)
8 (34, 0.05589308880391646)
9 (11, 0.04056476290821944)
10 (13, 0.03962415860425338)
11 (27, 0.03395360117047349)
12 (3, 0.017641694985718964)
13 (19, 0.01740937496015802)
14 (33, 0.014258272705011127)
15 (8, 0.01057248571762358)
16 (29, 0.010235891170064945)
17 (24, 0.009921653181876421)
18 (20, 0.008488200116878843)
19 (10, 0.007160757711488317)
20 (4, 0.006861048701493834)
21 (16, 0.006803261398745182)
22 (15, 0.006254559203990336)
23 (22, 0.006088082730317672)
24 (26, 0.006071151877420558)
25 (12, 0.005957958698943191)
26 (30, 0.005842914339381309)
27 (6, 0.0057113268535523625)
28 (2, 0.0054105936037028655)
29 (31, 0.005372355584228785)
30 (9, 0.005267293957001445)
31 (17, 0.005199811938746497)
32 (7, 0.005138634031690875)
33 (14, 0.005138634031690875)
34 (18, 0.005138634031690875)
35 (23, 0.005138634031690875)
9
catalogue
1 (10, 0.15426838061827763)
2 (16, 0.10957530766675881)
3 (27, 0.09785408055734092)
4 (21, 0.09321114557156505)
5 (5, 0.07118464584965295)
6 (28, 0.04746381112813273)
7 (13, 0.04659384054735662)
8 (22, 0.04357664469068802)
9 (33, 0.0391110454205631)
10 (0, 0.034274184657065464)
11 (3, 0.03251554152973913)
12 (19, 0.029029075666698597)
13 (24, 0.01793703748501505)
14 (34, 0.01608604074869087)
15 (12, 0.015520015061747756)
16 (1, 0.015051819419547021)
17 (8, 0.012932888183546069)
18 (11, 0.011449744012962247)
19 (30, 0.009477265974869835)
20 (25, 0.007465365432611742)
21 (2, 0.00724009768740559)
22 (4, 0.007033897396972867)
23 (26, 0.006854600070677446)
24 (15, 0.006781694510435268)
25 (31, 0.006576570105414514)
26 (32, 0.006550439521902047)
27 (29, 0.006412350736616524)
28 (6, 0.006174896359328928)
29 (7, 0.0061565650032060475)
30 (9, 0.005940168064201864)
31 (14, 0.005940168064201864)
32 (17, 0.005940168064201864)
33 (18, 0.005940168064201864)
34 (20, 0.005940168064201864)
35 (23, 0.005940168064201864)
10
catalogue
1 (0, 0.11152682700676374)
2 (32, 0.08258383199470272)
3 (21, 0.07755385024186211)
4 (33, 0.0728875806002125)
5 (27, 0.06890330289437688)
6 (16, 0.053055861098725975)
7 (24, 0.05225911114399718)
8 (28, 0.05218220859191693)
9 (14, 0.05051133082615194)
10 (5, 0.049172117009807184)
11 (31, 0.035395586423544595)
12 (11, 0.0325255600339093)
13 (1, 0.0309582171294557)
14 (6, 0.025899391566841908)
15 (19, 0.022567447178783433)
16 (3, 0.021665260419735294)
17 (34, 0.015492409713156121)
18 (8, 0.014415903578900664)
19 (10, 0.012258183123592191)
20 (26, 0.009562241470169819)
21 (15, 0.009213375725448066)
22 (22, 0.009177894886931628)
23 (12, 0.008500646333687936)
24 (30, 0.008033447110039473)
25 (25, 0.007670185843534346)
26 (4, 0.007117393752396497)
27 (20, 0.0071096889185984806)
28 (2, 0.006869779583681954)
29 (29, 0.00671267812551523)
30 (7, 0.006369781278926696)
31 (9, 0.006369781278926696)
32 (13, 0.006369781278926696)
33 (17, 0.006369781278926696)
34 (18, 0.006369781278926696)
35 (23, 0.006369781278926696)
-----one service finish-----
3
1
orders
1 (25, 0.22864119433985922)
2 (3, 0.17080563678703678)
3 (15, 0.15091504140232245)
4 (0, 0.0967505900286656)
5 (11, 0.05189080004052959)
6 (14, 0.039541524419248304)
7 (18, 0.019622403752589744)
8 (1, 0.01878958522838323)
9 (32, 0.01576598622178106)
10 (21, 0.014965528886080475)
11 (23, 0.013136607256857202)
12 (28, 0.012740290841791423)
13 (8, 0.010974737348659447)
14 (12, 0.010019502839891788)
15 (31, 0.009910780613931853)
16 (5, 0.00915482516492421)
17 (6, 0.009113591616028281)
18 (33, 0.008915034341961128)
19 (26, 0.008738068105330439)
20 (24, 0.008194163098579156)
21 (4, 0.008177235311308718)
22 (29, 0.007543383078264392)
23 (2, 0.007408608065918142)
24 (10, 0.007212240978150213)
25 (13, 0.006680829193494445)
26 (30, 0.006525634448072177)
27 (9, 0.0064977913163067206)
28 (20, 0.006194203484183965)
29 (19, 0.006094076560856754)
30 (16, 0.005969138243395726)
31 (27, 0.005883911331602399)
32 (7, 0.005742351884665018)
33 (17, 0.005742351884665018)
34 (22, 0.005742351884665018)
2
orders
1 (25, 0.22597280388020888)
2 (15, 0.16970659460947463)
3 (3, 0.10584976479630578)
4 (14, 0.07824942617391274)
5 (0, 0.06931566813707313)
6 (5, 0.0455515412790756)
7 (13, 0.04278637939673263)
8 (26, 0.03855766268744087)
9 (1, 0.027585809191330524)
10 (32, 0.013347913363248714)
11 (21, 0.01329011868116722)
12 (23, 0.012063661508567065)
13 (28, 0.011739334107064103)
14 (8, 0.01002029425560316)
15 (4, 0.009540696179185423)
16 (31, 0.009443681954498379)
17 (11, 0.00881315677492031)
18 (18, 0.008668017613816772)
19 (6, 0.008449052585800714)
20 (33, 0.007824418823153007)
21 (24, 0.007127256102277227)
22 (2, 0.006537804086032135)
23 (10, 0.006508565785592568)
24 (29, 0.006454486734680844)
25 (12, 0.0061646559000595345)
26 (9, 0.005979453738477265)
27 (30, 0.005924075972696489)
28 (20, 0.005684097634485849)
29 (16, 0.005608300287834543)
30 (19, 0.005587820247669281)
31 (27, 0.005517922712379518)
32 (7, 0.00537652159974505)
33 (17, 0.00537652159974505)
34 (22, 0.00537652159974505)
3
orders
1 (3, 0.07386728953455265)
2 (5, 0.07295164282241957)
3 (31, 0.07197295796360738)
4 (14, 0.07051811517641123)
5 (0, 0.07001732200979766)
6 (23, 0.0653260726529707)
7 (13, 0.059003681282387185)
8 (21, 0.05689099992255208)
9 (12, 0.05316469015249558)
10 (1, 0.051352118532398086)
11 (32, 0.04938477557829915)
12 (4, 0.03971733483432531)
13 (24, 0.038087379445330534)
14 (26, 0.033916527694547845)
15 (6, 0.03331903480363162)
16 (11, 0.032786988584887766)
17 (28, 0.017194196532887368)
18 (29, 0.013265357967023739)
19 (25, 0.011098433582905914)
20 (8, 0.00957812991961641)
21 (18, 0.008987117883461238)
22 (15, 0.007940299664936794)
23 (33, 0.006196000488541125)
24 (2, 0.005579799742496545)
25 (10, 0.005112626954145322)
26 (9, 0.00509551985094816)
27 (16, 0.00496668280545489)
28 (30, 0.00485439311919553)
29 (20, 0.004735210596179116)
30 (27, 0.004680046462811513)
31 (19, 0.00465968404082872)
32 (7, 0.004593189799317761)
33 (17, 0.004593189799317761)
34 (22, 0.004593189799317761)
4
orders
1 (25, 0.25408849151574264)
2 (15, 0.16424354721296008)
3 (0, 0.10082544423800083)
4 (2, 0.08062967446646377)
5 (3, 0.04822807065693788)
6 (22, 0.043445831639918275)
7 (13, 0.02503640047960599)
8 (10, 0.025035610994503237)
9 (12, 0.02159242871548867)
10 (14, 0.01933792301886998)
11 (31, 0.013098196015857908)
12 (1, 0.01262454534310641)
13 (32, 0.012568001566653449)
14 (28, 0.012364146167047084)
15 (18, 0.012019771729989205)
16 (23, 0.011926296938526999)
17 (8, 0.01172644718914681)
18 (26, 0.011078061954287536)
19 (5, 0.01005261703315476)
20 (20, 0.00910777722036809)
21 (30, 0.008601425861965342)
22 (29, 0.008196723414331933)
23 (6, 0.00802051553466115)
24 (19, 0.00731752103896394)
25 (16, 0.007273010072350948)
26 (33, 0.007092921167066205)
27 (24, 0.00705775329248167)
28 (9, 0.00703965760612702)
29 (27, 0.007010859842105239)
30 (4, 0.0069630516136236055)
31 (11, 0.006846652221730279)
32 (7, 0.006516874745987743)
33 (17, 0.006516874745987743)
34 (21, 0.006516874745987743)
5
orders
1 (11, 0.13285429256974654)
2 (5, 0.08910824684307773)
3 (31, 0.08602151031689938)
4 (14, 0.08531337039989491)
5 (0, 0.08518670620444364)
6 (26, 0.0657319923343134)
7 (15, 0.06292915278133526)
8 (1, 0.05761248294640818)
9 (25, 0.05416541435366159)
10 (32, 0.03943866635798532)
11 (3, 0.039119261698078854)
12 (22, 0.033444442387217554)
13 (12, 0.015492225594222461)
14 (21, 0.012305609578880832)
15 (23, 0.012022119302270007)
16 (28, 0.011323464773744291)
17 (8, 0.01083047851849248)
18 (13, 0.010746235775801834)
19 (18, 0.010149529439844297)
20 (6, 0.007330652943385746)
21 (2, 0.006350229604045978)
22 (33, 0.006262122357744267)
23 (10, 0.00607547065412978)
24 (24, 0.006063054199401497)
25 (4, 0.005912488930242527)
26 (29, 0.005832981616063883)
27 (16, 0.0056795042842347114)
28 (9, 0.0055752139894042225)
29 (30, 0.00546569955054381)
30 (20, 0.005232089963679207)
31 (19, 0.0052256007918033325)
32 (27, 0.005166356222837292)
33 (7, 0.005016666358082633)
34 (17, 0.005016666358082633)
6
orders
1 (25, 0.3070234160956188)
2 (15, 0.14803482172925098)
3 (5, 0.08425097457402964)
4 (0, 0.06724585955823659)
5 (26, 0.04288628223558443)
6 (12, 0.037883885953252656)
7 (1, 0.03385560707886636)
8 (14, 0.03191988979136615)
9 (13, 0.020921479181492533)
10 (32, 0.015864115126299972)
11 (23, 0.014478400396007268)
12 (21, 0.01427997909667874)
13 (28, 0.013666869149510524)
14 (8, 0.01192040379853448)
15 (6, 0.010524685366549626)
16 (11, 0.01051952056359144)
17 (3, 0.010398714446864209)
18 (31, 0.010363787723471903)
19 (18, 0.010230026435772198)
20 (33, 0.009748137760569153)
21 (24, 0.00912016482049428)
22 (10, 0.0077642019717235255)
23 (2, 0.007319256653786026)
24 (29, 0.007235572310757827)
25 (4, 0.006992420667675357)
26 (30, 0.006876737669701977)
27 (9, 0.0066823866474185626)
28 (20, 0.006471493995905969)
29 (27, 0.006045713804613916)
30 (16, 0.006025121182370805)
31 (7, 0.0058625185535010615)
32 (17, 0.0058625185535010615)
33 (19, 0.0058625185535010615)
34 (22, 0.0058625185535010615)
7
orders
1 (29, 0.13548406132142105)
2 (28, 0.10059899931900099)
3 (4, 0.09175218634680973)
4 (3, 0.08776912297857513)
5 (11, 0.08550771250122667)
6 (12, 0.07334878818972254)
7 (13, 0.07176846145803573)
8 (21, 0.0669735575505298)
9 (1, 0.041437480267911705)
10 (32, 0.026361716208314716)
11 (14, 0.0219474218317626)
12 (31, 0.017868629364434358)
13 (24, 0.016414746997399133)
14 (33, 0.01605234945931085)
15 (0, 0.013861410479111835)
16 (15, 0.01150825403791451)
17 (23, 0.011189337756398963)
18 (9, 0.010931191570346152)
19 (19, 0.010565591302360185)
20 (6, 0.009081756403955038)
21 (5, 0.008279866328604727)
22 (26, 0.007619662473498819)
23 (25, 0.006297594757080192)
24 (2, 0.005864528199874147)
25 (8, 0.00569368002308599)
26 (10, 0.00550781285421053)
27 (18, 0.005484872516540981)
28 (30, 0.005213455446503635)
29 (20, 0.005091198472730119)
30 (27, 0.004974109447708323)
31 (16, 0.004926574244561104)
32 (7, 0.00487462329701993)
33 (17, 0.00487462329701993)
34 (22, 0.00487462329701993)
8
orders
1 (12, 0.12259555287450571)
2 (13, 0.0952541582888886)
3 (18, 0.07718227106925599)
4 (19, 0.07068914663710461)
5 (14, 0.06419010577027659)
6 (5, 0.06280489064732546)
7 (0, 0.0627276101651661)
8 (31, 0.06119552723140651)
9 (1, 0.048582924097149496)
10 (28, 0.03914781135647411)
11 (3, 0.03725522405532193)
12 (26, 0.03720132362325409)
13 (11, 0.03372222911988202)
14 (6, 0.032202395218006094)
15 (15, 0.02566337006167082)
16 (21, 0.011705004099145067)
17 (23, 0.011352758144415448)
18 (32, 0.011260694146668688)
19 (8, 0.01020339523376889)
20 (25, 0.009171011030555702)
21 (2, 0.006535795773101074)
22 (10, 0.0062778070902629315)
23 (29, 0.006000307097022511)
24 (16, 0.00547545442823577)
25 (20, 0.005447478982959987)
26 (33, 0.005419703742557138)
27 (24, 0.005411208860090809)
28 (9, 0.005341201397319526)
29 (30, 0.005199291714734624)
30 (27, 0.0050644246613544205)
31 (4, 0.00506074940978309)
32 (7, 0.004886391324112068)
33 (17, 0.004886391324112068)
34 (22, 0.004886391324112068)
9
orders
1 (25, 0.2375947874386922)
2 (15, 0.16069794824153827)
3 (2, 0.0851952334989829)
4 (22, 0.068643796801696)
5 (10, 0.056305610531980375)
6 (0, 0.053959382168517596)
7 (5, 0.04062055226872994)
8 (31, 0.034641741479236605)
9 (13, 0.025711099485242923)
10 (12, 0.01960958978645213)
11 (14, 0.018844019859406588)
12 (23, 0.017259503557191604)
13 (1, 0.015803823048963956)
14 (26, 0.010945746652438039)
15 (28, 0.010901567913409996)
16 (21, 0.010857239196796603)
17 (8, 0.01048484011277506)
18 (18, 0.010457998906616072)
19 (32, 0.010335534229685044)
20 (3, 0.009254953720342256)
21 (30, 0.008220627279123132)
22 (6, 0.008022032337994367)
23 (20, 0.006683115503845186)
24 (29, 0.006619783405021161)
25 (24, 0.0065641856548957)
26 (4, 0.006530120461045092)
27 (16, 0.006437936564669985)
28 (9, 0.006387211841264903)
29 (11, 0.006347045763930932)
30 (19, 0.006278704580752432)
31 (7, 0.005946066927190778)
32 (17, 0.005946066927190778)
33 (27, 0.005946066927190778)
34 (33, 0.005946066927190778)
10
orders
1 (11, 0.08583924785791094)
2 (24, 0.08536507937206926)
3 (21, 0.08463301048653471)
4 (3, 0.07861462503107447)
5 (4, 0.0783715131119903)
6 (13, 0.07833988165587798)
7 (23, 0.0761898371842182)
8 (9, 0.07312276466766564)
9 (12, 0.06803399334067346)
10 (8, 0.06431386992842122)
11 (31, 0.038152449477962445)
12 (1, 0.027208156669915187)
13 (14, 0.016524872987028122)
14 (32, 0.014830141928636048)
15 (28, 0.014723998164965394)
16 (0, 0.011604817100037867)
17 (18, 0.008856456662569106)
18 (33, 0.007737915250354901)
19 (26, 0.00752610410587623)
20 (15, 0.007483925628486963)
21 (5, 0.007042623677937782)
22 (25, 0.0065857964447989335)
23 (29, 0.006274584237301369)
24 (6, 0.006128315409556988)
25 (2, 0.0054217531027885135)
26 (10, 0.0048781601434295845)
27 (19, 0.004781945399474636)
28 (30, 0.004685777301400056)
29 (20, 0.004588073793898569)
30 (27, 0.004493251053615722)
31 (7, 0.004411764705882354)
32 (16, 0.004411764705882354)
33 (17, 0.004411764705882354)
34 (22, 0.004411764705882354)
-----one service finish-----
4
1
carts
1 (31, 0.08211984090547056)
2 (11, 0.07687978164760234)
3 (28, 0.07455744189792139)
4 (29, 0.07360247004059398)
5 (6, 0.07205872698692377)
6 (4, 0.047925488398161485)
7 (25, 0.047732076831060184)
8 (3, 0.04248223708289627)
9 (24, 0.041883196115471824)
10 (1, 0.04171546903423579)
11 (18, 0.040663427158502984)
12 (21, 0.03914537801655614)
13 (19, 0.03712839961207474)
14 (8, 0.035401668427314174)
15 (27, 0.03217364747400332)
16 (9, 0.032117500990852935)
17 (26, 0.03106122261998357)
18 (15, 0.02758696235136908)
19 (20, 0.022449785409182466)
20 (14, 0.018211127509328132)
21 (32, 0.00979065437179744)
22 (12, 0.008721960473486605)
23 (2, 0.007684142719277713)
24 (0, 0.007372352489777245)
25 (23, 0.005485478747505851)
26 (33, 0.005282460625625874)
27 (10, 0.005187881031592912)
28 (30, 0.005137320201773119)
29 (22, 0.005084345081140987)
30 (5, 0.00478229882773259)
31 (17, 0.004760864370714522)
32 (7, 0.00460479751668993)
33 (13, 0.00460479751668993)
34 (16, 0.00460479751668993)
2
carts
1 (24, 0.07235341741512404)
2 (21, 0.06889899444286178)
3 (15, 0.06753978767159556)
4 (18, 0.06631894965194984)
5 (25, 0.06629708122637318)
6 (1, 0.0633012160155429)
7 (31, 0.06270404782973525)
8 (11, 0.05994883706734552)
9 (29, 0.059070314722096486)
10 (19, 0.0544299493933871)
11 (33, 0.049295026304683916)
12 (13, 0.03471541071238955)
13 (32, 0.034449131590159575)
14 (27, 0.03346395890714877)
15 (4, 0.03162516842772791)
16 (3, 0.030789803530836223)
17 (6, 0.03032263795883398)
18 (20, 0.0174722969598983)
19 (14, 0.014831187475181916)
20 (9, 0.00871793763826447)
21 (0, 0.007431520215415333)
22 (2, 0.007195261747889046)
23 (26, 0.0062461976512043155)
24 (28, 0.005735797772860817)
25 (12, 0.0051892687780673765)
26 (8, 0.004878719816511816)
27 (30, 0.004851620062747653)
28 (22, 0.0048159870338317454)
29 (23, 0.0047437483115171505)
30 (5, 0.00455158932713701)
31 (17, 0.0045198992582758165)
32 (7, 0.004431745027801863)
33 (10, 0.004431745027801863)
34 (16, 0.004431745027801863)
3
carts
1 (11, 0.14882646927023846)
2 (24, 0.10448349761366355)
3 (25, 0.09217479655738946)
4 (12, 0.07950574092933957)
5 (13, 0.07227681388955734)
6 (27, 0.06660554287054615)
7 (18, 0.050893559471542456)
8 (19, 0.04847607774269832)
9 (1, 0.04624559779000409)
10 (3, 0.0427009298108258)
11 (6, 0.026760202213071443)
12 (0, 0.020574558599543713)
13 (32, 0.020397671399959662)
14 (33, 0.015502892271553194)
15 (31, 0.015345172402890532)
16 (20, 0.015035831903652137)
17 (28, 0.013007648072649045)
18 (15, 0.012972601656117685)
19 (14, 0.012802916338487222)
20 (8, 0.011735654331422892)
21 (21, 0.008043321743752479)
22 (26, 0.007288392047993408)
23 (4, 0.007148415848031585)
24 (2, 0.007070981005437966)
25 (29, 0.006708969821540349)
26 (9, 0.006011863166425672)
27 (10, 0.005918221861521814)
28 (22, 0.0052569301025482355)
29 (30, 0.005192682472232835)
30 (23, 0.005111809986243702)
31 (5, 0.005054523494747376)
32 (17, 0.005021681877494532)
33 (7, 0.0049240157184387056)
34 (16, 0.0049240157184387056)
4
carts
1 (31, 0.08271338040526063)
2 (1, 0.08191198528507262)
3 (32, 0.07971703791089557)
4 (18, 0.07922451828452316)
5 (27, 0.07897244966622212)
6 (25, 0.07838122434406691)
7 (24, 0.07815998214774376)
8 (19, 0.06150759212955718)
9 (29, 0.046850204218818414)
10 (6, 0.046600654477136315)
11 (28, 0.04479735233380625)
12 (13, 0.04262672680321667)
13 (12, 0.042372655911676806)
14 (3, 0.039177392441090184)
15 (14, 0.009136454846112134)
16 (8, 0.009135370433894077)
17 (11, 0.008143443459890825)
18 (33, 0.007637499470116558)
19 (4, 0.00763715515666849)
20 (0, 0.0066111812957672985)
21 (26, 0.006250690421726552)
22 (15, 0.005505689637335522)
23 (21, 0.00543279459845492)
24 (20, 0.005182237871243014)
25 (2, 0.005169261286560782)
26 (9, 0.00509194692384745)
27 (22, 0.004682710919625645)
28 (30, 0.00454498766595732)
29 (23, 0.004542117294425095)
30 (5, 0.004488529793503307)
31 (7, 0.004448693141446114)
32 (10, 0.004448693141446114)
33 (16, 0.004448693141446114)
34 (17, 0.004448693141446114)
5
carts
1 (11, 0.16322302536409952)
2 (24, 0.11390901158284175)
3 (25, 0.09119981841194097)
4 (12, 0.07242648834813224)
5 (13, 0.06661952286640228)
6 (27, 0.06199125604575962)
7 (18, 0.04595401929023525)
8 (31, 0.04512830254562638)
9 (3, 0.04368080896443218)
10 (19, 0.04227755524237284)
11 (1, 0.03873727864020471)
12 (6, 0.028226055905302874)
13 (0, 0.02071735721628612)
14 (32, 0.014732434455880801)
15 (28, 0.014153063271893002)
16 (20, 0.01372794317959459)
17 (14, 0.012372061351307343)
18 (8, 0.011800032924451077)
19 (33, 0.008804615142589562)
20 (4, 0.007430304025061922)
21 (26, 0.007155669081825816)
22 (2, 0.0070200869543193545)
23 (29, 0.006938577049525779)
24 (21, 0.0069255674890745)
25 (15, 0.00686675844998707)
26 (9, 0.006049560070754754)
27 (10, 0.005790426591636542)
28 (22, 0.005317413566745146)
29 (30, 0.005273352069605445)
30 (23, 0.005184183713233494)
31 (5, 0.005165803879513761)
32 (17, 0.005130073515547106)
33 (7, 0.005035786396908072)
34 (16, 0.005035786396908072)
6
carts
1 (22, 0.18356510200125226)
2 (21, 0.1349359718992129)
3 (15, 0.07300437700186115)
4 (26, 0.07259213746639613)
5 (20, 0.061797885806115456)
6 (31, 0.047364810768847194)
7 (8, 0.04481945472216329)
8 (4, 0.038566147400887485)
9 (11, 0.03710420457848322)
10 (27, 0.033775860121468125)
11 (3, 0.03273049639735879)
12 (1, 0.03132444980368907)
13 (18, 0.029282937588854932)
14 (32, 0.02723646755667865)
15 (6, 0.016737700825962033)
16 (14, 0.015529480211601814)
17 (24, 0.010532701202326127)
18 (0, 0.009849353789354313)
19 (2, 0.009097604855320199)
20 (28, 0.008703192277718347)
21 (12, 0.008171372234939047)
22 (9, 0.007804378419901889)
23 (30, 0.00621700538459201)
24 (29, 0.005886333740514772)
25 (23, 0.0057524211647046325)
26 (33, 0.005704347077683277)
27 (19, 0.00538898369163786)
28 (5, 0.005370559131774619)
29 (17, 0.00534898969187514)
30 (7, 0.005161054637365077)
31 (10, 0.005161054637365077)
32 (13, 0.005161054637365077)
33 (16, 0.005161054637365077)
34 (25, 0.005161054637365077)
7
carts
1 (32, 0.093710837345349)
2 (27, 0.08633666267334382)
3 (29, 0.08118917884103528)
4 (18, 0.0690472532307966)
5 (19, 0.06700086179519273)
6 (3, 0.06649597435610075)
7 (28, 0.06122760450747696)
8 (24, 0.047087247641330175)
9 (25, 0.040677289978963554)
10 (8, 0.039694944312967086)
11 (9, 0.03898201745657213)
12 (31, 0.038056740457549317)
13 (1, 0.03174350839904989)
14 (6, 0.03168391031073879)
15 (11, 0.03152328026818967)
16 (14, 0.023311718972747943)
17 (26, 0.018907174140964347)
18 (15, 0.016072304271813945)
19 (0, 0.015481757981193327)
20 (4, 0.013781333525727883)
21 (20, 0.012905732080190276)
22 (12, 0.009140414446319564)
23 (22, 0.00726115470134273)
24 (2, 0.007158302534261421)
25 (21, 0.0071323870365551595)
26 (33, 0.005725176550744429)
27 (30, 0.005073141964679716)
28 (23, 0.005048628380237731)
29 (5, 0.00481925936132583)
30 (13, 0.004804953140769257)
31 (17, 0.004803641492137424)
32 (7, 0.004705202614777761)
33 (10, 0.004705202614777761)
34 (16, 0.004705202614777761)
8
carts
1 (24, 0.14969800255966526)
2 (25, 0.09700563154607095)
3 (1, 0.09589151131679159)
4 (19, 0.09391015545072907)
5 (18, 0.09217002268973436)
6 (6, 0.09039617725445973)
7 (32, 0.08381558277544658)
8 (3, 0.04604454111299629)
9 (28, 0.036185589926850024)
10 (29, 0.026305460581587118)
11 (31, 0.01804096248630446)
12 (33, 0.01292795327078386)
13 (12, 0.012661707118449446)
14 (11, 0.01261894710788486)
15 (8, 0.011823275913114564)
16 (27, 0.010768107061526767)
17 (14, 0.008524584392754999)
18 (4, 0.008325704608338227)
19 (0, 0.0074356619008206105)
20 (26, 0.0068737623214660615)
21 (15, 0.0068594976219345394)
22 (13, 0.006417711301840292)
23 (2, 0.006237934019093929)
24 (9, 0.006197393525211726)
25 (20, 0.00616881618494383)
26 (21, 0.0058272341927907605)
27 (22, 0.005204136149103041)
28 (30, 0.005183568618191812)
29 (23, 0.0051668627379304576)
30 (5, 0.005100057504209197)
31 (7, 0.0050533616872439294)
32 (10, 0.0050533616872439294)
33 (16, 0.0050533616872439294)
34 (17, 0.0050533616872439294)
9
carts
1 (24, 0.0884293212505874)
2 (11, 0.08827433386366837)
3 (25, 0.08464381878801111)
4 (32, 0.08444473454111866)
5 (31, 0.08427552991569871)
6 (1, 0.0827541455079725)
7 (19, 0.08036375883841883)
8 (18, 0.07968033139644437)
9 (27, 0.06585661196491885)
10 (6, 0.05661847299226267)
11 (3, 0.04447662611732342)
12 (14, 0.01393056204958611)
13 (29, 0.012704608127556805)
14 (20, 0.012018661789278387)
15 (13, 0.010501552683545414)
16 (9, 0.009824625813389784)
17 (33, 0.008232954599296492)
18 (21, 0.007371029419309741)
19 (0, 0.006980480944255899)
20 (26, 0.006943338177971093)
21 (28, 0.006817819787820048)
22 (4, 0.006137660379501352)
23 (12, 0.006047397817668837)
24 (2, 0.005905424088432609)
25 (8, 0.005446359887196181)
26 (15, 0.004891553920013925)
27 (23, 0.0048353272328778805)
28 (22, 0.0047032963815838635)
29 (30, 0.004634309376820892)
30 (5, 0.004523003426796424)
31 (17, 0.004497054803026299)
32 (7, 0.004411764705882354)
33 (10, 0.004411764705882354)
34 (16, 0.004411764705882354)
10
carts
1 (24, 0.16141088298484957)
2 (25, 0.13321550725597336)
3 (32, 0.1115763683772384)
4 (3, 0.049634703494038125)
5 (18, 0.04957198340000655)
6 (28, 0.04615972396946951)
7 (1, 0.04278086768581888)
8 (11, 0.03948192004045266)
9 (4, 0.039439737663998733)
10 (27, 0.03924191552465822)
11 (31, 0.035803803332410164)
12 (29, 0.028677769168501583)
13 (19, 0.026189517549123124)
14 (20, 0.022761311971240903)
15 (6, 0.020040798932080602)
16 (26, 0.01784397651452815)
17 (14, 0.016521548858454863)
18 (21, 0.014572093938152819)
19 (12, 0.010309269834209251)
20 (8, 0.01027162011806317)
21 (2, 0.00900065075509193)
22 (33, 0.008551591299237679)
23 (0, 0.007958672215248859)
24 (23, 0.006945310765122493)
25 (15, 0.0056861370918046454)
26 (22, 0.005354823234934257)
27 (30, 0.005344072544190857)
28 (13, 0.005325640198430625)
29 (9, 0.0052850540629511)
30 (5, 0.0051182837565626515)
31 (17, 0.005084589165817001)
32 (7, 0.004946618099113125)
33 (10, 0.004946618099113125)
34 (16, 0.004946618099113125)
-----one service finish-----
5
1
payment
1 (29, 0.13051823180695904)
2 (16, 0.09774128791394218)
3 (15, 0.07759019916765388)
4 (0, 0.07718282901049701)
5 (12, 0.07123755052660713)
6 (26, 0.0617862860613528)
7 (6, 0.04520650412729323)
8 (24, 0.04504820436220027)
9 (8, 0.04465085919747712)
10 (30, 0.044409844232428504)
11 (32, 0.04292787561331266)
12 (22, 0.04017956164418351)
13 (27, 0.030445368464253605)
14 (19, 0.01696748996049793)
15 (3, 0.014641149238438489)
16 (28, 0.014446641090535598)
17 (33, 0.012827113846928377)
18 (13, 0.012046980198445188)
19 (10, 0.010341992801510746)
20 (20, 0.010030839944247647)
21 (31, 0.008582775287419459)
22 (5, 0.008258377485756346)
23 (11, 0.007838532121414356)
24 (4, 0.0071546529598559725)
25 (17, 0.0070385461451146865)
26 (21, 0.006821844565883675)
27 (25, 0.006428944890316653)
28 (34, 0.006366458804445172)
29 (18, 0.006336172837979339)
30 (7, 0.0061758941060590785)
31 (9, 0.0060781739581527066)
32 (1, 0.005673204407209405)
33 (2, 0.005673204407209405)
34 (14, 0.005673204407209405)
35 (23, 0.005673204407209405)
2
payment
1 (19, 0.12300011659540933)
2 (12, 0.10300988773785566)
3 (28, 0.09371194267281366)
4 (27, 0.09060168417957135)
5 (15, 0.06873964676576386)
6 (16, 0.05551606286803463)
7 (11, 0.04786201085538816)
8 (29, 0.04541523417081161)
9 (20, 0.039499754518525845)
10 (32, 0.039058622180095225)
11 (22, 0.0371027384020657)
12 (1, 0.03584446490641247)
13 (0, 0.03442606547771125)
14 (3, 0.014683751883336716)
15 (8, 0.013771727816890669)
16 (33, 0.013630043146970378)
17 (13, 0.011133792098162542)
18 (25, 0.011133792098162542)
19 (18, 0.010210606146527863)
20 (26, 0.009612350068678291)
21 (21, 0.009301312230289462)
22 (10, 0.008832317840429904)
23 (31, 0.007879687083368397)
24 (9, 0.007814643055845257)
25 (30, 0.007501302338610155)
26 (34, 0.007462314848134606)
27 (4, 0.007424187004632544)
28 (6, 0.0064527733452033435)
29 (5, 0.006178780693300817)
30 (17, 0.006084893669961036)
31 (7, 0.005596814357189223)
32 (2, 0.005376669735961871)
33 (14, 0.005376669735961871)
34 (23, 0.005376669735961871)
35 (24, 0.005376669735961871)
3
payment
1 (1, 0.18722220263202652)
2 (15, 0.13776878797543685)
3 (0, 0.11482528975653111)
4 (12, 0.10016965539667362)
5 (29, 0.05068586999066907)
6 (19, 0.048358078572340195)
7 (8, 0.04758575522689363)
8 (32, 0.03852320253525304)
9 (27, 0.03762145612706986)
10 (16, 0.025412257726319363)
11 (3, 0.017125927255666484)
12 (28, 0.01348629552386428)
13 (20, 0.013447049244275078)
14 (25, 0.013363013769327546)
15 (33, 0.012432200045507815)
16 (13, 0.011907074553463608)
17 (26, 0.009422320282664823)
18 (9, 0.009012554352334291)
19 (30, 0.00860549115479408)
20 (4, 0.008120929691685097)
21 (21, 0.007364581269955648)
22 (31, 0.00736342170569955)
23 (10, 0.007164864410663851)
24 (11, 0.006878156609724408)
25 (24, 0.006642948328962059)
26 (17, 0.006272301058916895)
27 (6, 0.0062567405591648015)
28 (34, 0.0061063103266940436)
29 (7, 0.00604367599572246)
30 (18, 0.005998245429383684)
31 (5, 0.0059663938294795835)
32 (22, 0.005948451830987088)
33 (2, 0.005632832277283256)
34 (14, 0.005632832277283256)
35 (23, 0.005632832277283256)
4
payment
1 (29, 0.16956110155896034)
2 (15, 0.1058883197614911)
3 (0, 0.09039619358191031)
4 (8, 0.07566307583168815)
5 (12, 0.06272175459351507)
6 (30, 0.0592757215863228)
7 (16, 0.05887701425814191)
8 (26, 0.05025296431151689)
9 (24, 0.04534178784971994)
10 (32, 0.039061143260305485)
11 (27, 0.03375998405320791)
12 (19, 0.025997432157305916)
13 (3, 0.016088711982717444)
14 (33, 0.013461834323031378)
15 (28, 0.01342074490491062)
16 (20, 0.012776944635309618)
17 (13, 0.011831387124489426)
18 (31, 0.007653905198764194)
19 (21, 0.007597030911912507)
20 (4, 0.0075490211737695625)
21 (10, 0.007468628469143151)
22 (11, 0.007050720542812003)
23 (34, 0.006708155161917834)
24 (17, 0.00641182492942373)
25 (6, 0.006321851925599584)
26 (25, 0.006230125534481444)
27 (7, 0.006075804369073951)
28 (18, 0.00605829057114232)
29 (22, 0.006057533833171487)
30 (5, 0.006006454832202079)
31 (9, 0.005987284626241166)
32 (1, 0.0056118130364501825)
33 (2, 0.0056118130364501825)
34 (14, 0.0056118130364501825)
35 (23, 0.0056118130364501825)
5
payment
1 (19, 0.2017838110806047)
2 (16, 0.1091215540698125)
3 (15, 0.06472675003326196)
4 (27, 0.0614503496468341)
5 (0, 0.06027427537719677)
6 (26, 0.05659186041641151)
7 (29, 0.05085334753484397)
8 (33, 0.04744837078324655)
9 (1, 0.03855864170043194)
10 (20, 0.03492786045668448)
11 (12, 0.03396467549156783)
12 (8, 0.021441276269627652)
13 (11, 0.020553450728023552)
14 (13, 0.0161939866329235)
15 (3, 0.01594759714304893)
16 (24, 0.013859295888207715)
17 (9, 0.013624616027972034)
18 (21, 0.0119177984748752)
19 (32, 0.011159569534192459)
20 (10, 0.010115386114367561)
21 (22, 0.008635983481811903)
22 (28, 0.008525637154128726)
23 (4, 0.008258222114968097)
24 (31, 0.007883811407189039)
25 (17, 0.0078028377164084915)
26 (30, 0.007045970742419969)
27 (25, 0.0070344583829610565)
28 (7, 0.006829668979185287)
29 (5, 0.0067015319724807836)
30 (6, 0.006495749452868595)
31 (18, 0.006473096730675813)
32 (34, 0.006447169695573062)
33 (2, 0.00578379625506479)
34 (14, 0.00578379625506479)
35 (23, 0.00578379625506479)
6
payment
1 (29, 0.12312042359307176)
2 (16, 0.09047046481104785)
3 (15, 0.07609127803057215)
4 (0, 0.07046540700126776)
5 (12, 0.06771403296864842)
6 (26, 0.05929085613080876)
7 (32, 0.05608060039923151)
8 (22, 0.046601127471398364)
9 (24, 0.04359223850150514)
10 (30, 0.04236397731082352)
11 (8, 0.04146580207100157)
12 (1, 0.03736314232580336)
13 (27, 0.03605423371550054)
14 (19, 0.02643484835112109)
15 (10, 0.023227215551165827)
16 (28, 0.01635772705337994)
17 (3, 0.012859300585016697)
18 (13, 0.011833567524572281)
19 (33, 0.011833567524572281)
20 (31, 0.01158529589717823)
21 (11, 0.008617154503202058)
22 (21, 0.00810121256720351)
23 (17, 0.007860062128394558)
24 (4, 0.006523434556408079)
25 (18, 0.006518581514085016)
26 (6, 0.006448508169754531)
27 (7, 0.0062901689523011855)
28 (2, 0.005604471348870504)
29 (5, 0.005604471348870504)
30 (9, 0.005604471348870504)
31 (14, 0.005604471348870504)
32 (20, 0.005604471348870504)
33 (23, 0.005604471348870504)
34 (25, 0.005604471348870504)
35 (34, 0.005604471348870504)
7
payment
1 (29, 0.1565023369453842)
2 (16, 0.09945851705266738)
3 (0, 0.08199308196374)
4 (15, 0.07429212009100321)
5 (12, 0.07151519953512694)
6 (20, 0.06696979174310529)
7 (9, 0.06057086064139901)
8 (26, 0.04961351787421847)
9 (24, 0.04950631732736041)
10 (32, 0.04280125671515294)
11 (27, 0.03322981344034457)
12 (4, 0.019535939433926754)
13 (33, 0.01433765733950386)
14 (19, 0.013749780277242583)
15 (13, 0.01340774186628843)
16 (8, 0.012715131891279945)
17 (3, 0.010215901564504143)
18 (10, 0.009003567119631097)
19 (31, 0.009000166698062943)
20 (21, 0.008637099376761208)
21 (11, 0.008376880250218217)
22 (28, 0.007756429610281427)
23 (30, 0.0076863021926851325)
24 (17, 0.007209454797745982)
25 (22, 0.00690180543830221)
26 (25, 0.0068896827806299655)
27 (34, 0.006853033817932955)
28 (6, 0.006834840970365479)
29 (7, 0.006773938901867903)
30 (18, 0.0067264527093425985)
31 (5, 0.0066131909654385534)
32 (1, 0.006080547167121558)
33 (2, 0.006080547167121558)
34 (14, 0.006080547167121558)
35 (23, 0.006080547167121558)
8
payment
1 (30, 0.13444146329208825)
2 (29, 0.10244641640222313)
3 (20, 0.0992071949404651)
4 (19, 0.09891413314191136)
5 (11, 0.07707319369838189)
6 (27, 0.07236674600225969)
7 (16, 0.05077658208530313)
8 (8, 0.04370778692694698)
9 (15, 0.04305170128427937)
10 (25, 0.03861084466484892)
11 (6, 0.03393947111980193)
12 (0, 0.020739049012352462)
13 (1, 0.014737315635257426)
14 (26, 0.012497093538745384)
15 (28, 0.011888717899507142)
16 (32, 0.011278784559199678)
17 (33, 0.010839393678033344)
18 (3, 0.010722659868221686)
19 (9, 0.010218842753859592)
20 (10, 0.010150231650808837)
21 (14, 0.010124079813602478)
22 (22, 0.008064478045416441)
23 (31, 0.008022367255842655)
24 (17, 0.006705990647116691)
25 (21, 0.00618182561109922)
26 (12, 0.005907749573752576)
27 (7, 0.005848029527797656)
28 (34, 0.005746393836389639)
29 (4, 0.005629006633167594)
30 (2, 0.005027076150219959)
31 (5, 0.005027076150219959)
32 (13, 0.005027076150219959)
33 (18, 0.005027076150219959)
34 (23, 0.005027076150219959)
35 (24, 0.005027076150219959)
9
payment
1 (29, 0.2053683683937518)
2 (15, 0.10073045605703608)
3 (0, 0.08771104040115368)
4 (16, 0.07713625412946729)
5 (30, 0.059668185670594565)
6 (8, 0.05094961573488507)
7 (12, 0.04791516290537096)
8 (19, 0.04178230828606998)
9 (32, 0.04158779174051929)
10 (27, 0.03990683368447998)
11 (6, 0.038649410857611186)
12 (28, 0.01534022452306501)
13 (3, 0.014616149242588802)
14 (26, 0.013238864465981067)
15 (24, 0.012870888266490209)
16 (33, 0.01284430709117762)
17 (13, 0.01206824575101839)
18 (10, 0.010717098311079315)
19 (20, 0.01036785038673002)
20 (31, 0.008535543507429952)
21 (11, 0.007836245201061742)
22 (22, 0.007767144068736751)
23 (5, 0.007720222801877086)
24 (4, 0.007124177470922304)
25 (17, 0.006980592065374204)
26 (21, 0.006399875780810462)
27 (25, 0.006391060168115448)
28 (34, 0.0063696609035773545)
29 (18, 0.006352877409356107)
30 (7, 0.006245030641853623)
31 (9, 0.006087087572116859)
32 (1, 0.0056803566274244485)
33 (2, 0.0056803566274244485)
34 (14, 0.0056803566274244485)
35 (23, 0.0056803566274244485)
10
payment
1 (8, 0.13128900531537446)
2 (15, 0.0965271738382024)
3 (12, 0.09029242873850027)
4 (6, 0.0877524494580229)
5 (29, 0.08285286064742009)
6 (0, 0.07896106247355296)
7 (26, 0.0738551185369221)
8 (16, 0.052040304103544544)
9 (27, 0.04793185872619789)
10 (30, 0.0427361837914865)
11 (19, 0.03352280695860998)
12 (28, 0.015227792510710608)
13 (3, 0.012246199060955922)
14 (24, 0.01121446817542953)
15 (33, 0.010963580612009081)
16 (13, 0.010384501834913809)
17 (9, 0.00940232691361893)
18 (20, 0.00868199998909795)
19 (10, 0.008360979420346104)
20 (32, 0.0075286891084064686)
21 (31, 0.007324664897055265)
22 (11, 0.006807671423000765)
23 (5, 0.006638884171121244)
24 (22, 0.006515671103628203)
25 (4, 0.00621405081015238)
26 (17, 0.006091628834486147)
27 (21, 0.005704317715148624)
28 (34, 0.0056801214547393414)
29 (18, 0.005617735226795914)
30 (25, 0.0055975938492689534)
31 (7, 0.00555268520511453)
32 (1, 0.00512079627404155)
33 (2, 0.00512079627404155)
34 (14, 0.00512079627404155)
35 (23, 0.00512079627404155)
-----one service finish-----
6
1
shipping
1 (19, 0.11549336984804642)
2 (0, 0.11416088331475695)
3 (10, 0.09367006956301005)
4 (26, 0.09271735477372377)
5 (31, 0.08991116590661499)
6 (11, 0.06859128801193508)
7 (32, 0.06815902678117708)
8 (6, 0.04864262795889619)
9 (14, 0.04203647205486089)
10 (1, 0.033888454702786)
11 (30, 0.030599126104248493)
12 (21, 0.02691937630890243)
13 (20, 0.016777409195324694)
14 (27, 0.01306887842283225)
15 (3, 0.011319164247969755)
16 (8, 0.011319164247969755)
17 (12, 0.011319164247969755)
18 (24, 0.011319164247969755)
19 (5, 0.009688506728181098)
20 (33, 0.0096801971890985)
21 (7, 0.0068587201472635395)
22 (16, 0.006677594442099097)
23 (22, 0.006110527130391416)
24 (25, 0.006068080380488289)
25 (2, 0.005500421404348386)
26 (4, 0.005500421404348386)
27 (9, 0.005500421404348386)
28 (13, 0.005500421404348386)
29 (15, 0.005500421404348386)
30 (17, 0.005500421404348386)
31 (18, 0.005500421404348386)
32 (23, 0.005500421404348386)
33 (28, 0.005500421404348386)
34 (29, 0.005500421404348386)
2
shipping
1 (1, 0.14926322472247203)
2 (10, 0.10844242850074838)
3 (31, 0.10218337974952497)
4 (0, 0.09714840967794845)
5 (32, 0.08522111380354534)
6 (14, 0.05182271231415072)
7 (27, 0.04814954870905318)
8 (6, 0.04696625535457363)
9 (19, 0.04669376171385947)
10 (30, 0.03503666352076683)
11 (33, 0.026286258664920625)
12 (11, 0.02077492114385893)
13 (5, 0.01340339578743853)
14 (21, 0.013016366333668889)
15 (3, 0.012843582916099803)
16 (8, 0.012843582916099803)
17 (12, 0.012843582916099803)
18 (24, 0.012843582916099803)
19 (20, 0.010584166397871096)
20 (7, 0.007623415366313232)
21 (16, 0.006986826057532231)
22 (22, 0.006675132124891443)
23 (25, 0.006638517785046916)
24 (2, 0.005973560964310531)
25 (4, 0.005973560964310531)
26 (9, 0.005973560964310531)
27 (13, 0.005973560964310531)
28 (15, 0.005973560964310531)
29 (17, 0.005973560964310531)
30 (18, 0.005973560964310531)
31 (23, 0.005973560964310531)
32 (26, 0.005973560964310531)
33 (28, 0.005973560964310531)
34 (29, 0.005973560964310531)
3
shipping
1 (32, 0.176770701145667)
2 (0, 0.12099155606886591)
3 (14, 0.0895118576275023)
4 (20, 0.08661773748091948)
5 (1, 0.06300971380517274)
6 (33, 0.06230532801970267)
7 (30, 0.05704762838143882)
8 (6, 0.04824730362487675)
9 (19, 0.0420753078125747)
10 (21, 0.040011218032567575)
11 (31, 0.029215353290540876)
12 (11, 0.01832637724877234)
13 (27, 0.014913136725580652)
14 (3, 0.01209386152424593)
15 (8, 0.011211409008430314)
16 (12, 0.011211409008430314)
17 (23, 0.01121140900843031)
18 (10, 0.010708044228631423)
19 (5, 0.00786190818508726)
20 (28, 0.00761505204357182)
21 (7, 0.006519929185890859)
22 (25, 0.006204760771248145)
23 (22, 0.005941862611772887)
24 (4, 0.005911431388059494)
25 (2, 0.005446570377201952)
26 (9, 0.005446570377201952)
27 (13, 0.005446570377201952)
28 (15, 0.005446570377201952)
29 (16, 0.005446570377201952)
30 (17, 0.005446570377201952)
31 (18, 0.005446570377201952)
32 (24, 0.005446570377201952)
33 (26, 0.005446570377201952)
34 (29, 0.005446570377201952)
4
shipping
1 (21, 0.13801895048425916)
2 (20, 0.10205794253419304)
3 (32, 0.10103843766646554)
4 (14, 0.0977319420929197)
5 (30, 0.0762211070714368)
6 (27, 0.05607740618077771)
7 (19, 0.051319003619773436)
8 (1, 0.0405691088349677)
9 (6, 0.0405691088349677)
10 (11, 0.035965973900486684)
11 (33, 0.026962866936870448)
12 (0, 0.02420968638929328)
13 (3, 0.024014219640077182)
14 (31, 0.022066836971916474)
15 (23, 0.016628833966914003)
16 (8, 0.013209405246314736)
17 (12, 0.013209405246314736)
18 (28, 0.010977904194422355)
19 (4, 0.01000571778325761)
20 (5, 0.008946971383145569)
21 (10, 0.007938753483878421)
22 (24, 0.007557940776752072)
23 (7, 0.006988939468247369)
24 (22, 0.006500681778877311)
25 (16, 0.006278415508426376)
26 (25, 0.006251509403083376)
27 (2, 0.006085366325245157)
28 (9, 0.006085366325245157)
29 (13, 0.006085366325245157)
30 (15, 0.006085366325245157)
31 (17, 0.006085366325245157)
32 (18, 0.006085366325245157)
33 (26, 0.006085366325245157)
34 (29, 0.006085366325245157)
5
shipping
1 (33, 0.2227341091679839)
2 (32, 0.14196487532332552)
3 (31, 0.10954684218403729)
4 (30, 0.09118808608536091)
5 (14, 0.06785299129632773)
6 (4, 0.04819402214879258)
7 (0, 0.044557950645772525)
8 (9, 0.04246746083078403)
9 (6, 0.03663301156071399)
10 (27, 0.01812020346102973)
11 (11, 0.012500682555698427)
12 (18, 0.011958592224673003)
13 (23, 0.011710381413655333)
14 (12, 0.01132940100417714)
15 (20, 0.010813180659698628)
16 (28, 0.009130484508370177)
17 (3, 0.00859820253062967)
18 (21, 0.007669167099421663)
19 (5, 0.006983728528295457)
20 (7, 0.006588830605755561)
21 (10, 0.006274276333322296)
22 (19, 0.006076830181987242)
23 (25, 0.0059950170227823455)
24 (22, 0.005845310589200299)
25 (29, 0.0058117964312407325)
26 (1, 0.005494951734107099)
27 (2, 0.005494951734107099)
28 (8, 0.005494951734107099)
29 (13, 0.005494951734107099)
30 (15, 0.005494951734107099)
31 (16, 0.005494951734107099)
32 (17, 0.005494951734107099)
33 (24, 0.005494951734107099)
34 (26, 0.005494951734107099)
6
shipping
1 (6, 0.11133087397554343)
2 (20, 0.10196182204060562)
3 (19, 0.09613703738120336)
4 (0, 0.09120398308046075)
5 (32, 0.0830109698906474)
6 (14, 0.08070209224299227)
7 (30, 0.06303077456181382)
8 (21, 0.04564170008694003)
9 (10, 0.04533805472898269)
10 (1, 0.040277045604782936)
11 (31, 0.026293058633390713)
12 (33, 0.02485683880477236)
13 (27, 0.01752889149968321)
14 (3, 0.01361410007197522)
15 (11, 0.013520323949593238)
16 (8, 0.013063430532239068)
17 (12, 0.013063430532239068)
18 (24, 0.013063430532239068)
19 (5, 0.009716627099013303)
20 (28, 0.00847422683547539)
21 (7, 0.007486079797907769)
22 (22, 0.0066587521511076685)
23 (25, 0.006619035346276078)
24 (26, 0.00651764904950059)
25 (4, 0.006515760004158026)
26 (2, 0.006041556840717441)
27 (9, 0.006041556840717441)
28 (13, 0.006041556840717441)
29 (15, 0.006041556840717441)
30 (16, 0.006041556840717441)
31 (17, 0.006041556840717441)
32 (18, 0.006041556840717441)
33 (23, 0.006041556840717441)
34 (29, 0.006041556840717441)
7
shipping
1 (19, 0.2023493092322277)
2 (32, 0.10948205734601024)
3 (10, 0.09389398221738317)
4 (0, 0.09081982415487627)
5 (31, 0.07413855937882892)
6 (14, 0.059509139950306565)
7 (6, 0.043952483813353135)
8 (21, 0.04330425597317161)
9 (30, 0.04157893587410563)
10 (1, 0.03831778031618988)
11 (11, 0.016954867780999038)
12 (27, 0.014315510786672996)
13 (20, 0.013622107756800034)
14 (3, 0.013394443192219167)
15 (8, 0.012097365846445078)
16 (12, 0.012097365846445078)
17 (23, 0.012097365846445078)
18 (5, 0.009075991514573037)
19 (33, 0.007660237822787528)
20 (7, 0.00701294135741386)
21 (16, 0.006844840755888751)
22 (26, 0.0066850318406412)
23 (22, 0.006298808067422721)
24 (25, 0.006265477797560299)
25 (28, 0.006150523582729962)
26 (4, 0.00609945556907517)
27 (2, 0.005747667047428484)
28 (9, 0.005747667047428484)
29 (13, 0.005747667047428484)
30 (15, 0.005747667047428484)
31 (17, 0.005747667047428484)
32 (18, 0.005747667047428484)
33 (24, 0.005747667047428484)
34 (29, 0.005747667047428484)
8
shipping
1 (31, 0.12991073775139345)
2 (0, 0.10998007066833945)
3 (19, 0.10356522861994795)
4 (32, 0.07814054597045429)
5 (6, 0.07465834735399808)
6 (14, 0.06329879152816363)
7 (20, 0.04839663544901605)
8 (21, 0.045810277686563046)
9 (10, 0.04461942886398207)
10 (1, 0.04088664953391732)
11 (30, 0.03877831671175836)
12 (11, 0.028997740072866592)
13 (3, 0.017682609411090663)
14 (27, 0.016329363935992373)
15 (8, 0.013374720532041069)
16 (12, 0.013374720532041069)
17 (23, 0.013374720532041069)
18 (33, 0.012385423757447486)
19 (5, 0.009615994673589274)
20 (7, 0.007496928880641367)
21 (28, 0.007110525489897916)
22 (25, 0.0070917770681322365)
23 (22, 0.00673881030012715)
24 (4, 0.006646372179193427)
25 (26, 0.00653828562657631)
26 (2, 0.006132997430087599)
27 (9, 0.006132997430087599)
28 (13, 0.006132997430087599)
29 (15, 0.006132997430087599)
30 (16, 0.006132997430087599)
31 (17, 0.006132997430087599)
32 (18, 0.006132997430087599)
33 (24, 0.006132997430087599)
34 (29, 0.006132997430087599)
9
shipping
1 (20, 0.14194184715340383)
2 (0, 0.13532180339306843)
3 (19, 0.10557874033698388)
4 (14, 0.0767650153941497)
5 (6, 0.06584115828011783)
6 (30, 0.061241871533362933)
7 (32, 0.05820172940508992)
8 (5, 0.04452996799900609)
9 (1, 0.038409706148490624)
10 (31, 0.03751625412970948)
11 (11, 0.03454428571045874)
12 (8, 0.024572753147934667)
13 (27, 0.013781209994406858)
14 (21, 0.012264169893098118)
15 (3, 0.012143596380644927)
16 (12, 0.012143596380644927)
17 (24, 0.012143596380644927)
18 (10, 0.011188879016190603)
19 (33, 0.00927814523716728)
20 (16, 0.007419295465547253)
21 (7, 0.007255271296324039)
22 (26, 0.006945259940960305)
23 (22, 0.006511007779895747)
24 (25, 0.006420415048349968)
25 (15, 0.006187321253886679)
26 (2, 0.005761455922273595)
27 (4, 0.005761455922273595)
28 (9, 0.005761455922273595)
29 (13, 0.005761455922273595)
30 (17, 0.005761455922273595)
31 (18, 0.005761455922273595)
32 (23, 0.005761455922273595)
33 (28, 0.005761455922273595)
34 (29, 0.005761455922273595)
10
shipping
1 (32, 0.14379653716192697)
2 (10, 0.13339394660380058)
3 (31, 0.07284390606085661)
4 (11, 0.07267907104798152)
5 (0, 0.05643772615823724)
6 (6, 0.055591574120855664)
7 (19, 0.04734245251852901)
8 (5, 0.045231460162721934)
9 (20, 0.04213195924949996)
10 (1, 0.04027732040467153)
11 (14, 0.03860314924570715)
12 (21, 0.03599634162861196)
13 (30, 0.025965594514819175)
14 (33, 0.02502376067520505)
15 (27, 0.014625881748000155)
16 (3, 0.013106730174558202)
17 (8, 0.013106730174558202)
18 (12, 0.013106730174558202)
19 (24, 0.013106730174558202)
20 (16, 0.007745400690750415)
21 (7, 0.007715933460062161)
22 (26, 0.007679023750685813)
23 (22, 0.0068487087522051664)
24 (25, 0.0067824495843015)
25 (15, 0.006486499216031107)
26 (2, 0.0060415980607007305)
27 (4, 0.0060415980607007305)
28 (9, 0.0060415980607007305)
29 (13, 0.0060415980607007305)
30 (17, 0.0060415980607007305)
31 (18, 0.0060415980607007305)
32 (23, 0.0060415980607007305)
33 (28, 0.0060415980607007305)
34 (29, 0.0060415980607007305)
-----one service finish-----
2023-03-14 11:11:07
