2023-03-14 16:25:47
0
1
front-end
1 (5, 0.06767143756445838)
2 (34, 0.05864566424262552)
3 (32, 0.049191595102707486)
4 (15, 0.04863937724109748)
5 (24, 0.04593094120942643)
6 (29, 0.045180255218830234)
7 (27, 0.044161172717163126)
8 (23, 0.04322154372994627)
9 (16, 0.039843491509645834)
10 (6, 0.039262419592850706)
11 (12, 0.038934989370838044)
12 (14, 0.038670423597558685)
13 (13, 0.038626403671631795)
14 (3, 0.03749466964260742)
15 (4, 0.03749466964260742)
16 (9, 0.03749466964260742)
17 (10, 0.03749466964260742)
18 (19, 0.03749466964260742)
19 (20, 0.03749466964260742)
20 (22, 0.03749466964260742)
21 (0, 0.022644687028911162)
22 (35, 0.01843492300808967)
23 (7, 0.011165636620940538)
24 (26, 0.01034765587569157)
25 (8, 0.009435497706758908)
26 (21, 0.007960328555615785)
27 (30, 0.006698636065596321)
28 (25, 0.006599381422038277)
29 (11, 0.006598002530258148)
30 (31, 0.005927646240720962)
31 (1, 0.005624200446391114)
32 (2, 0.005624200446391114)
33 (17, 0.005624200446391114)
34 (18, 0.005624200446391114)
35 (28, 0.005624200446391114)
36 (33, 0.005624200446391114)
2
front-end
1 (32, 0.16224713374100325)
2 (22, 0.07526625626692661)
3 (9, 0.06599301458843167)
4 (29, 0.060359206319912026)
5 (10, 0.060131320217292665)
6 (16, 0.053695981406245215)
7 (34, 0.04445704812301518)
8 (13, 0.04388439273221885)
9 (15, 0.043554775481197155)
10 (12, 0.04328566025467362)
11 (24, 0.042594054441688955)
12 (35, 0.03675186626519182)
13 (27, 0.03639399192500543)
14 (5, 0.03510063955334739)
15 (6, 0.03358161258466179)
16 (0, 0.026594633891033528)
17 (3, 0.012776737132789857)
18 (19, 0.011704730472397147)
19 (26, 0.010840911681774291)
20 (30, 0.008141167015296439)
21 (14, 0.00733769652535749)
22 (21, 0.007121148186293547)
23 (25, 0.006796852833817817)
24 (4, 0.006417249675307441)
25 (7, 0.006106261890969749)
26 (11, 0.006053427617951436)
27 (23, 0.005735367709138256)
28 (1, 0.005616612196150718)
29 (2, 0.005366499517224844)
30 (20, 0.005316858039274812)
31 (17, 0.005309281520126598)
32 (8, 0.005093522038856899)
33 (18, 0.005093522038856899)
34 (28, 0.005093522038856899)
35 (31, 0.005093522038856899)
36 (33, 0.005093522038856899)
3
front-end
1 (15, 0.09366501476316581)
2 (26, 0.0566732797038544)
3 (34, 0.044964854270958664)
4 (5, 0.04361294607842318)
5 (23, 0.03973145265456075)
6 (11, 0.036586672802397927)
7 (3, 0.03553839022397714)
8 (4, 0.03553839022397714)
9 (6, 0.03553839022397714)
10 (9, 0.03553839022397714)
11 (10, 0.03553839022397714)
12 (16, 0.03553839022397714)
13 (18, 0.03553839022397714)
14 (19, 0.03553839022397714)
15 (20, 0.03553839022397714)
16 (22, 0.03553839022397714)
17 (24, 0.03553839022397714)
18 (25, 0.03553839022397714)
19 (27, 0.03553839022397714)
20 (29, 0.03553839022397714)
21 (30, 0.03553839022397714)
22 (32, 0.03553839022397714)
23 (0, 0.031964910629432276)
24 (2, 0.011127829731586256)
25 (21, 0.008925220804197343)
26 (35, 0.008668456752176883)
27 (7, 0.007114020732024109)
28 (31, 0.005705029224815627)
29 (1, 0.005330758533596572)
30 (8, 0.005330758533596572)
31 (12, 0.005330758533596572)
32 (13, 0.005330758533596572)
33 (14, 0.005330758533596572)
34 (17, 0.005330758533596572)
35 (28, 0.005330758533596572)
36 (33, 0.005330758533596572)
4
front-end
1 (15, 0.05506587215867079)
2 (26, 0.04778476474445675)
3 (35, 0.043878064554136134)
4 (23, 0.04279783832571588)
5 (21, 0.03737142143894502)
6 (32, 0.03620093478070087)
7 (25, 0.03589311284656561)
8 (30, 0.0354250366742126)
9 (3, 0.034241229217043936)
10 (4, 0.034241229217043936)
11 (6, 0.034241229217043936)
12 (9, 0.034241229217043936)
13 (10, 0.034241229217043936)
14 (12, 0.034241229217043936)
15 (13, 0.034241229217043936)
16 (14, 0.034241229217043936)
17 (16, 0.034241229217043936)
18 (18, 0.034241229217043936)
19 (19, 0.034241229217043936)
20 (20, 0.034241229217043936)
21 (22, 0.034241229217043936)
22 (24, 0.034241229217043936)
23 (27, 0.034241229217043936)
24 (29, 0.034241229217043936)
25 (34, 0.034241229217043936)
26 (5, 0.019003973465096195)
27 (2, 0.010517778937554739)
28 (0, 0.010204696247116571)
29 (7, 0.006463873400506535)
30 (11, 0.006059252555104181)
31 (31, 0.005551561268688244)
32 (1, 0.005136184382556592)
33 (8, 0.005136184382556592)
34 (17, 0.005136184382556592)
35 (28, 0.005136184382556592)
36 (33, 0.005136184382556592)
5
front-end
1 (5, 0.03308425188882366)
2 (26, 0.029986612889190422)
3 (11, 0.029735726923880136)
4 (21, 0.029661184599633236)
5 (15, 0.029373261018166123)
6 (31, 0.029322732278605945)
7 (1, 0.028921216851774657)
8 (2, 0.028921216851774657)
9 (3, 0.028921216851774657)
10 (4, 0.028921216851774657)
11 (6, 0.028921216851774657)
12 (7, 0.028921216851774657)
13 (8, 0.028921216851774657)
14 (9, 0.028921216851774657)
15 (10, 0.028921216851774657)
16 (12, 0.028921216851774657)
17 (13, 0.028921216851774657)
18 (14, 0.028921216851774657)
19 (16, 0.028921216851774657)
20 (17, 0.028921216851774657)
21 (18, 0.028921216851774657)
22 (19, 0.028921216851774657)
23 (20, 0.028921216851774657)
24 (22, 0.028921216851774657)
25 (23, 0.028921216851774657)
26 (24, 0.028921216851774657)
27 (25, 0.028921216851774657)
28 (27, 0.028921216851774657)
29 (28, 0.028921216851774657)
30 (29, 0.028921216851774657)
31 (30, 0.028921216851774657)
32 (32, 0.028921216851774657)
33 (34, 0.028921216851774657)
34 (35, 0.028921216851774657)
35 (0, 0.004703976024243968)
36 (33, 0.0043381825277662)
6
front-end
1 (15, 0.11520743803809393)
2 (5, 0.06245782268416258)
3 (29, 0.06037215372829338)
4 (34, 0.05510098297134625)
5 (24, 0.05184244056462953)
6 (16, 0.05095561266098552)
7 (32, 0.04868815263376171)
8 (3, 0.04637872255000027)
9 (9, 0.045769420353704196)
10 (19, 0.045769420353704196)
11 (27, 0.04372515552660017)
12 (0, 0.0434173554182235)
13 (13, 0.04127025436533016)
14 (6, 0.04034008227223156)
15 (14, 0.039897241114763636)
16 (22, 0.03884492313428622)
17 (26, 0.02171013859744563)
18 (30, 0.01810710659740297)
19 (35, 0.013149104492473177)
20 (25, 0.010229369715795576)
21 (23, 0.009339157897230768)
22 (7, 0.008669906675477299)
23 (21, 0.008323723439116585)
24 (11, 0.007844278994897563)
25 (12, 0.007155313223074651)
26 (2, 0.006646627436908636)
27 (17, 0.006090464180018128)
28 (31, 0.00608372261889868)
29 (1, 0.005826738470142933)
30 (4, 0.005826738470142933)
31 (8, 0.005826738470142933)
32 (10, 0.005826738470142933)
33 (18, 0.005826738470142933)
34 (20, 0.005826738470142933)
35 (28, 0.005826738470142933)
36 (33, 0.005826738470142933)
7
front-end
1 (15, 0.04284341959668177)
2 (23, 0.04252425172000677)
3 (26, 0.041752932493314056)
4 (5, 0.04103705360581789)
5 (35, 0.03876322936807839)
6 (11, 0.036985290498956006)
7 (1, 0.03308177003252316)
8 (3, 0.03308177003252316)
9 (4, 0.03308177003252316)
10 (6, 0.03308177003252316)
11 (9, 0.03308177003252316)
12 (10, 0.03308177003252316)
13 (12, 0.03308177003252316)
14 (13, 0.03308177003252316)
15 (14, 0.03308177003252316)
16 (16, 0.03308177003252316)
17 (18, 0.03308177003252316)
18 (19, 0.03308177003252316)
19 (20, 0.03308177003252316)
20 (22, 0.03308177003252316)
21 (24, 0.03308177003252316)
22 (25, 0.03308177003252316)
23 (27, 0.03308177003252316)
24 (29, 0.03308177003252316)
25 (30, 0.03308177003252316)
26 (32, 0.03308177003252316)
27 (34, 0.03308177003252316)
28 (7, 0.011650936911738075)
29 (2, 0.009985584476723212)
30 (21, 0.008801064343456092)
31 (0, 0.005776090397610201)
32 (31, 0.005313913885117335)
33 (8, 0.004962265504878475)
34 (17, 0.004962265504878475)
35 (28, 0.004962265504878475)
36 (33, 0.004962265504878475)
8
front-end
1 (13, 0.11117535049076566)
2 (34, 0.1105953256790049)
3 (35, 0.061216910875638166)
4 (16, 0.05517464409030932)
5 (14, 0.05346919610057207)
6 (29, 0.05035434959493525)
7 (0, 0.04974590638933743)
8 (24, 0.048386248722808084)
9 (32, 0.04672782456320029)
10 (5, 0.0457951477256376)
11 (9, 0.0454433144200518)
12 (19, 0.04462826621503453)
13 (22, 0.04176695321056146)
14 (27, 0.040851003206232986)
15 (6, 0.027158295993303785)
16 (26, 0.01570949588439868)
17 (3, 0.015276393887154653)
18 (15, 0.011535630649317646)
19 (12, 0.01067128824744875)
20 (30, 0.010623293808747856)
21 (21, 0.010563491811844537)
22 (7, 0.007671141766513399)
23 (4, 0.007314292440285267)
24 (25, 0.007166027827832178)
25 (11, 0.00645948229557516)
26 (23, 0.00633854636922531)
27 (8, 0.006236288753916754)
28 (10, 0.006077499662638943)
29 (17, 0.005962618539757713)
30 (1, 0.005700824396849953)
31 (2, 0.005700824396849953)
32 (18, 0.005700824396849953)
33 (20, 0.005700824396849953)
34 (28, 0.005700824396849953)
35 (31, 0.005700824396849953)
36 (33, 0.005700824396849953)
9
front-end
1 (16, 0.10003134724639798)
2 (6, 0.09594690599844974)
3 (22, 0.09383214858654215)
4 (13, 0.09354650393139369)
5 (19, 0.08157883781995202)
6 (20, 0.08050708996631113)
7 (3, 0.07994207587892395)
8 (14, 0.07808779014192296)
9 (4, 0.07455324258615316)
10 (12, 0.02925068835265165)
11 (32, 0.024147083321951292)
12 (0, 0.019459187566589875)
13 (34, 0.011078767310676604)
14 (15, 0.011047055616211247)
15 (29, 0.010180606269466895)
16 (24, 0.009279291690199917)
17 (9, 0.008127396760440612)
18 (5, 0.007933951967768114)
19 (35, 0.00765227859792059)
20 (26, 0.007252722642485969)
21 (30, 0.006373255071659325)
22 (27, 0.005875368968324584)
23 (21, 0.005844264788859925)
24 (25, 0.005123670502597968)
25 (23, 0.0050813534385029365)
26 (7, 0.004835733841432649)
27 (8, 0.004661303927796941)
28 (2, 0.004550175740302737)
29 (28, 0.004534335262290135)
30 (11, 0.004367730680266082)
31 (31, 0.00433147504548373)
32 (17, 0.004298801423405402)
33 (1, 0.004171889764167043)
34 (10, 0.004171889764167043)
35 (18, 0.004171889764167043)
36 (33, 0.004171889764167043)
10
front-end
1 (16, 0.12674819618860986)
2 (34, 0.07750697688399062)
3 (12, 0.07602519799771398)
4 (13, 0.05917212824370041)
5 (22, 0.055112931224895585)
6 (29, 0.047704460838066357)
7 (26, 0.04633053241142099)
8 (24, 0.0456815437254103)
9 (14, 0.04545370615027013)
10 (19, 0.04453286349797277)
11 (9, 0.044009506627521025)
12 (32, 0.04221554909839575)
13 (27, 0.03894678618688691)
14 (35, 0.03437358857526906)
15 (15, 0.03149248660697944)
16 (6, 0.025344641435041636)
17 (5, 0.019595945009753247)
18 (0, 0.017678617386564517)
19 (3, 0.014124472971430262)
20 (30, 0.009245190253027214)
21 (21, 0.008587973237112396)
22 (4, 0.006890982950608554)
23 (25, 0.0067781795885368)
24 (7, 0.00653055979360586)
25 (23, 0.006283650385530654)
26 (11, 0.006136186848948326)
27 (2, 0.00613277268078297)
28 (20, 0.006128248058234533)
29 (10, 0.005918552751649389)
30 (8, 0.005861836215825773)
31 (17, 0.005778861801757954)
32 (1, 0.005535374874897326)
33 (18, 0.005535374874897326)
34 (28, 0.005535374874897326)
35 (31, 0.005535374874897326)
36 (33, 0.005535374874897326)
-----one service finish-----
1
1
user
1 (21, 0.04783727703299451)
2 (26, 0.045768267413937566)
3 (33, 0.045119488242346184)
4 (5, 0.04402028697401047)
5 (3, 0.04323354628346234)
6 (15, 0.04323354628346234)
7 (20, 0.04323354628346234)
8 (24, 0.04323354628346234)
9 (27, 0.04323354628346234)
10 (28, 0.04323354628346234)
11 (16, 0.0384446531132059)
12 (11, 0.03797502062701901)
13 (7, 0.0379305442678641)
14 (1, 0.03709347526203038)
15 (9, 0.03709347526203038)
16 (10, 0.03709347526203038)
17 (12, 0.03709347526203038)
18 (13, 0.03709347526203038)
19 (14, 0.03709347526203038)
20 (17, 0.03709347526203038)
21 (22, 0.03709347526203038)
22 (23, 0.03709347526203038)
23 (31, 0.03709347526203038)
24 (8, 0.007860837261862385)
25 (34, 0.007272951539027642)
26 (30, 0.006645553224237391)
27 (6, 0.006276919667980763)
28 (0, 0.0055640212893045575)
29 (2, 0.0055640212893045575)
30 (4, 0.0055640212893045575)
31 (18, 0.0055640212893045575)
32 (19, 0.0055640212893045575)
33 (25, 0.0055640212893045575)
34 (29, 0.0055640212893045575)
35 (32, 0.0055640212893045575)
2
user
1 (28, 0.18397093570118062)
2 (15, 0.12732057057009705)
3 (0, 0.10568781530988242)
4 (5, 0.08201498939217206)
5 (24, 0.05287556631866645)
6 (3, 0.044042031077244755)
7 (11, 0.043003627657384184)
8 (13, 0.04202256826091098)
9 (27, 0.038912476312240436)
10 (31, 0.038248568440173804)
11 (1, 0.036180253161390334)
12 (6, 0.027735074273067838)
13 (33, 0.02101001962573362)
14 (9, 0.011516696608717755)
15 (20, 0.011269353073729197)
16 (25, 0.010808124442732762)
17 (34, 0.009990123901748624)
18 (7, 0.009224223983964873)
19 (21, 0.009151034613757136)
20 (29, 0.007635978648167516)
21 (4, 0.0070173690678802005)
22 (22, 0.006840595961164198)
23 (30, 0.0068215936993265445)
24 (8, 0.005965248091671116)
25 (16, 0.005947125039845373)
26 (26, 0.0057170357077840975)
27 (10, 0.005654697265697795)
28 (2, 0.00542703797420855)
29 (12, 0.00542703797420855)
30 (14, 0.00542703797420855)
31 (17, 0.00542703797420855)
32 (18, 0.00542703797420855)
33 (19, 0.00542703797420855)
34 (23, 0.00542703797420855)
35 (32, 0.00542703797420855)
3
user
1 (15, 0.08849531831194536)
2 (24, 0.0710467995155876)
3 (27, 0.06377101954984327)
4 (0, 0.06075364802983599)
5 (7, 0.054990924732268714)
6 (33, 0.050893650441242215)
7 (3, 0.05025536432436117)
8 (13, 0.049467363545404285)
9 (28, 0.049467363545404285)
10 (26, 0.048818958828929705)
11 (16, 0.043219828433941454)
12 (22, 0.04277491141212245)
13 (1, 0.04170549742449454)
14 (12, 0.04170549742449454)
15 (31, 0.04170549742449454)
16 (21, 0.024963424868044322)
17 (25, 0.023648328509337433)
18 (5, 0.01535212901725338)
19 (9, 0.014017690734583928)
20 (20, 0.014017690734583928)
21 (11, 0.01274748746845099)
22 (8, 0.010950615524699083)
23 (34, 0.007405348476416005)
24 (6, 0.007331322575382341)
25 (30, 0.00730097939614268)
26 (4, 0.006890918227668243)
27 (2, 0.006255824613674181)
28 (10, 0.006255824613674181)
29 (14, 0.006255824613674181)
30 (17, 0.006255824613674181)
31 (18, 0.006255824613674181)
32 (19, 0.006255824613674181)
33 (23, 0.006255824613674181)
34 (29, 0.006255824613674181)
35 (32, 0.006255824613674181)
4
user
1 (7, 0.17065361642439694)
2 (6, 0.12358850501431605)
3 (5, 0.10767998672543012)
4 (0, 0.07351044767134493)
5 (28, 0.0683146344476181)
6 (3, 0.04337469857377478)
7 (9, 0.04177422020256087)
8 (13, 0.041523736578599875)
9 (15, 0.03957907247770956)
10 (31, 0.03836184913866111)
11 (1, 0.03580045346847193)
12 (29, 0.027358676798123992)
13 (33, 0.019438803361193586)
14 (24, 0.018606870916864485)
15 (11, 0.013874963427680862)
16 (20, 0.01125751345442895)
17 (27, 0.009990459063646451)
18 (34, 0.00969508906673134)
19 (21, 0.009499876661116862)
20 (25, 0.009217840034473259)
21 (22, 0.007024486639222026)
22 (30, 0.006865104165092026)
23 (4, 0.00660450397385942)
24 (8, 0.00596010651209173)
25 (16, 0.005826134093187688)
26 (26, 0.005741648756424345)
27 (10, 0.005602576631737001)
28 (17, 0.005531267745309556)
29 (19, 0.005522449854307472)
30 (2, 0.005370068020270791)
31 (12, 0.005370068020270791)
32 (14, 0.005370068020270791)
33 (18, 0.005370068020270791)
34 (23, 0.005370068020270791)
35 (32, 0.005370068020270791)
5
user
1 (15, 0.10563971433765415)
2 (33, 0.046954394717135965)
3 (3, 0.045637679126650184)
4 (9, 0.045637679126650184)
5 (20, 0.045637679126650184)
6 (24, 0.045637679126650184)
7 (27, 0.045637679126650184)
8 (28, 0.045637679126650184)
9 (26, 0.0433636977092493)
10 (7, 0.04303689363244596)
11 (16, 0.0403271741312451)
12 (22, 0.039935447444748556)
13 (1, 0.03888886239400879)
14 (12, 0.03888886239400879)
15 (13, 0.03888886239400879)
16 (14, 0.03888886239400879)
17 (23, 0.03888886239400879)
18 (31, 0.03888886239400879)
19 (11, 0.03666720944328594)
20 (0, 0.02164672842789332)
21 (21, 0.02102447443055832)
22 (5, 0.013667776181040692)
23 (8, 0.007447989286090239)
24 (34, 0.006971373987623242)
25 (30, 0.006886267415040879)
26 (6, 0.006771645500122724)
27 (2, 0.005833329359101318)
28 (4, 0.005833329359101318)
29 (10, 0.005833329359101318)
30 (17, 0.005833329359101318)
31 (18, 0.005833329359101318)
32 (19, 0.005833329359101318)
33 (25, 0.005833329359101318)
34 (29, 0.005833329359101318)
35 (32, 0.005833329359101318)
6
user
1 (21, 0.042617849761967676)
2 (3, 0.03811938828199697)
3 (20, 0.03811938828199697)
4 (27, 0.03811938828199697)
5 (33, 0.03811938828199697)
6 (8, 0.03590414212765866)
7 (16, 0.03438002930220933)
8 (7, 0.03394670959615534)
9 (11, 0.03389677567481342)
10 (0, 0.03320049010425012)
11 (1, 0.03320049010425012)
12 (5, 0.03320049010425012)
13 (6, 0.03320049010425012)
14 (9, 0.03320049010425012)
15 (10, 0.03320049010425012)
16 (12, 0.03320049010425012)
17 (13, 0.03320049010425012)
18 (14, 0.03320049010425012)
19 (15, 0.03320049010425012)
20 (17, 0.03320049010425012)
21 (22, 0.03320049010425012)
22 (23, 0.03320049010425012)
23 (24, 0.03320049010425012)
24 (25, 0.03320049010425012)
25 (26, 0.03320049010425012)
26 (28, 0.03320049010425012)
27 (29, 0.03320049010425012)
28 (31, 0.03320049010425012)
29 (30, 0.006087187334630089)
30 (2, 0.004980073515637519)
31 (4, 0.004980073515637519)
32 (18, 0.004980073515637519)
33 (19, 0.004980073515637519)
34 (32, 0.004980073515637519)
35 (34, 0.004980073515637519)
7
user
1 (21, 0.0474660055212174)
2 (26, 0.04538205340298512)
3 (7, 0.042991638763168104)
4 (3, 0.04217300340866167)
5 (20, 0.04217300340866167)
6 (24, 0.04217300340866167)
7 (27, 0.04217300340866167)
8 (28, 0.04217300340866167)
9 (33, 0.04217300340866167)
10 (16, 0.03757516484776861)
11 (11, 0.037126002770088234)
12 (6, 0.03694248012600318)
13 (0, 0.03629457134557864)
14 (1, 0.03629457134557864)
15 (5, 0.03629457134557864)
16 (9, 0.03629457134557864)
17 (10, 0.03629457134557864)
18 (12, 0.03629457134557864)
19 (13, 0.03629457134557864)
20 (14, 0.03629457134557864)
21 (15, 0.03629457134557864)
22 (22, 0.03629457134557864)
23 (23, 0.03629457134557864)
24 (31, 0.03629457134557864)
25 (8, 0.008416112710278605)
26 (30, 0.006529993943045876)
27 (2, 0.005444185701836797)
28 (4, 0.005444185701836797)
29 (17, 0.005444185701836797)
30 (18, 0.005444185701836797)
31 (19, 0.005444185701836797)
32 (25, 0.005444185701836797)
33 (29, 0.005444185701836797)
34 (32, 0.005444185701836797)
35 (34, 0.005444185701836797)
8
user
1 (21, 0.039281187369940115)
2 (3, 0.03717184282447177)
3 (8, 0.03717184282447177)
4 (20, 0.03717184282447177)
5 (33, 0.03717184282447177)
6 (16, 0.03361054851840479)
7 (7, 0.033186402819677885)
8 (11, 0.033165916309835154)
9 (0, 0.03246769038238247)
10 (1, 0.03246769038238247)
11 (5, 0.03246769038238247)
12 (6, 0.03246769038238247)
13 (9, 0.03246769038238247)
14 (10, 0.03246769038238247)
15 (12, 0.03246769038238247)
16 (13, 0.03246769038238247)
17 (14, 0.03246769038238247)
18 (15, 0.03246769038238247)
19 (17, 0.03246769038238247)
20 (18, 0.03246769038238247)
21 (22, 0.03246769038238247)
22 (23, 0.03246769038238247)
23 (24, 0.03246769038238247)
24 (25, 0.03246769038238247)
25 (26, 0.03246769038238247)
26 (27, 0.03246769038238247)
27 (28, 0.03246769038238247)
28 (29, 0.03246769038238247)
29 (31, 0.03246769038238247)
30 (30, 0.005896307867435958)
31 (2, 0.0048701535573573715)
32 (4, 0.0048701535573573715)
33 (19, 0.0048701535573573715)
34 (32, 0.0048701535573573715)
35 (34, 0.0048701535573573715)
9
user
1 (15, 0.11941537080947419)
2 (11, 0.07381725580296165)
3 (28, 0.059829901559254266)
4 (5, 0.05536262696520239)
5 (24, 0.048227302967371884)
6 (27, 0.04626992210459763)
7 (33, 0.04548694845647678)
8 (3, 0.044326694417573836)
9 (9, 0.04418365954720509)
10 (0, 0.04397757009127372)
11 (13, 0.04376146703276712)
12 (31, 0.04206606678593505)
13 (26, 0.041538145949429006)
14 (16, 0.03893487790830681)
15 (12, 0.038255368850901285)
16 (1, 0.03747949651990108)
17 (6, 0.031725418892953855)
18 (21, 0.016349739133290325)
19 (7, 0.01548789354871044)
20 (20, 0.011903894990851203)
21 (22, 0.00972416432245243)
22 (25, 0.009626634727314752)
23 (17, 0.008275266095931877)
24 (8, 0.007213206753118869)
25 (34, 0.007163715115991317)
26 (29, 0.0071344483658964545)
27 (30, 0.006982491884168545)
28 (4, 0.006126979054791978)
29 (2, 0.005621924477985162)
30 (10, 0.005621924477985162)
31 (14, 0.005621924477985162)
32 (18, 0.005621924477985162)
33 (19, 0.005621924477985162)
34 (23, 0.005621924477985162)
35 (32, 0.005621924477985162)
10
user
1 (15, 0.10896563970361235)
2 (11, 0.062322757043975927)
3 (24, 0.05602272661711653)
4 (28, 0.055834703512923474)
5 (27, 0.05140313110246907)
6 (33, 0.05098104047187881)
7 (7, 0.05094841022621528)
8 (3, 0.049516158551023266)
9 (9, 0.04882794300991589)
10 (13, 0.04882794300991589)
11 (31, 0.04788281759146129)
12 (22, 0.04737173977001003)
13 (0, 0.04522771344915798)
14 (1, 0.04123912786205854)
15 (12, 0.04123912786205854)
16 (5, 0.030547284872983922)
17 (21, 0.022278197094508435)
18 (20, 0.013774684327166128)
19 (6, 0.01356782743778519)
20 (30, 0.009002594330665711)
21 (25, 0.009000275374748526)
22 (34, 0.007941041696463556)
23 (29, 0.007916536220703593)
24 (26, 0.007859720875553757)
25 (8, 0.007779072152988596)
26 (16, 0.007487940308857671)
27 (4, 0.006746892089311753)
28 (2, 0.0061858691793087815)
29 (10, 0.0061858691793087815)
30 (14, 0.0061858691793087815)
31 (17, 0.0061858691793087815)
32 (18, 0.0061858691793087815)
33 (19, 0.0061858691793087815)
34 (23, 0.0061858691793087815)
35 (32, 0.0061858691793087815)
-----one service finish-----
2
1
catalogue
1 (22, 0.12008828367159768)
2 (0, 0.06131666915518668)
3 (12, 0.057679445357661285)
4 (33, 0.04905385729315757)
5 (29, 0.04752650311855594)
6 (3, 0.04589894627703488)
7 (8, 0.04589894627703488)
8 (13, 0.04589894627703488)
9 (19, 0.04589894627703488)
10 (25, 0.04589894627703488)
11 (34, 0.04589894627703488)
12 (6, 0.04128982698487963)
13 (31, 0.041076794367654726)
14 (16, 0.04029011790007007)
15 (15, 0.039900711479401565)
16 (1, 0.03894038710588657)
17 (32, 0.03894038710588657)
18 (10, 0.018778804117032748)
19 (21, 0.01552245937897318)
20 (5, 0.01086024257834194)
21 (11, 0.010385719669141525)
22 (2, 0.008369643879416078)
23 (17, 0.007286298834383566)
24 (30, 0.007207473549967628)
25 (4, 0.005841058065882987)
26 (7, 0.005841058065882987)
27 (9, 0.005841058065882987)
28 (14, 0.005841058065882987)
29 (18, 0.005841058065882987)
30 (20, 0.005841058065882987)
31 (23, 0.005841058065882987)
32 (24, 0.005841058065882987)
33 (26, 0.005841058065882987)
34 (27, 0.005841058065882987)
35 (28, 0.005841058065882987)
36 (35, 0.005841058065882987)
2
catalogue
1 (6, 0.033540512848843566)
2 (34, 0.033540512848843566)
3 (31, 0.030965088695578444)
4 (21, 0.03061106516604485)
5 (15, 0.030298569630333932)
6 (28, 0.030274504771021244)
7 (0, 0.0295362384713783)
8 (1, 0.0295362384713783)
9 (2, 0.0295362384713783)
10 (3, 0.0295362384713783)
11 (4, 0.0295362384713783)
12 (5, 0.0295362384713783)
13 (7, 0.0295362384713783)
14 (8, 0.0295362384713783)
15 (9, 0.0295362384713783)
16 (10, 0.0295362384713783)
17 (11, 0.0295362384713783)
18 (12, 0.0295362384713783)
19 (13, 0.0295362384713783)
20 (14, 0.0295362384713783)
21 (16, 0.0295362384713783)
22 (17, 0.0295362384713783)
23 (18, 0.0295362384713783)
24 (19, 0.0295362384713783)
25 (20, 0.0295362384713783)
26 (22, 0.0295362384713783)
27 (25, 0.0295362384713783)
28 (26, 0.0295362384713783)
29 (27, 0.0295362384713783)
30 (29, 0.0295362384713783)
31 (30, 0.0295362384713783)
32 (32, 0.0295362384713783)
33 (33, 0.0295362384713783)
34 (23, 0.004430435770706747)
35 (24, 0.004430435770706747)
36 (35, 0.004430435770706747)
3
catalogue
1 (31, 0.030279247144474893)
2 (21, 0.030097562920249392)
3 (0, 0.028344590948273775)
4 (1, 0.028344590948273775)
5 (2, 0.028344590948273775)
6 (3, 0.028344590948273775)
7 (4, 0.028344590948273775)
8 (5, 0.028344590948273775)
9 (6, 0.028344590948273775)
10 (7, 0.028344590948273775)
11 (8, 0.028344590948273775)
12 (9, 0.028344590948273775)
13 (10, 0.028344590948273775)
14 (11, 0.028344590948273775)
15 (12, 0.028344590948273775)
16 (13, 0.028344590948273775)
17 (14, 0.028344590948273775)
18 (15, 0.028344590948273775)
19 (16, 0.028344590948273775)
20 (17, 0.028344590948273775)
21 (18, 0.028344590948273775)
22 (19, 0.028344590948273775)
23 (20, 0.028344590948273775)
24 (22, 0.028344590948273775)
25 (24, 0.028344590948273775)
26 (25, 0.028344590948273775)
27 (26, 0.028344590948273775)
28 (27, 0.028344590948273775)
29 (28, 0.028344590948273775)
30 (29, 0.028344590948273775)
31 (30, 0.028344590948273775)
32 (32, 0.028344590948273775)
33 (33, 0.028344590948273775)
34 (34, 0.028344590948273775)
35 (35, 0.028344590948273775)
36 (23, 0.004251688642241068)
4
catalogue
1 (6, 0.033540512848843566)
2 (34, 0.033540512848843566)
3 (31, 0.030966438253501122)
4 (21, 0.030657899916046765)
5 (15, 0.03031383023995323)
6 (28, 0.030211059853477353)
7 (0, 0.0295362384713783)
8 (1, 0.0295362384713783)
9 (2, 0.0295362384713783)
10 (3, 0.0295362384713783)
11 (4, 0.0295362384713783)
12 (5, 0.0295362384713783)
13 (7, 0.0295362384713783)
14 (8, 0.0295362384713783)
15 (9, 0.0295362384713783)
16 (10, 0.0295362384713783)
17 (11, 0.0295362384713783)
18 (12, 0.0295362384713783)
19 (13, 0.0295362384713783)
20 (14, 0.0295362384713783)
21 (16, 0.0295362384713783)
22 (17, 0.0295362384713783)
23 (18, 0.0295362384713783)
24 (19, 0.0295362384713783)
25 (20, 0.0295362384713783)
26 (22, 0.0295362384713783)
27 (25, 0.0295362384713783)
28 (26, 0.0295362384713783)
29 (27, 0.0295362384713783)
30 (29, 0.0295362384713783)
31 (30, 0.0295362384713783)
32 (32, 0.0295362384713783)
33 (33, 0.0295362384713783)
34 (23, 0.004430435770706747)
35 (24, 0.004430435770706747)
36 (35, 0.004430435770706747)
5
catalogue
1 (12, 0.09799170810591686)
2 (5, 0.06612939726007007)
3 (0, 0.05890088883692541)
4 (33, 0.05249077565144896)
5 (3, 0.048958502700519275)
6 (8, 0.048958502700519275)
7 (13, 0.048958502700519275)
8 (19, 0.048958502700519275)
9 (25, 0.048958502700519275)
10 (29, 0.048958502700519275)
11 (34, 0.048958502700519275)
12 (2, 0.042838404878219126)
13 (6, 0.04267034427142917)
14 (16, 0.04117623468937464)
15 (22, 0.04117623468937464)
16 (32, 0.04117623468937464)
17 (15, 0.03239529454743939)
18 (21, 0.012993066269950003)
19 (11, 0.012881402569549883)
20 (31, 0.009758581827584987)
21 (10, 0.009424549181934782)
22 (17, 0.008046939986117847)
23 (23, 0.006946765997374157)
24 (1, 0.006176435203406197)
25 (4, 0.006176435203406197)
26 (7, 0.006176435203406197)
27 (9, 0.006176435203406197)
28 (14, 0.006176435203406197)
29 (18, 0.006176435203406197)
30 (20, 0.006176435203406197)
31 (24, 0.006176435203406197)
32 (26, 0.006176435203406197)
33 (27, 0.006176435203406197)
34 (28, 0.006176435203406197)
35 (30, 0.006176435203406197)
36 (35, 0.006176435203406197)
6
catalogue
1 (21, 0.09484612662775353)
2 (33, 0.0837962086877689)
3 (15, 0.0682469892664669)
4 (5, 0.04403220068857271)
5 (8, 0.04363656758507031)
6 (13, 0.04363656758507031)
7 (19, 0.04363656758507031)
8 (25, 0.04363656758507031)
9 (29, 0.04363656758507031)
10 (3, 0.043636567585070306)
11 (34, 0.043636567585070306)
12 (6, 0.0413941391672375)
13 (16, 0.04108863101283665)
14 (1, 0.03725778354039161)
15 (22, 0.03725778354039161)
16 (27, 0.03725778354039161)
17 (32, 0.03725778354039161)
18 (0, 0.02869210633404529)
19 (10, 0.020220560251978516)
20 (2, 0.017831594825275823)
21 (11, 0.012810052805091192)
22 (31, 0.010719732608263146)
23 (17, 0.008454345250543768)
24 (28, 0.006316194844402777)
25 (4, 0.005588667531058742)
26 (7, 0.005588667531058742)
27 (9, 0.005588667531058742)
28 (12, 0.005588667531058742)
29 (14, 0.005588667531058742)
30 (18, 0.005588667531058742)
31 (20, 0.005588667531058742)
32 (23, 0.005588667531058742)
33 (24, 0.005588667531058742)
34 (26, 0.005588667531058742)
35 (30, 0.005588667531058742)
36 (35, 0.005588667531058742)
7
catalogue
1 (6, 0.03277201195460938)
2 (31, 0.030978405629726532)
3 (21, 0.030724131900448832)
4 (0, 0.028930525575565986)
5 (1, 0.028930525575565986)
6 (2, 0.028930525575565986)
7 (3, 0.028930525575565986)
8 (4, 0.028930525575565986)
9 (5, 0.028930525575565986)
10 (7, 0.028930525575565986)
11 (8, 0.028930525575565986)
12 (9, 0.028930525575565986)
13 (10, 0.028930525575565986)
14 (11, 0.028930525575565986)
15 (12, 0.028930525575565986)
16 (13, 0.028930525575565986)
17 (14, 0.028930525575565986)
18 (15, 0.028930525575565986)
19 (16, 0.028930525575565986)
20 (17, 0.028930525575565986)
21 (18, 0.028930525575565986)
22 (19, 0.028930525575565986)
23 (20, 0.028930525575565986)
24 (22, 0.028930525575565986)
25 (25, 0.028930525575565986)
26 (26, 0.028930525575565986)
27 (27, 0.028930525575565986)
28 (28, 0.028930525575565986)
29 (29, 0.028930525575565986)
30 (30, 0.028930525575565986)
31 (32, 0.028930525575565986)
32 (33, 0.028930525575565986)
33 (34, 0.028930525575565986)
34 (35, 0.028930525575565986)
35 (23, 0.004339578836334898)
36 (24, 0.004339578836334898)
8
catalogue
1 (22, 0.14480429606090311)
2 (21, 0.11252096869784747)
3 (15, 0.10156492959021315)
4 (0, 0.0716329549427503)
5 (10, 0.06431226029715816)
6 (13, 0.06225641470605268)
7 (11, 0.05247821714892949)
8 (33, 0.04039190774767519)
9 (8, 0.03837255022899824)
10 (19, 0.03837255022899824)
11 (6, 0.034049426880020564)
12 (14, 0.02863944714815348)
13 (29, 0.023079576068950582)
14 (12, 0.02022600203709618)
15 (30, 0.017448958487096024)
16 (1, 0.01711404184074156)
17 (34, 0.011643503023371653)
18 (3, 0.010121190848119058)
19 (25, 0.010121190848119058)
20 (31, 0.00951675926915254)
21 (5, 0.009497267971573865)
22 (2, 0.008479063404870871)
23 (16, 0.0067490605594520015)
24 (17, 0.0062770020093059365)
25 (23, 0.005489585862155753)
26 (4, 0.004985534008390446)
27 (7, 0.004985534008390446)
28 (9, 0.004985534008390446)
29 (18, 0.004985534008390446)
30 (20, 0.004985534008390446)
31 (24, 0.004985534008390446)
32 (26, 0.004985534008390446)
33 (27, 0.004985534008390446)
34 (28, 0.004985534008390446)
35 (32, 0.004985534008390446)
36 (35, 0.004985534008390446)
9
catalogue
1 (6, 0.03277201195460938)
2 (31, 0.03095963161142168)
3 (21, 0.030742905918753685)
4 (0, 0.028930525575565986)
5 (1, 0.028930525575565986)
6 (2, 0.028930525575565986)
7 (3, 0.028930525575565986)
8 (4, 0.028930525575565986)
9 (5, 0.028930525575565986)
10 (7, 0.028930525575565986)
11 (8, 0.028930525575565986)
12 (9, 0.028930525575565986)
13 (10, 0.028930525575565986)
14 (11, 0.028930525575565986)
15 (12, 0.028930525575565986)
16 (13, 0.028930525575565986)
17 (14, 0.028930525575565986)
18 (15, 0.028930525575565986)
19 (16, 0.028930525575565986)
20 (17, 0.028930525575565986)
21 (18, 0.028930525575565986)
22 (19, 0.028930525575565986)
23 (20, 0.028930525575565986)
24 (22, 0.028930525575565986)
25 (25, 0.028930525575565986)
26 (26, 0.028930525575565986)
27 (27, 0.028930525575565986)
28 (28, 0.028930525575565986)
29 (29, 0.028930525575565986)
30 (30, 0.028930525575565986)
31 (32, 0.028930525575565986)
32 (33, 0.028930525575565986)
33 (34, 0.028930525575565986)
34 (35, 0.028930525575565986)
35 (23, 0.004339578836334898)
36 (24, 0.004339578836334898)
10
catalogue
1 (33, 0.13019614596774207)
2 (12, 0.07896360350264249)
3 (34, 0.07882280913825242)
4 (5, 0.06151562357713692)
5 (29, 0.04494016820882916)
6 (0, 0.043630545412035836)
7 (3, 0.042592242955996125)
8 (8, 0.042592242955996125)
9 (13, 0.042592242955996125)
10 (19, 0.042592242955996125)
11 (25, 0.042592242955996125)
12 (6, 0.03734921679560764)
13 (1, 0.03647430946386239)
14 (22, 0.03647430946386239)
15 (32, 0.03647430946386239)
16 (10, 0.029119987031298627)
17 (35, 0.025018677343139523)
18 (15, 0.022503385409410537)
19 (11, 0.014597905528074493)
20 (21, 0.013473840645367031)
21 (2, 0.007864708919843765)
22 (31, 0.007751682448078269)
23 (30, 0.007562287196670603)
24 (17, 0.006835173456736333)
25 (16, 0.006718444064664503)
26 (23, 0.006040187987108358)
27 (4, 0.00547114641957936)
28 (7, 0.00547114641957936)
29 (9, 0.00547114641957936)
30 (14, 0.00547114641957936)
31 (18, 0.00547114641957936)
32 (20, 0.00547114641957936)
33 (24, 0.00547114641957936)
34 (26, 0.00547114641957936)
35 (27, 0.00547114641957936)
36 (28, 0.00547114641957936)
-----one service finish-----
3
1
orders
1 (16, 0.17726489069956167)
2 (0, 0.1278936007379101)
3 (15, 0.10341228142665414)
4 (14, 0.07885289639700811)
5 (12, 0.058148936140287245)
6 (11, 0.05146712075926538)
7 (5, 0.04921324551152635)
8 (3, 0.04289487006027386)
9 (9, 0.04289487006027386)
10 (26, 0.038129778834573955)
11 (6, 0.037655682284854185)
12 (13, 0.01952642444817472)
13 (10, 0.0145520778256508)
14 (27, 0.01296303159931556)
15 (32, 0.012319815238399989)
16 (18, 0.011475119299320321)
17 (21, 0.011475119299320321)
18 (23, 0.011475119299320321)
19 (25, 0.008504402715187633)
20 (7, 0.007260608926346807)
21 (29, 0.0071331059630824365)
22 (28, 0.0069208157445572625)
23 (20, 0.006412783414312616)
24 (33, 0.006321107055961562)
25 (2, 0.0059303391679345644)
26 (1, 0.005544661898991803)
27 (4, 0.005544661898991803)
28 (8, 0.005544661898991803)
29 (17, 0.005544661898991803)
30 (19, 0.005544661898991803)
31 (22, 0.005544661898991803)
32 (24, 0.005544661898991803)
33 (30, 0.005544661898991803)
34 (31, 0.005544661898991803)
2
orders
1 (10, 0.03998639808266206)
2 (3, 0.038410633439170304)
3 (23, 0.038410633439170304)
4 (27, 0.038410633439170304)
5 (32, 0.038410633439170304)
6 (7, 0.03505188126852895)
7 (25, 0.03445191048605637)
8 (29, 0.03435162176294756)
9 (0, 0.03353539016251032)
10 (1, 0.03353539016251032)
11 (2, 0.03353539016251032)
12 (5, 0.03353539016251032)
13 (6, 0.03353539016251032)
14 (8, 0.03353539016251032)
15 (9, 0.03353539016251032)
16 (11, 0.03353539016251032)
17 (12, 0.03353539016251032)
18 (13, 0.03353539016251032)
19 (14, 0.03353539016251032)
20 (15, 0.03353539016251032)
21 (16, 0.03353539016251032)
22 (17, 0.03353539016251032)
23 (18, 0.03353539016251032)
24 (19, 0.03353539016251032)
25 (21, 0.03353539016251032)
26 (22, 0.03353539016251032)
27 (26, 0.03353539016251032)
28 (30, 0.03353539016251032)
29 (20, 0.006656308771034631)
30 (4, 0.005030308524376549)
31 (24, 0.005030308524376549)
32 (28, 0.005030308524376549)
33 (31, 0.005030308524376549)
34 (33, 0.005030308524376549)
3
orders
1 (10, 0.04483619336335034)
2 (3, 0.04048158365490496)
3 (23, 0.04048158365490496)
4 (26, 0.04048158365490496)
5 (27, 0.04048158365490496)
6 (32, 0.04048158365490496)
7 (16, 0.03775373638700537)
8 (7, 0.036550172478461304)
9 (25, 0.03600442117708348)
10 (29, 0.035978260168599556)
11 (14, 0.03574021585766452)
12 (0, 0.035131279600011174)
13 (1, 0.035131279600011174)
14 (2, 0.035131279600011174)
15 (6, 0.035131279600011174)
16 (8, 0.035131279600011174)
17 (9, 0.035131279600011174)
18 (11, 0.035131279600011174)
19 (12, 0.035131279600011174)
20 (13, 0.035131279600011174)
21 (15, 0.035131279600011174)
22 (18, 0.035131279600011174)
23 (19, 0.035131279600011174)
24 (21, 0.035131279600011174)
25 (22, 0.035131279600011174)
26 (30, 0.035131279600011174)
27 (20, 0.006872044713131284)
28 (4, 0.005269691940001676)
29 (5, 0.005269691940001676)
30 (17, 0.005269691940001676)
31 (24, 0.005269691940001676)
32 (28, 0.005269691940001676)
33 (31, 0.005269691940001676)
34 (33, 0.005269691940001676)
4
orders
1 (0, 0.10125657092181917)
2 (10, 0.058375341852839414)
3 (14, 0.05045315516303717)
4 (16, 0.05002753358992925)
5 (9, 0.04854743133273587)
6 (13, 0.04854743133273587)
7 (18, 0.04854743133273587)
8 (23, 0.04854743133273587)
9 (27, 0.04854743133273587)
10 (32, 0.04854743133273587)
11 (3, 0.04854743133273586)
12 (11, 0.048281548449822874)
13 (6, 0.04342103390081458)
14 (26, 0.0422676003539999)
15 (1, 0.04119202733712663)
16 (21, 0.04119202733712663)
17 (30, 0.04119202733712663)
18 (5, 0.030700191178882813)
19 (7, 0.009360597598850785)
20 (29, 0.009149012692033684)
21 (25, 0.009050098922702426)
22 (15, 0.00787235839548176)
23 (20, 0.00780170738706822)
24 (2, 0.006787107246497124)
25 (4, 0.006178804100568996)
26 (8, 0.006178804100568996)
27 (12, 0.006178804100568996)
28 (17, 0.006178804100568996)
29 (19, 0.006178804100568996)
30 (22, 0.006178804100568996)
31 (24, 0.006178804100568996)
32 (28, 0.006178804100568996)
33 (31, 0.006178804100568996)
34 (33, 0.006178804100568996)
5
orders
1 (0, 0.12001033584558662)
2 (5, 0.08086310075733338)
3 (12, 0.06231544254777094)
4 (11, 0.055725125326495976)
5 (15, 0.05465292732177185)
6 (16, 0.05270935003024477)
7 (3, 0.051900627794605525)
8 (9, 0.051900627794605525)
9 (18, 0.051900627794605525)
10 (27, 0.051900627794605525)
11 (32, 0.051900627794605525)
12 (26, 0.047572363978902174)
13 (6, 0.04364341873743116)
14 (30, 0.04364341873743116)
15 (10, 0.018757934258419626)
16 (14, 0.01825326079020981)
17 (13, 0.014803721867789039)
18 (23, 0.014803721867789039)
19 (7, 0.009197868231938688)
20 (25, 0.008722953504949083)
21 (29, 0.007914074006624347)
22 (20, 0.00782664891905332)
23 (2, 0.007069553380470019)
24 (1, 0.006546512810614676)
25 (4, 0.006546512810614676)
26 (8, 0.006546512810614676)
27 (17, 0.006546512810614676)
28 (19, 0.006546512810614676)
29 (21, 0.006546512810614676)
30 (22, 0.006546512810614676)
31 (24, 0.006546512810614676)
32 (28, 0.006546512810614676)
33 (31, 0.006546512810614676)
34 (33, 0.006546512810614676)
6
orders
1 (10, 0.06503737553180218)
2 (3, 0.042528209793410605)
3 (18, 0.042528209793410605)
4 (23, 0.042528209793410605)
5 (27, 0.042528209793410605)
6 (32, 0.042528209793410605)
7 (16, 0.03959372059648134)
8 (26, 0.03866742664346471)
9 (11, 0.03859904599561543)
10 (25, 0.03766382205937415)
11 (14, 0.03739361957145757)
12 (0, 0.03669199119390869)
13 (1, 0.03669199119390869)
14 (2, 0.03669199119390869)
15 (6, 0.03669199119390869)
16 (8, 0.03669199119390869)
17 (9, 0.03669199119390869)
18 (12, 0.03669199119390869)
19 (13, 0.03669199119390869)
20 (15, 0.03669199119390869)
21 (21, 0.03669199119390869)
22 (22, 0.03669199119390869)
23 (30, 0.03669199119390869)
24 (5, 0.022206574282027998)
25 (7, 0.015751324485154948)
26 (20, 0.007260405464192843)
27 (29, 0.006355151322867325)
28 (4, 0.005503798679086304)
29 (17, 0.005503798679086304)
30 (19, 0.005503798679086304)
31 (24, 0.005503798679086304)
32 (28, 0.005503798679086304)
33 (31, 0.005503798679086304)
34 (33, 0.005503798679086304)
7
orders
1 (7, 0.03131387450195964)
2 (20, 0.03118008185023299)
3 (25, 0.030907423268048205)
4 (2, 0.03070390000478096)
5 (0, 0.03004784632504214)
6 (1, 0.03004784632504214)
7 (3, 0.03004784632504214)
8 (4, 0.03004784632504214)
9 (5, 0.03004784632504214)
10 (6, 0.03004784632504214)
11 (8, 0.03004784632504214)
12 (9, 0.03004784632504214)
13 (10, 0.03004784632504214)
14 (11, 0.03004784632504214)
15 (12, 0.03004784632504214)
16 (13, 0.03004784632504214)
17 (14, 0.03004784632504214)
18 (15, 0.03004784632504214)
19 (16, 0.03004784632504214)
20 (17, 0.03004784632504214)
21 (18, 0.03004784632504214)
22 (19, 0.03004784632504214)
23 (21, 0.03004784632504214)
24 (22, 0.03004784632504214)
25 (23, 0.03004784632504214)
26 (24, 0.03004784632504214)
27 (26, 0.03004784632504214)
28 (27, 0.03004784632504214)
29 (28, 0.03004784632504214)
30 (29, 0.03004784632504214)
31 (30, 0.03004784632504214)
32 (32, 0.03004784632504214)
33 (33, 0.03004784632504214)
34 (31, 0.004507176948756322)
8
orders
1 (0, 0.17264352191187826)
2 (14, 0.09741436096941496)
3 (5, 0.06126994260735175)
4 (3, 0.05270293280920619)
5 (11, 0.052249544481634415)
6 (12, 0.05083063874884993)
7 (27, 0.05052447122113555)
8 (18, 0.050139221622071316)
9 (16, 0.04941813013827897)
10 (9, 0.0490228928729131)
11 (32, 0.0490228928729131)
12 (10, 0.04804883459392166)
13 (26, 0.04275214508650802)
14 (15, 0.029679184915120334)
15 (23, 0.013709635356529876)
16 (7, 0.008204495228395404)
17 (25, 0.008053591088434576)
18 (4, 0.007858216345287399)
19 (13, 0.007737975205599876)
20 (28, 0.007482874725266203)
21 (29, 0.007238581313293257)
22 (19, 0.0071618826249500635)
23 (20, 0.00708087940552383)
24 (6, 0.007012772703240023)
25 (2, 0.006654619214496783)
26 (1, 0.00623175132642057)
27 (8, 0.00623175132642057)
28 (17, 0.00623175132642057)
29 (21, 0.00623175132642057)
30 (22, 0.00623175132642057)
31 (24, 0.00623175132642057)
32 (30, 0.00623175132642057)
33 (31, 0.00623175132642057)
34 (33, 0.00623175132642057)
9
orders
1 (0, 0.11553189042189223)
2 (5, 0.07349316286444399)
3 (15, 0.05306080131706324)
4 (3, 0.04982980946851671)
5 (9, 0.04982980946851671)
6 (12, 0.04982980946851671)
7 (18, 0.04982980946851671)
8 (27, 0.04982980946851671)
9 (32, 0.04982980946851671)
10 (16, 0.04840635816955229)
11 (26, 0.04586294207921921)
12 (11, 0.04559573822861528)
13 (1, 0.042133945541428824)
14 (6, 0.042133945541428824)
15 (21, 0.042133945541428824)
16 (30, 0.042133945541428824)
17 (14, 0.018614944557060614)
18 (10, 0.017085617742309434)
19 (23, 0.014015955758302218)
20 (25, 0.009680061972327425)
21 (7, 0.007663246333554127)
22 (20, 0.0076335396042724385)
23 (2, 0.006320091831214324)
24 (4, 0.006320091831214324)
25 (8, 0.006320091831214324)
26 (13, 0.006320091831214324)
27 (17, 0.006320091831214324)
28 (19, 0.006320091831214324)
29 (22, 0.006320091831214324)
30 (24, 0.006320091831214324)
31 (28, 0.006320091831214324)
32 (29, 0.006320091831214324)
33 (31, 0.006320091831214324)
34 (33, 0.006320091831214324)
10
orders
1 (3, 0.16058863434156348)
2 (16, 0.10170511622677043)
3 (0, 0.08622569328714645)
4 (14, 0.0650495805089986)
5 (13, 0.05986438483605515)
6 (4, 0.05867304110950095)
7 (18, 0.049038948540826716)
8 (32, 0.04537351121376919)
9 (15, 0.043132831373035585)
10 (9, 0.04275927149241329)
11 (11, 0.039227099492626885)
12 (6, 0.037136276503499634)
13 (1, 0.036833464722360314)
14 (5, 0.022644957785546094)
15 (12, 0.02138648163374159)
16 (27, 0.012116498888813285)
17 (23, 0.011450826478407025)
18 (19, 0.008784445452270714)
19 (10, 0.008306686389507649)
20 (33, 0.0071075385389129725)
21 (26, 0.006709642736119395)
22 (25, 0.006707121598224279)
23 (20, 0.006141421338000244)
24 (28, 0.006138495074118099)
25 (29, 0.006135913595636463)
26 (7, 0.006101276767747087)
27 (17, 0.005985702115910083)
28 (2, 0.005525019708354047)
29 (8, 0.005525019708354047)
30 (21, 0.005525019708354047)
31 (22, 0.005525019708354047)
32 (24, 0.005525019708354047)
33 (30, 0.005525019708354047)
34 (31, 0.005525019708354047)
-----one service finish-----
4
1
carts
1 (32, 0.12357067510912267)
2 (21, 0.07765491177045607)
3 (0, 0.06226413882658399)
4 (12, 0.056461943114123454)
5 (19, 0.05644259809241693)
6 (33, 0.050815874659291965)
7 (14, 0.04956255752099612)
8 (15, 0.04484631398147921)
9 (30, 0.04409871759654314)
10 (25, 0.04245231577526078)
11 (8, 0.04197381039044948)
12 (11, 0.03948530327854005)
13 (10, 0.03760454048105308)
14 (28, 0.037475941141530876)
15 (6, 0.03578061295880589)
16 (22, 0.021825558402777646)
17 (13, 0.01839657865745551)
18 (20, 0.017211511513260887)
19 (35, 0.01622624223069706)
20 (34, 0.013125981791469718)
21 (3, 0.011738776235611323)
22 (1, 0.011118126171147638)
23 (36, 0.0076544865935264435)
24 (23, 0.00648771183478664)
25 (18, 0.006434449148160961)
26 (26, 0.0063249117592379875)
27 (27, 0.006185890099893767)
28 (31, 0.006183386507446529)
29 (5, 0.006051353745852201)
30 (17, 0.005979121737616148)
31 (9, 0.005897708858413798)
32 (4, 0.005753680788420672)
33 (2, 0.005685630761424189)
34 (7, 0.00530715961653683)
35 (16, 0.00530715961653683)
36 (24, 0.00530715961653683)
37 (29, 0.00530715961653683)
2
carts
1 (6, 0.12823304887968007)
2 (1, 0.08745476601689553)
3 (32, 0.08085713653512858)
4 (15, 0.06325652514960187)
5 (19, 0.05721596898756107)
6 (30, 0.049306977984413684)
7 (12, 0.0472861349531216)
8 (25, 0.047032946339134525)
9 (3, 0.046594642764031614)
10 (11, 0.0439400984810434)
11 (28, 0.04216052358893889)
12 (14, 0.03495316452570188)
13 (22, 0.03138274994888916)
14 (21, 0.03067482568703595)
15 (10, 0.02210652539569086)
16 (34, 0.01946786697049214)
17 (35, 0.01680749276986115)
18 (8, 0.013409486049125638)
19 (20, 0.012949739748433149)
20 (33, 0.00923786365032565)
21 (36, 0.008254800753342208)
22 (0, 0.008154038209891518)
23 (18, 0.007968111962081675)
24 (23, 0.007706916485600495)
25 (27, 0.0075358979487396924)
26 (5, 0.007060192634446445)
27 (31, 0.006853362994513713)
28 (17, 0.006800636061152622)
29 (26, 0.006609046493383335)
30 (2, 0.006538452898260034)
31 (13, 0.006392807238878928)
32 (4, 0.006250678264220347)
33 (9, 0.006181491347903432)
34 (7, 0.005841270570619785)
35 (16, 0.005841270570619785)
36 (24, 0.005841270570619785)
37 (29, 0.005841270570619785)
3
carts
1 (6, 0.10171079386176565)
2 (32, 0.1013455273619375)
3 (22, 0.06511457607558863)
4 (21, 0.05518863383057053)
5 (34, 0.051304903622977835)
6 (15, 0.04930111055852432)
7 (19, 0.04742852080685601)
8 (30, 0.04402261674883575)
9 (12, 0.04272261090450022)
10 (25, 0.04266776010575103)
11 (1, 0.0422697422444116)
12 (8, 0.042196085075613246)
13 (3, 0.041933329001747524)
14 (11, 0.04036984961555817)
15 (33, 0.038585329612049704)
16 (14, 0.034086709728675606)
17 (10, 0.02269093824154883)
18 (35, 0.014239297953236791)
19 (28, 0.009107503548286067)
20 (20, 0.00810105931949448)
21 (0, 0.007563985731941807)
22 (18, 0.007318623611315395)
23 (23, 0.007206778973667119)
24 (36, 0.007007920662369838)
25 (5, 0.006899869998505997)
26 (27, 0.006832978667481749)
27 (17, 0.0063849722702801915)
28 (31, 0.0062046682479497284)
29 (26, 0.006021894078755307)
30 (2, 0.005935258182643915)
31 (13, 0.005743413294378273)
32 (9, 0.005607724338775245)
33 (4, 0.0053770027448011935)
34 (7, 0.0053770027448011935)
35 (16, 0.0053770027448011935)
36 (24, 0.0053770027448011935)
37 (29, 0.0053770027448011935)
4
carts
1 (27, 0.09347163754328415)
2 (32, 0.05909710870937946)
3 (21, 0.04887176986907849)
4 (11, 0.04026817752239361)
5 (35, 0.03888330362167346)
6 (0, 0.03741769114962357)
7 (30, 0.037046862940521175)
8 (3, 0.03704686294052117)
9 (1, 0.035112822628437276)
10 (10, 0.0327528958726322)
11 (14, 0.03264586576192366)
12 (6, 0.032170812245013704)
13 (8, 0.032170812245013704)
14 (9, 0.032170812245013704)
15 (12, 0.032170812245013704)
16 (13, 0.032170812245013704)
17 (15, 0.032170812245013704)
18 (19, 0.032170812245013704)
19 (20, 0.032170812245013704)
20 (25, 0.032170812245013704)
21 (26, 0.032170812245013704)
22 (28, 0.032170812245013704)
23 (33, 0.032170812245013704)
24 (22, 0.026117163532490783)
25 (34, 0.021281164447967845)
26 (23, 0.00821112497650411)
27 (24, 0.0074088330996159475)
28 (18, 0.0072748592508089915)
29 (5, 0.0070212132116098235)
30 (17, 0.006904600078802822)
31 (36, 0.006665886448135216)
32 (2, 0.005920402682475242)
33 (7, 0.005227519424948309)
34 (4, 0.004825621836752056)
35 (16, 0.004825621836752056)
36 (29, 0.004825621836752056)
37 (31, 0.004825621836752056)
5
carts
1 (32, 0.12160232268021823)
2 (21, 0.08160172466163008)
3 (14, 0.07097611571654328)
4 (0, 0.06378661172493616)
5 (10, 0.056859541578884794)
6 (12, 0.054989964413929907)
7 (30, 0.04084609543751249)
8 (15, 0.03946028148840698)
9 (25, 0.039047983086623494)
10 (3, 0.038569958657824734)
11 (33, 0.03802874760046632)
12 (1, 0.03756349589941459)
13 (11, 0.037320113286673354)
14 (28, 0.035644060197344264)
15 (27, 0.03470545630407446)
16 (6, 0.03368101444059053)
17 (13, 0.020466721361067204)
18 (22, 0.019014719731944383)
19 (19, 0.014250835080481897)
20 (35, 0.012789221383196865)
21 (34, 0.01227624183415935)
22 (8, 0.01054291744195117)
23 (20, 0.007042121996976282)
24 (36, 0.00690627306502253)
25 (18, 0.006753433834537718)
26 (23, 0.006333171526297197)
27 (5, 0.006076900287539786)
28 (17, 0.0059095219765471)
29 (31, 0.005822944423011674)
30 (2, 0.005461938861242789)
31 (26, 0.005449893857029277)
32 (9, 0.00525079521593162)
33 (4, 0.004993772189597926)
34 (7, 0.004993772189597926)
35 (16, 0.004993772189597926)
36 (24, 0.004993772189597926)
37 (29, 0.004993772189597926)
6
carts
1 (12, 0.1096526788983581)
2 (15, 0.08542788093513258)
3 (13, 0.06418165336516138)
4 (1, 0.051006968678238035)
5 (19, 0.04750630086146638)
6 (30, 0.04512780042507962)
7 (25, 0.04383652782939211)
8 (8, 0.04299125600178054)
9 (3, 0.04264715612666195)
10 (21, 0.041428542018658567)
11 (11, 0.041120151899730395)
12 (32, 0.03974025522864663)
13 (28, 0.03890843928630125)
14 (33, 0.03873239305742408)
15 (6, 0.03681756064565972)
16 (14, 0.036609547844987086)
17 (22, 0.025726768058019375)
18 (10, 0.02532795413921026)
19 (34, 0.01646177392379509)
20 (35, 0.016280993974786318)
21 (0, 0.010239855049707427)
22 (20, 0.008125064323530622)
23 (36, 0.007855279936059004)
24 (23, 0.006858441223909902)
25 (18, 0.006769491043058154)
26 (26, 0.006493823864008428)
27 (5, 0.006391865994259212)
28 (31, 0.006376010475694308)
29 (17, 0.006199303170258429)
30 (27, 0.006139314192756264)
31 (2, 0.005966486937523117)
32 (9, 0.005758311777520999)
33 (4, 0.005458829762644921)
34 (7, 0.005458829762644921)
35 (16, 0.005458829762644921)
36 (24, 0.005458829762644921)
37 (29, 0.005458829762644921)
7
carts
1 (21, 0.08297452254337405)
2 (14, 0.07563940434692741)
3 (19, 0.050016258491677915)
4 (35, 0.04935565084947429)
5 (12, 0.049311049852714284)
6 (30, 0.048061418152463176)
7 (11, 0.04688692166827286)
8 (3, 0.04643022730952381)
9 (6, 0.04643022730952381)
10 (8, 0.04643022730952381)
11 (25, 0.04643022730952381)
12 (32, 0.04463526891032762)
13 (33, 0.04296912026817232)
14 (1, 0.041780531218866594)
15 (18, 0.04094456691885866)
16 (28, 0.039186250390023714)
17 (22, 0.02829306884452933)
18 (0, 0.02739820874373338)
19 (10, 0.0165341380746291)
20 (34, 0.01640068794253351)
21 (5, 0.007940063473729306)
22 (17, 0.007715346791110081)
23 (23, 0.007676623435511978)
24 (20, 0.007612855299472552)
25 (36, 0.007244584252656544)
26 (31, 0.007201564917122406)
27 (2, 0.007194620776223035)
28 (13, 0.007167071089343674)
29 (27, 0.007115793042128432)
30 (4, 0.005877937558503557)
31 (7, 0.005877937558503557)
32 (9, 0.005877937558503557)
33 (15, 0.005877937558503557)
34 (16, 0.005877937558503557)
35 (24, 0.005877937558503557)
36 (26, 0.005877937558503557)
37 (29, 0.005877937558503557)
8
carts
1 (10, 0.11001486242761195)
2 (27, 0.06664043217293664)
3 (32, 0.05503935159255595)
4 (19, 0.04694840886081578)
5 (15, 0.04655743913045808)
6 (21, 0.04336206037118135)
7 (35, 0.04258769223562179)
8 (12, 0.04243967532935384)
9 (25, 0.042097772192141274)
10 (30, 0.041730494775467294)
11 (3, 0.041558443865094816)
12 (8, 0.04082362065355476)
13 (1, 0.04032831532153534)
14 (11, 0.039457587017692114)
15 (33, 0.03850742486192487)
16 (28, 0.0382204491283208)
17 (6, 0.03538210925286398)
18 (0, 0.02843239199333629)
19 (22, 0.02302381725576297)
20 (14, 0.021270635677080953)
21 (34, 0.01629648307659059)
22 (20, 0.007903954621474276)
23 (18, 0.007469028383783519)
24 (23, 0.007400499401162613)
25 (5, 0.006813719858553711)
26 (17, 0.006565280879828836)
27 (26, 0.006430106483107915)
28 (2, 0.006234033023851959)
29 (36, 0.006140972082707977)
30 (31, 0.006091825148888785)
31 (13, 0.006012465031571025)
32 (4, 0.005933450750839109)
33 (7, 0.0052570394284657705)
34 (9, 0.0052570394284657705)
35 (16, 0.0052570394284657705)
36 (24, 0.0052570394284657705)
37 (29, 0.0052570394284657705)
9
carts
1 (32, 0.09994240209750306)
2 (21, 0.05932446158313285)
3 (14, 0.045962931643940115)
4 (35, 0.0403111590699755)
5 (30, 0.039402201545500594)
6 (25, 0.03933955503813047)
7 (3, 0.03931471207359079)
8 (11, 0.038022508899006435)
9 (0, 0.03784363200385275)
10 (33, 0.03588508483222069)
11 (1, 0.03508609078696162)
12 (20, 0.034515102734911735)
13 (19, 0.03432141516992216)
14 (27, 0.034183282881173026)
15 (12, 0.034172615615250354)
16 (13, 0.03416829235984253)
17 (10, 0.03381459463898272)
18 (6, 0.0332549306054614)
19 (8, 0.0332549306054614)
20 (9, 0.0332549306054614)
21 (28, 0.0332549306054614)
22 (15, 0.03132019366240491)
23 (22, 0.02559404864393666)
24 (34, 0.019142573215490497)
25 (23, 0.006611900050273709)
26 (17, 0.006607910363413689)
27 (5, 0.006491594682877604)
28 (18, 0.0063038689522757155)
29 (36, 0.0059213813561107475)
30 (2, 0.005907030136057647)
31 (31, 0.0058859692838737895)
32 (26, 0.0058291339040596685)
33 (4, 0.005801671990205546)
34 (7, 0.004988239590819211)
35 (16, 0.004988239590819211)
36 (24, 0.004988239590819211)
37 (29, 0.004988239590819211)
10
carts
1 (32, 0.09764012988126275)
2 (15, 0.08460461944904511)
3 (1, 0.07731580006094615)
4 (33, 0.056480659262354654)
5 (19, 0.05026062184587676)
6 (30, 0.047424865734698715)
7 (22, 0.04695979913668652)
8 (12, 0.046092416132636566)
9 (21, 0.04577741080949196)
10 (25, 0.0456870857501912)
11 (8, 0.044642151030559865)
12 (11, 0.04244338977006203)
13 (28, 0.04082349713972718)
14 (14, 0.03763409627227421)
15 (34, 0.033806410305369385)
16 (23, 0.030801237928939938)
17 (10, 0.02490347142726818)
18 (35, 0.014547791671265239)
19 (3, 0.012454442721980406)
20 (18, 0.0083097017068105)
21 (20, 0.007937257604850556)
22 (27, 0.007619191307908519)
23 (0, 0.007546510528231743)
24 (5, 0.007483208173734069)
25 (17, 0.006896317346921555)
26 (36, 0.006819913119383771)
27 (31, 0.006640206758018881)
28 (26, 0.006558663733242286)
29 (24, 0.006553337650806449)
30 (2, 0.006477797781611225)
31 (13, 0.006336749297607673)
32 (6, 0.006120329564430359)
33 (4, 0.005680183819161081)
34 (7, 0.005680183819161081)
35 (9, 0.005680183819161081)
36 (16, 0.005680183819161081)
37 (29, 0.005680183819161081)
-----one service finish-----
5
1
payment
1 (26, 0.2495643741715676)
2 (14, 0.17364113461764386)
3 (27, 0.08205649656986429)
4 (29, 0.05250740910808415)
5 (8, 0.04421076706985098)
6 (13, 0.04421076706985098)
7 (24, 0.04421076706985098)
8 (21, 0.041194122859668274)
9 (28, 0.0210190481305143)
10 (0, 0.019297857138916002)
11 (35, 0.01921834856456516)
12 (22, 0.016411408676236413)
13 (31, 0.014700403174397692)
14 (19, 0.013432005012200099)
15 (1, 0.013094619124338541)
16 (3, 0.012167097221258305)
17 (20, 0.010702606556966029)
18 (10, 0.009937864174124214)
19 (23, 0.009437296053019574)
20 (30, 0.009431700248083496)
21 (34, 0.00836852777189171)
22 (5, 0.008312921437474257)
23 (7, 0.007593257548500416)
24 (18, 0.006756575873785659)
25 (2, 0.006320206815961286)
26 (4, 0.005654765267398707)
27 (6, 0.005654765267398707)
28 (9, 0.005654765267398707)
29 (11, 0.005654765267398707)
30 (12, 0.005654765267398707)
31 (15, 0.005654765267398707)
32 (16, 0.005654765267398707)
33 (17, 0.005654765267398707)
34 (25, 0.005654765267398707)
35 (32, 0.005654765267398707)
36 (33, 0.005654765267398707)
2
payment
1 (26, 0.15079755118284155)
2 (14, 0.08633350484039844)
3 (0, 0.06754151977209492)
4 (28, 0.05502954765939431)
5 (19, 0.05128626348701555)
6 (8, 0.048454076135420826)
7 (13, 0.048454076135420826)
8 (24, 0.048454076135420826)
9 (29, 0.048454076135420826)
10 (35, 0.048454076135420826)
11 (21, 0.042200694474500734)
12 (6, 0.04081248492193485)
13 (27, 0.03312382479817473)
14 (20, 0.024935286305482935)
15 (10, 0.02139463077499269)
16 (31, 0.021262842853997637)
17 (22, 0.018667790190195543)
18 (1, 0.018307925126102163)
19 (3, 0.01376346395177621)
20 (7, 0.010783263367805171)
21 (18, 0.008391646856596503)
22 (2, 0.007391160423528826)
23 (4, 0.006121872738290228)
24 (5, 0.006121872738290228)
25 (9, 0.006121872738290228)
26 (11, 0.006121872738290228)
27 (12, 0.006121872738290228)
28 (15, 0.006121872738290228)
29 (16, 0.006121872738290228)
30 (17, 0.006121872738290228)
31 (23, 0.006121872738290228)
32 (25, 0.006121872738290228)
33 (30, 0.006121872738290228)
34 (32, 0.006121872738290228)
35 (33, 0.006121872738290228)
36 (34, 0.006121872738290228)
3
payment
1 (26, 0.10826344528684445)
2 (10, 0.05597256983408027)
3 (22, 0.05466958859102081)
4 (1, 0.05465273806497395)
5 (0, 0.054117639904243314)
6 (19, 0.05011945236961022)
7 (8, 0.04731629754187666)
8 (13, 0.04731629754187666)
9 (24, 0.04731629754187666)
10 (29, 0.04731629754187666)
11 (35, 0.04731629754187666)
12 (21, 0.041419660179112396)
13 (6, 0.03997985701877937)
14 (16, 0.03997985701877937)
15 (32, 0.03997985701877937)
16 (14, 0.03700474194295145)
17 (31, 0.02744099747005021)
18 (20, 0.021894523315192985)
19 (27, 0.017825904576783902)
20 (3, 0.0133334190759142)
21 (7, 0.012994772033493415)
22 (18, 0.008288372700576252)
23 (2, 0.007520394702811006)
24 (4, 0.005996978552816906)
25 (5, 0.005996978552816906)
26 (9, 0.005996978552816906)
27 (11, 0.005996978552816906)
28 (12, 0.005996978552816906)
29 (15, 0.005996978552816906)
30 (17, 0.005996978552816906)
31 (23, 0.005996978552816906)
32 (25, 0.005996978552816906)
33 (28, 0.005996978552816906)
34 (30, 0.005996978552816906)
35 (33, 0.005996978552816906)
36 (34, 0.005996978552816906)
4
payment
1 (14, 0.1270458201121203)
2 (0, 0.07805309317736207)
3 (22, 0.06920235789462478)
4 (29, 0.06772734755259183)
5 (19, 0.056607232920556964)
6 (28, 0.056487675070809505)
7 (26, 0.05520210616466593)
8 (8, 0.04753879352026718)
9 (24, 0.04753879352026718)
10 (35, 0.04753879352026718)
11 (21, 0.04350659577256518)
12 (27, 0.03328841320135614)
13 (1, 0.02820447769660998)
14 (30, 0.022484384697903332)
15 (20, 0.021669665121758205)
16 (10, 0.02027177492648338)
17 (23, 0.02024611322449593)
18 (31, 0.02004367989840917)
19 (3, 0.013415945297613559)
20 (13, 0.013415945297613559)
21 (18, 0.013415945297613559)
22 (7, 0.011249284336089559)
23 (2, 0.00756393350245604)
24 (4, 0.006021679098115348)
25 (5, 0.006021679098115348)
26 (6, 0.006021679098115348)
27 (9, 0.006021679098115348)
28 (11, 0.006021679098115348)
29 (12, 0.006021679098115348)
30 (15, 0.006021679098115348)
31 (16, 0.006021679098115348)
32 (17, 0.006021679098115348)
33 (25, 0.006021679098115348)
34 (32, 0.006021679098115348)
35 (33, 0.006021679098115348)
36 (34, 0.006021679098115348)
5
payment
1 (26, 0.23706005427822685)
2 (14, 0.1502250249377866)
3 (29, 0.07466516784987286)
4 (0, 0.06576900803590437)
5 (27, 0.04963406946724156)
6 (21, 0.047928937709000925)
7 (19, 0.04765907801983354)
8 (24, 0.046946077005856686)
9 (30, 0.025755219049252088)
10 (28, 0.020655751549808043)
11 (1, 0.01614444776610805)
12 (35, 0.014537983302750449)
13 (20, 0.014277797570052554)
14 (31, 0.01385349720325264)
15 (3, 0.01319545494922419)
16 (8, 0.01319545494922419)
17 (13, 0.01319545494922419)
18 (22, 0.011787810572537803)
19 (10, 0.010302188955915996)
20 (16, 0.00958198197535545)
21 (5, 0.008743367926414319)
22 (7, 0.008081778014934022)
23 (2, 0.007236994818305669)
24 (23, 0.006954164447940941)
25 (18, 0.006542719628916201)
26 (34, 0.006510593790649649)
27 (4, 0.005955992127641029)
28 (6, 0.005955992127641029)
29 (9, 0.005955992127641029)
30 (11, 0.005955992127641029)
31 (12, 0.005955992127641029)
32 (15, 0.005955992127641029)
33 (17, 0.005955992127641029)
34 (25, 0.005955992127641029)
35 (32, 0.005955992127641029)
36 (33, 0.005955992127641029)
6
payment
1 (26, 0.23015351025442202)
2 (14, 0.14722977500028955)
3 (29, 0.06496433784046657)
4 (0, 0.054829950948697206)
5 (19, 0.04652649976092461)
6 (24, 0.04587479001850331)
7 (21, 0.044501002135526824)
8 (22, 0.04445248263429406)
9 (27, 0.04198438694094344)
10 (35, 0.03643506812997622)
11 (34, 0.023604120843897326)
12 (30, 0.01688782839571643)
13 (28, 0.016232409777055756)
14 (1, 0.015083233692835664)
15 (20, 0.013200040920260525)
16 (3, 0.012788171929675284)
17 (8, 0.012788171929675284)
18 (13, 0.012788171929675284)
19 (31, 0.012318078595150555)
20 (10, 0.008904126998065085)
21 (7, 0.007928094284793467)
22 (5, 0.007336416809095256)
23 (2, 0.006735970374420538)
24 (18, 0.006387580373415568)
25 (4, 0.005838814956852006)
26 (6, 0.005838814956852006)
27 (9, 0.005838814956852006)
28 (11, 0.005838814956852006)
29 (12, 0.005838814956852006)
30 (15, 0.005838814956852006)
31 (16, 0.005838814956852006)
32 (17, 0.005838814956852006)
33 (23, 0.005838814956852006)
34 (25, 0.005838814956852006)
35 (32, 0.005838814956852006)
36 (33, 0.005838814956852006)
7
payment
1 (26, 0.10084249479591313)
2 (16, 0.05458032345121558)
3 (14, 0.052892969378115356)
4 (7, 0.048517818555015975)
5 (1, 0.04531306622063535)
6 (8, 0.04531306622063535)
7 (13, 0.04531306622063535)
8 (19, 0.04531306622063535)
9 (24, 0.04531306622063535)
10 (29, 0.04531306622063535)
11 (35, 0.04531306622063535)
12 (10, 0.04394887113560444)
13 (2, 0.03998497474987367)
14 (21, 0.03977907640292987)
15 (0, 0.03966318375491175)
16 (6, 0.038507280185520444)
17 (15, 0.038507280185520444)
18 (32, 0.038507280185520444)
19 (22, 0.03421201269749346)
20 (31, 0.01364171249755422)
21 (3, 0.01258187806294297)
22 (4, 0.005776092027828068)
23 (5, 0.005776092027828068)
24 (9, 0.005776092027828068)
25 (11, 0.005776092027828068)
26 (12, 0.005776092027828068)
27 (17, 0.005776092027828068)
28 (18, 0.005776092027828068)
29 (20, 0.005776092027828068)
30 (23, 0.005776092027828068)
31 (25, 0.005776092027828068)
32 (27, 0.005776092027828068)
33 (28, 0.005776092027828068)
34 (30, 0.005776092027828068)
35 (33, 0.005776092027828068)
36 (34, 0.005776092027828068)
8
payment
1 (26, 0.2390219870233742)
2 (14, 0.1527782517491616)
3 (0, 0.06432796655120936)
4 (29, 0.05807940248804773)
5 (19, 0.04890501987881468)
6 (13, 0.04775311673363574)
7 (24, 0.04722758964884451)
8 (21, 0.046701681776655755)
9 (27, 0.03312369175622512)
10 (28, 0.020700562322239068)
11 (31, 0.01901520365113658)
12 (22, 0.01686212151113462)
13 (35, 0.014606320719336076)
14 (20, 0.01453741539658242)
15 (3, 0.013301182681915436)
16 (8, 0.013301182681915436)
17 (30, 0.012050007622763668)
18 (10, 0.011418445665370976)
19 (23, 0.010923111425416842)
20 (32, 0.00958772540111272)
21 (7, 0.008201958685911774)
22 (5, 0.008105652364452895)
23 (1, 0.008043528306322994)
24 (18, 0.0073608474714754)
25 (2, 0.00723575557435889)
26 (34, 0.006529728298664493)
27 (12, 0.006417425666445413)
28 (4, 0.005987012994163958)
29 (6, 0.005987012994163958)
30 (9, 0.005987012994163958)
31 (11, 0.005987012994163958)
32 (15, 0.005987012994163958)
33 (16, 0.005987012994163958)
34 (17, 0.005987012994163958)
35 (25, 0.005987012994163958)
36 (33, 0.005987012994163958)
9
payment
1 (26, 0.20697239348424415)
2 (27, 0.1391911163266625)
3 (22, 0.09117667520552482)
4 (14, 0.07174393405986576)
5 (29, 0.06946922309532397)
6 (35, 0.06124004625486119)
7 (19, 0.043715437872745115)
8 (21, 0.03902208383905602)
9 (30, 0.02481677360123972)
10 (31, 0.023278613910815673)
11 (20, 0.019023239027467838)
12 (28, 0.017069267178646378)
13 (0, 0.01648394500829612)
14 (34, 0.014227465400443473)
15 (3, 0.012447404204780674)
16 (8, 0.011566923112415145)
17 (13, 0.011566923112415145)
18 (24, 0.011566923112415145)
19 (23, 0.009165407530619212)
20 (1, 0.009141151632800574)
21 (10, 0.008517435392727993)
22 (5, 0.008267541077155013)
23 (7, 0.007031466572960867)
24 (18, 0.006495272334953759)
25 (2, 0.006143324485022025)
26 (4, 0.005942328171716983)
27 (6, 0.005471768499482469)
28 (9, 0.005471768499482469)
29 (11, 0.005471768499482469)
30 (12, 0.005471768499482469)
31 (15, 0.005471768499482469)
32 (16, 0.005471768499482469)
33 (17, 0.005471768499482469)
34 (25, 0.005471768499482469)
35 (32, 0.005471768499482469)
36 (33, 0.005471768499482469)
10
payment
1 (26, 0.1627939112208149)
2 (14, 0.09663682686122917)
3 (0, 0.06331860534649736)
4 (28, 0.057970139211650375)
5 (22, 0.04937261837159958)
6 (19, 0.046799849533664034)
7 (8, 0.044657956198361125)
8 (13, 0.044657956198361125)
9 (24, 0.044657956198361125)
10 (29, 0.044657956198361125)
11 (35, 0.044657956198361125)
12 (21, 0.03932365371906846)
13 (6, 0.038018918790817945)
14 (27, 0.0362407049910321)
15 (1, 0.018980912633709053)
16 (31, 0.018823857477496323)
17 (20, 0.017393830485603178)
18 (10, 0.01440776674013424)
19 (3, 0.012341875226165873)
20 (7, 0.010029937760247486)
21 (18, 0.007539731400466601)
22 (2, 0.006877349777280122)
23 (4, 0.005702837818622694)
24 (5, 0.005702837818622694)
25 (9, 0.005702837818622694)
26 (11, 0.005702837818622694)
27 (12, 0.005702837818622694)
28 (15, 0.005702837818622694)
29 (16, 0.005702837818622694)
30 (17, 0.005702837818622694)
31 (23, 0.005702837818622694)
32 (25, 0.005702837818622694)
33 (30, 0.005702837818622694)
34 (32, 0.005702837818622694)
35 (33, 0.005702837818622694)
36 (34, 0.005702837818622694)
-----one service finish-----
6
1
shipping
1 (20, 0.03629620851019334)
2 (24, 0.03629620851019334)
3 (28, 0.03629620851019334)
4 (33, 0.03629620851019334)
5 (30, 0.034480245315258076)
6 (10, 0.03360310717353851)
7 (0, 0.03178714397860324)
8 (1, 0.03178714397860324)
9 (2, 0.03178714397860324)
10 (3, 0.03178714397860324)
11 (4, 0.03178714397860324)
12 (5, 0.03178714397860324)
13 (6, 0.03178714397860324)
14 (8, 0.03178714397860324)
15 (9, 0.03178714397860324)
16 (11, 0.03178714397860324)
17 (12, 0.03178714397860324)
18 (13, 0.03178714397860324)
19 (14, 0.03178714397860324)
20 (15, 0.03178714397860324)
21 (16, 0.03178714397860324)
22 (17, 0.03178714397860324)
23 (18, 0.03178714397860324)
24 (19, 0.03178714397860324)
25 (21, 0.03178714397860324)
26 (23, 0.03178714397860324)
27 (26, 0.03178714397860324)
28 (27, 0.03178714397860324)
29 (31, 0.03178714397860324)
30 (32, 0.03178714397860324)
31 (7, 0.0047680715967904855)
32 (22, 0.0047680715967904855)
33 (25, 0.0047680715967904855)
34 (29, 0.0047680715967904855)
35 (34, 0.0047680715967904855)
2
shipping
1 (32, 0.1494329665798127)
2 (31, 0.09967202517836336)
3 (0, 0.0760601390287017)
4 (27, 0.05869161693991431)
5 (14, 0.05300597575610294)
6 (11, 0.050757478146040355)
7 (33, 0.04553248780185419)
8 (4, 0.04373877243067689)
9 (13, 0.04373877243067689)
10 (18, 0.04373877243067689)
11 (28, 0.04373877243067689)
12 (26, 0.039129733519289896)
13 (1, 0.03874020399122955)
14 (15, 0.037471140101568295)
15 (20, 0.024462858451961424)
16 (6, 0.018907009059707297)
17 (10, 0.012005947783307684)
18 (8, 0.011888303344343846)
19 (24, 0.011888303344343846)
20 (30, 0.009852730851700258)
21 (21, 0.007442281948169853)
22 (7, 0.0070349852528228075)
23 (2, 0.005620671015235244)
24 (3, 0.005620671015235244)
25 (5, 0.005620671015235244)
26 (9, 0.005620671015235244)
27 (12, 0.005620671015235244)
28 (16, 0.005620671015235244)
29 (17, 0.005620671015235244)
30 (19, 0.005620671015235244)
31 (22, 0.005620671015235244)
32 (23, 0.005620671015235244)
33 (25, 0.005620671015235244)
34 (29, 0.005620671015235244)
35 (34, 0.005620671015235244)
3
shipping
1 (32, 0.12292861972293119)
2 (20, 0.08327643638898183)
3 (0, 0.07018164926414552)
4 (13, 0.06503325254663544)
5 (8, 0.046821289785928824)
6 (19, 0.046821289785928824)
7 (24, 0.046821289785928824)
8 (33, 0.046821289785928824)
9 (14, 0.04489399798556558)
10 (1, 0.04321037997207573)
11 (26, 0.04188098226101256)
12 (6, 0.03976718623413792)
13 (11, 0.03976718623413792)
14 (15, 0.03976718623413792)
15 (21, 0.03976718623413792)
16 (31, 0.025450303897349917)
17 (12, 0.02135949095088602)
18 (28, 0.013019181486911592)
19 (3, 0.01301918148691159)
20 (10, 0.012254296245242442)
21 (30, 0.01001632280554088)
22 (7, 0.009575987748973778)
23 (2, 0.005965077935120688)
24 (4, 0.005965077935120688)
25 (5, 0.005965077935120688)
26 (9, 0.005965077935120688)
27 (16, 0.005965077935120688)
28 (17, 0.005965077935120688)
29 (18, 0.005965077935120688)
30 (22, 0.005965077935120688)
31 (23, 0.005965077935120688)
32 (25, 0.005965077935120688)
33 (27, 0.005965077935120688)
34 (29, 0.005965077935120688)
35 (34, 0.005965077935120688)
4
shipping
1 (33, 0.21788992787838474)
2 (14, 0.12438825859448928)
3 (0, 0.08170219419950771)
4 (20, 0.07516759050666483)
5 (34, 0.07274723307407734)
6 (18, 0.05884897583527854)
7 (31, 0.04911967636381945)
8 (13, 0.04737016474430834)
9 (11, 0.03805175023223641)
10 (3, 0.026654306847458842)
11 (10, 0.02391805445774452)
12 (28, 0.013952601837169886)
13 (19, 0.01242379009847621)
14 (8, 0.012158379551571294)
15 (24, 0.012158379551571294)
16 (4, 0.011939266002275963)
17 (30, 0.009830639070369353)
18 (22, 0.008890669788277517)
19 (12, 0.008226143508369827)
20 (27, 0.007305772132666656)
21 (29, 0.00665856511514035)
22 (32, 0.006143897868048427)
23 (7, 0.005960612324067647)
24 (1, 0.005707762534835462)
25 (2, 0.005707762534835462)
26 (5, 0.005707762534835462)
27 (6, 0.005707762534835462)
28 (9, 0.005707762534835462)
29 (15, 0.005707762534835462)
30 (16, 0.005707762534835462)
31 (17, 0.005707762534835462)
32 (21, 0.005707762534835462)
33 (23, 0.005707762534835462)
34 (25, 0.005707762534835462)
35 (26, 0.005707762534835462)
5
shipping
1 (20, 0.035415229366241086)
2 (28, 0.035415229366241086)
3 (30, 0.035415229366241086)
4 (33, 0.035415229366241086)
5 (0, 0.031099242120834623)
6 (1, 0.031099242120834623)
7 (2, 0.031099242120834623)
8 (3, 0.031099242120834623)
9 (4, 0.031099242120834623)
10 (5, 0.031099242120834623)
11 (6, 0.031099242120834623)
12 (8, 0.031099242120834623)
13 (9, 0.031099242120834623)
14 (10, 0.031099242120834623)
15 (11, 0.031099242120834623)
16 (12, 0.031099242120834623)
17 (13, 0.031099242120834623)
18 (14, 0.031099242120834623)
19 (15, 0.031099242120834623)
20 (16, 0.031099242120834623)
21 (17, 0.031099242120834623)
22 (18, 0.031099242120834623)
23 (19, 0.031099242120834623)
24 (21, 0.031099242120834623)
25 (23, 0.031099242120834623)
26 (24, 0.031099242120834623)
27 (25, 0.031099242120834623)
28 (26, 0.031099242120834623)
29 (27, 0.031099242120834623)
30 (31, 0.031099242120834623)
31 (32, 0.031099242120834623)
32 (7, 0.004664886318125194)
33 (22, 0.004664886318125194)
34 (29, 0.004664886318125194)
35 (34, 0.004664886318125194)
6
shipping
1 (20, 0.03375270072777928)
2 (30, 0.03375270072777928)
3 (0, 0.02979215969790548)
4 (1, 0.02979215969790548)
5 (2, 0.02979215969790548)
6 (3, 0.02979215969790548)
7 (4, 0.02979215969790548)
8 (5, 0.02979215969790548)
9 (6, 0.02979215969790548)
10 (8, 0.02979215969790548)
11 (9, 0.02979215969790548)
12 (10, 0.02979215969790548)
13 (11, 0.02979215969790548)
14 (12, 0.02979215969790548)
15 (13, 0.02979215969790548)
16 (14, 0.02979215969790548)
17 (15, 0.02979215969790548)
18 (16, 0.02979215969790548)
19 (17, 0.02979215969790548)
20 (18, 0.02979215969790548)
21 (19, 0.02979215969790548)
22 (21, 0.02979215969790548)
23 (23, 0.02979215969790548)
24 (24, 0.02979215969790548)
25 (25, 0.02979215969790548)
26 (26, 0.02979215969790548)
27 (27, 0.02979215969790548)
28 (28, 0.02979215969790548)
29 (29, 0.02979215969790548)
30 (31, 0.02979215969790548)
31 (32, 0.02979215969790548)
32 (33, 0.02979215969790548)
33 (34, 0.02979215969790548)
34 (7, 0.004468823954685822)
35 (22, 0.004468823954685822)
7
shipping
1 (20, 0.1047402702233797)
2 (13, 0.05991304684162571)
3 (0, 0.05111843898550654)
4 (10, 0.04540979316575958)
5 (3, 0.044413504743908525)
6 (8, 0.044413504743908525)
7 (19, 0.044413504743908525)
8 (24, 0.044413504743908525)
9 (33, 0.044413504743908525)
10 (1, 0.041226228548827945)
11 (6, 0.03797768073963069)
12 (11, 0.03797768073963069)
13 (15, 0.03797768073963069)
14 (21, 0.03797768073963069)
15 (23, 0.03797768073963069)
16 (26, 0.03797768073963069)
17 (27, 0.03797768073963069)
18 (32, 0.03797768073963069)
19 (14, 0.03616615852749113)
20 (31, 0.021650076210470794)
21 (12, 0.01940553251892001)
22 (28, 0.01213247611522244)
23 (30, 0.010801907699792218)
24 (7, 0.008883928306025184)
25 (2, 0.005696652110944604)
26 (4, 0.005696652110944604)
27 (5, 0.005696652110944604)
28 (9, 0.005696652110944604)
29 (16, 0.005696652110944604)
30 (17, 0.005696652110944604)
31 (18, 0.005696652110944604)
32 (22, 0.005696652110944604)
33 (25, 0.005696652110944604)
34 (29, 0.005696652110944604)
35 (34, 0.005696652110944604)
8
shipping
1 (14, 0.07824371287480844)
2 (10, 0.051780697685974986)
3 (20, 0.05022499377471505)
4 (33, 0.048081394021027325)
5 (4, 0.04607397439683515)
6 (8, 0.04607397439683515)
7 (13, 0.04607397439683515)
8 (18, 0.04607397439683515)
9 (24, 0.04607397439683515)
10 (29, 0.04607397439683515)
11 (1, 0.04141739231863336)
12 (26, 0.0404305944020596)
13 (32, 0.040215660039720706)
14 (6, 0.03921237019833775)
15 (11, 0.03921237019833775)
16 (15, 0.03921237019833775)
17 (21, 0.03921237019833775)
18 (23, 0.03921237019833775)
19 (27, 0.03921237019833775)
20 (0, 0.02992536168997055)
21 (31, 0.015379816966641792)
22 (30, 0.012142649237881815)
23 (7, 0.008531017983760289)
24 (22, 0.007208230606511527)
25 (2, 0.0058818555297506635)
26 (3, 0.0058818555297506635)
27 (5, 0.0058818555297506635)
28 (9, 0.0058818555297506635)
29 (12, 0.0058818555297506635)
30 (16, 0.0058818555297506635)
31 (17, 0.0058818555297506635)
32 (19, 0.0058818555297506635)
33 (25, 0.0058818555297506635)
34 (28, 0.0058818555297506635)
35 (34, 0.0058818555297506635)
9
shipping
1 (0, 0.13500551034864974)
2 (14, 0.07705979158117184)
3 (13, 0.060430250653602545)
4 (31, 0.05491578132883957)
5 (4, 0.044641616423895206)
6 (8, 0.044641616423895206)
7 (18, 0.044641616423895206)
8 (24, 0.044641616423895206)
9 (27, 0.044641616423895206)
10 (33, 0.044641616423895206)
11 (26, 0.039994875671711984)
12 (1, 0.03972617641442948)
13 (11, 0.038147296618162914)
14 (15, 0.038147296618162914)
15 (21, 0.038147296618162914)
16 (32, 0.038147296618162914)
17 (20, 0.03186145552916931)
18 (12, 0.01959693563258508)
19 (10, 0.013538832219668487)
20 (30, 0.012367558703776671)
21 (28, 0.012216414298456732)
22 (7, 0.007283710750193269)
23 (22, 0.006898687939029355)
24 (2, 0.005722094492724436)
25 (3, 0.005722094492724436)
26 (5, 0.005722094492724436)
27 (6, 0.005722094492724436)
28 (9, 0.005722094492724436)
29 (16, 0.005722094492724436)
30 (17, 0.005722094492724436)
31 (19, 0.005722094492724436)
32 (23, 0.005722094492724436)
33 (25, 0.005722094492724436)
34 (29, 0.005722094492724436)
35 (34, 0.005722094492724436)
10
shipping
1 (32, 0.1770628545311935)
2 (31, 0.13023611878300295)
3 (0, 0.09953993368142211)
4 (14, 0.059816375324698946)
5 (13, 0.055207574572647376)
6 (34, 0.043638413822597276)
7 (18, 0.04267609030461306)
8 (24, 0.04199297519229581)
9 (1, 0.036861989915156906)
10 (11, 0.036162213158935676)
11 (15, 0.036162213158935676)
12 (21, 0.036162213158935676)
13 (20, 0.03592032944288582)
14 (12, 0.017555668836090572)
15 (4, 0.011255094007200489)
16 (9, 0.011255094007200489)
17 (27, 0.011255094007200489)
18 (28, 0.011255094007200489)
19 (10, 0.01102120388296816)
20 (30, 0.009069433629266722)
21 (33, 0.006947075747915325)
22 (22, 0.006356959179878257)
23 (7, 0.006230410109895293)
24 (26, 0.006059748322853937)
25 (19, 0.0060565094766056975)
26 (2, 0.005424331973840352)
27 (3, 0.005424331973840352)
28 (5, 0.005424331973840352)
29 (6, 0.005424331973840352)
30 (8, 0.005424331973840352)
31 (16, 0.005424331973840352)
32 (17, 0.005424331973840352)
33 (23, 0.005424331973840352)
34 (25, 0.005424331973840352)
35 (29, 0.005424331973840352)
-----one service finish-----
2023-03-14 16:52:18
