2023-03-14 15:51:33
0
1
front-end
1 (16, 0.07940454986170581)
2 (5, 0.07898571111326515)
3 (32, 0.07880764471410807)
4 (0, 0.07799600334211561)
5 (6, 0.07453721128814311)
6 (15, 0.07129180128258472)
7 (4, 0.0710243152468152)
8 (13, 0.0707722074823328)
9 (14, 0.06555664277120433)
10 (3, 0.05860503335737426)
11 (9, 0.04034939641550041)
12 (22, 0.03559261680687762)
13 (34, 0.03540201536230414)
14 (35, 0.033875233092981384)
15 (29, 0.014844481696868509)
16 (24, 0.008693421240093247)
17 (26, 0.008475449536270378)
18 (19, 0.008455933780136305)
19 (30, 0.007268249587707552)
20 (12, 0.006156815302428965)
21 (21, 0.005594577660214648)
22 (27, 0.0055188636143255485)
23 (28, 0.005274789391933065)
24 (23, 0.004806469719120546)
25 (11, 0.004801682275153139)
26 (2, 0.004718183385007949)
27 (25, 0.004644305217201892)
28 (7, 0.004465767666780169)
29 (20, 0.004435765024282885)
30 (10, 0.0043822270847843296)
31 (17, 0.004316864249611922)
32 (31, 0.004279104764099612)
33 (1, 0.0041666666666666675)
34 (8, 0.0041666666666666675)
35 (18, 0.0041666666666666675)
36 (33, 0.0041666666666666675)
2
front-end
1 (16, 0.16408678928390533)
2 (12, 0.10594469937255609)
3 (6, 0.092029486666947)
4 (3, 0.08280659395707157)
5 (4, 0.07925100415546404)
6 (13, 0.04476753056720915)
7 (24, 0.03996347355804305)
8 (27, 0.03853598310813892)
9 (22, 0.03595340528785971)
10 (14, 0.03530416175036121)
11 (34, 0.029914795923662064)
12 (19, 0.024550860404135393)
13 (0, 0.023784160499787047)
14 (32, 0.021985428845532173)
15 (20, 0.020004850887425693)
16 (35, 0.019819442086074147)
17 (29, 0.015217616909101327)
18 (5, 0.012161521904141475)
19 (9, 0.011065999856219236)
20 (30, 0.009732640955872125)
21 (26, 0.009671175154354185)
22 (15, 0.008306742142377465)
23 (21, 0.006788169866419204)
24 (25, 0.006321562119121133)
25 (7, 0.006029982571334522)
26 (11, 0.005636643122366299)
27 (10, 0.005598333038878377)
28 (23, 0.005472215528793718)
29 (2, 0.005083330238701106)
30 (17, 0.005036382051798289)
31 (1, 0.004862503031058166)
32 (8, 0.004862503031058166)
33 (18, 0.004862503031058166)
34 (28, 0.004862503031058166)
35 (31, 0.004862503031058166)
36 (33, 0.004862503031058166)
3
front-end
1 (5, 0.05525844417918606)
2 (23, 0.04563130191689902)
3 (15, 0.043454274009337435)
4 (7, 0.040882495174873176)
5 (27, 0.03571505318796062)
6 (1, 0.033658213214082314)
7 (3, 0.033658213214082314)
8 (4, 0.033658213214082314)
9 (6, 0.033658213214082314)
10 (9, 0.033658213214082314)
11 (10, 0.033658213214082314)
12 (12, 0.033658213214082314)
13 (13, 0.033658213214082314)
14 (14, 0.033658213214082314)
15 (16, 0.033658213214082314)
16 (18, 0.033658213214082314)
17 (19, 0.033658213214082314)
18 (20, 0.033658213214082314)
19 (22, 0.033658213214082314)
20 (24, 0.033658213214082314)
21 (25, 0.033658213214082314)
22 (29, 0.033658213214082314)
23 (30, 0.033658213214082314)
24 (32, 0.033658213214082314)
25 (34, 0.033658213214082314)
26 (35, 0.033658213214082314)
27 (0, 0.01628419237302479)
28 (11, 0.009201879430742865)
29 (21, 0.008689813986659502)
30 (26, 0.007470592109256244)
31 (31, 0.005345816225769948)
32 (2, 0.005048731982112349)
33 (8, 0.005048731982112349)
34 (17, 0.005048731982112349)
35 (28, 0.005048731982112349)
36 (33, 0.005048731982112349)
4
front-end
1 (5, 0.1157311558773894)
2 (16, 0.08115219691237857)
3 (0, 0.0600909949121479)
4 (34, 0.05399815597945539)
5 (13, 0.05019870187656051)
6 (24, 0.04829596061914673)
7 (32, 0.04828185688340582)
8 (29, 0.04754091556942506)
9 (3, 0.0453860051550992)
10 (9, 0.0453860051550992)
11 (27, 0.04444063485517301)
12 (23, 0.0422093248343983)
13 (26, 0.04151947215527073)
14 (22, 0.03982632765861276)
15 (12, 0.03516865736199465)
16 (15, 0.026680002283189657)
17 (6, 0.024562088294432904)
18 (21, 0.015344859467987824)
19 (35, 0.01306645991635502)
20 (19, 0.012609929723912564)
21 (7, 0.011705480964527037)
22 (14, 0.008350380387785725)
23 (25, 0.00824675563923532)
24 (11, 0.0076853134613600535)
25 (30, 0.007607748813750656)
26 (28, 0.006823623727565036)
27 (31, 0.006034871711868179)
28 (1, 0.005784013311385877)
29 (2, 0.005784013311385877)
30 (4, 0.005784013311385877)
31 (8, 0.005784013311385877)
32 (10, 0.005784013311385877)
33 (17, 0.005784013311385877)
34 (18, 0.005784013311385877)
35 (20, 0.005784013311385877)
36 (33, 0.005784013311385877)
5
front-end
1 (34, 0.056806833531475906)
2 (5, 0.04938624161594512)
3 (15, 0.044626112185738205)
4 (23, 0.04276171704183649)
5 (26, 0.03847206165588942)
6 (32, 0.03813587698345586)
7 (25, 0.0365945478738256)
8 (27, 0.03654143298745844)
9 (24, 0.03638480436653541)
10 (30, 0.03578302412318318)
11 (3, 0.03469501086420183)
12 (4, 0.03469501086420183)
13 (6, 0.03469501086420183)
14 (9, 0.03469501086420183)
15 (10, 0.03469501086420183)
16 (12, 0.03469501086420183)
17 (13, 0.03469501086420183)
18 (14, 0.03469501086420183)
19 (16, 0.03469501086420183)
20 (18, 0.03469501086420183)
21 (19, 0.03469501086420183)
22 (20, 0.03469501086420183)
23 (22, 0.03469501086420183)
24 (29, 0.03469501086420183)
25 (35, 0.02082709937561257)
26 (7, 0.014715440623943435)
27 (0, 0.009643180399187662)
28 (11, 0.00848006829197414)
29 (21, 0.008393404161394292)
30 (31, 0.005492492905937005)
31 (1, 0.005204251629630276)
32 (2, 0.005204251629630276)
33 (8, 0.005204251629630276)
34 (17, 0.005204251629630276)
35 (28, 0.005204251629630276)
36 (33, 0.005204251629630276)
6
front-end
1 (12, 0.14149791690584576)
2 (14, 0.10336836503078227)
3 (13, 0.09281494540917208)
4 (16, 0.08105184513600411)
5 (34, 0.06967162902885292)
6 (22, 0.05917598312701243)
7 (6, 0.048678044124707234)
8 (15, 0.0449457954947075)
9 (24, 0.040029803919971754)
10 (9, 0.03938629123614348)
11 (5, 0.03602100297092613)
12 (35, 0.03378022328371305)
13 (29, 0.027713474851374008)
14 (26, 0.026995288933455538)
15 (0, 0.015185351957220913)
16 (32, 0.011635052729571195)
17 (19, 0.01146299838448534)
18 (3, 0.010298020888962894)
19 (30, 0.009497311994680943)
20 (27, 0.00725685382287995)
21 (28, 0.007085030793262766)
22 (21, 0.006930975007865136)
23 (11, 0.006036930819416637)
24 (23, 0.006031249847701922)
25 (2, 0.005935294377154607)
26 (25, 0.0058164020556184665)
27 (7, 0.005533783304653455)
28 (20, 0.005468172480736831)
29 (17, 0.005275329791026601)
30 (1, 0.005060090327442003)
31 (4, 0.005060090327442003)
32 (8, 0.005060090327442003)
33 (10, 0.005060090327442003)
34 (18, 0.005060090327442003)
35 (31, 0.005060090327442003)
36 (33, 0.005060090327442003)
7
front-end
1 (5, 0.05854588931670126)
2 (23, 0.051294623421794534)
3 (7, 0.04206086106236194)
4 (34, 0.03941410320594439)
5 (26, 0.03827038491883712)
6 (0, 0.03491850222250289)
7 (3, 0.034082332915700966)
8 (4, 0.034082332915700966)
9 (6, 0.034082332915700966)
10 (9, 0.034082332915700966)
11 (10, 0.034082332915700966)
12 (12, 0.034082332915700966)
13 (13, 0.034082332915700966)
14 (14, 0.034082332915700966)
15 (16, 0.034082332915700966)
16 (18, 0.034082332915700966)
17 (19, 0.034082332915700966)
18 (20, 0.034082332915700966)
19 (22, 0.034082332915700966)
20 (24, 0.034082332915700966)
21 (25, 0.034082332915700966)
22 (27, 0.034082332915700966)
23 (29, 0.034082332915700966)
24 (30, 0.034082332915700966)
25 (32, 0.034082332915700966)
26 (15, 0.023456477315718722)
27 (21, 0.0116817356060168)
28 (11, 0.011538597100323912)
29 (31, 0.005468050869994258)
30 (1, 0.005112349937355145)
31 (2, 0.005112349937355145)
32 (8, 0.005112349937355145)
33 (17, 0.005112349937355145)
34 (28, 0.005112349937355145)
35 (33, 0.005112349937355145)
36 (35, 0.005112349937355145)
8
front-end
1 (26, 0.14179559036953776)
2 (15, 0.08355844773014619)
3 (5, 0.07300377860466009)
4 (32, 0.06949352506972205)
5 (34, 0.06342820490917538)
6 (24, 0.052709007109662004)
7 (27, 0.045466867963626666)
8 (14, 0.043734115372382254)
9 (13, 0.04360029553977357)
10 (22, 0.04221149502982968)
11 (16, 0.03979542782981618)
12 (29, 0.030692194724076104)
13 (6, 0.025535706847783782)
14 (12, 0.02500440552545504)
15 (0, 0.020776734499367594)
16 (30, 0.01950968475430843)
17 (35, 0.0177634109078685)
18 (3, 0.016556504923203628)
19 (9, 0.01391445120412702)
20 (19, 0.01391445120412702)
21 (7, 0.011647787643837981)
22 (21, 0.010201613174698658)
23 (25, 0.009238559247149603)
24 (23, 0.008967088369289023)
25 (4, 0.007577677340436946)
26 (11, 0.007230226255460357)
27 (8, 0.007195522800423669)
28 (1, 0.006164136116672733)
29 (2, 0.006164136116672733)
30 (10, 0.006164136116672733)
31 (17, 0.006164136116672733)
32 (18, 0.006164136116672733)
33 (20, 0.006164136116672733)
34 (28, 0.006164136116672733)
35 (31, 0.006164136116672733)
36 (33, 0.006164136116672733)
9
front-end
1 (13, 0.14198693994025355)
2 (14, 0.11213760325856371)
3 (16, 0.10668398677139956)
4 (25, 0.10346429375273444)
5 (24, 0.10260112439674537)
6 (32, 0.04808026790626885)
7 (12, 0.04192508551280952)
8 (6, 0.03668782086855744)
9 (5, 0.03129275949917655)
10 (34, 0.025529637639025177)
11 (0, 0.02514939527412913)
12 (19, 0.02161354662056626)
13 (35, 0.02142756029513142)
14 (20, 0.018159028497202783)
15 (29, 0.014459728528209655)
16 (23, 0.01291961908232434)
17 (15, 0.011942272484206424)
18 (9, 0.010906776758340907)
19 (30, 0.010520580411039678)
20 (3, 0.01007153961301236)
21 (1, 0.008898313044149746)
22 (22, 0.008237217765143636)
23 (27, 0.007406406744924083)
24 (26, 0.00690193168351416)
25 (21, 0.006151104095347162)
26 (7, 0.005847916144922036)
27 (10, 0.0056341054923674675)
28 (11, 0.005631014805942331)
29 (4, 0.00499825804780469)
30 (28, 0.004868106819135614)
31 (31, 0.004744094312545782)
32 (17, 0.0047399732081533094)
33 (2, 0.004595497681588233)
34 (8, 0.004595497681588233)
35 (18, 0.004595497681588233)
36 (33, 0.004595497681588233)
10
front-end
1 (7, 0.0405505896082668)
2 (11, 0.03696359261702608)
3 (5, 0.03653390248436519)
4 (23, 0.03600685727666931)
5 (26, 0.03276752344266784)
6 (21, 0.03224360743083081)
7 (15, 0.03197059935212322)
8 (31, 0.03191020339703876)
9 (1, 0.031463124945071815)
10 (3, 0.031463124945071815)
11 (4, 0.031463124945071815)
12 (6, 0.031463124945071815)
13 (9, 0.031463124945071815)
14 (10, 0.031463124945071815)
15 (12, 0.031463124945071815)
16 (13, 0.031463124945071815)
17 (14, 0.031463124945071815)
18 (16, 0.031463124945071815)
19 (18, 0.031463124945071815)
20 (19, 0.031463124945071815)
21 (20, 0.031463124945071815)
22 (22, 0.031463124945071815)
23 (24, 0.031463124945071815)
24 (25, 0.031463124945071815)
25 (27, 0.031463124945071815)
26 (29, 0.031463124945071815)
27 (30, 0.031463124945071815)
28 (32, 0.031463124945071815)
29 (34, 0.031463124945071815)
30 (35, 0.031463124945071815)
31 (0, 0.005267031890628135)
32 (2, 0.0047194687417607736)
33 (8, 0.0047194687417607736)
34 (17, 0.0047194687417607736)
35 (28, 0.0047194687417607736)
36 (33, 0.0047194687417607736)
-----one service finish-----
1
1
user
1 (15, 0.14546598539797825)
2 (5, 0.08204590950869985)
3 (0, 0.05786839749041773)
4 (11, 0.057366078139649855)
5 (27, 0.05663693403030588)
6 (25, 0.0482745608515159)
7 (4, 0.04721783164793298)
8 (34, 0.0468871474504773)
9 (9, 0.04620609117286186)
10 (13, 0.04620609117286186)
11 (28, 0.04620609117286186)
12 (31, 0.04563855174790951)
13 (1, 0.03930945501762797)
14 (12, 0.03930945501762797)
15 (6, 0.03166896928763269)
16 (21, 0.018079728812038027)
17 (7, 0.014169136673462639)
18 (19, 0.012793054407878082)
19 (22, 0.012650453051425594)
20 (26, 0.011162761541726782)
21 (8, 0.00856268360161873)
22 (30, 0.008093983109302441)
23 (16, 0.0069675290403017915)
24 (3, 0.006352519876798282)
25 (2, 0.005896418252644196)
26 (10, 0.005896418252644196)
27 (14, 0.005896418252644196)
28 (17, 0.005896418252644196)
29 (18, 0.005896418252644196)
30 (20, 0.005896418252644196)
31 (23, 0.005896418252644196)
32 (24, 0.005896418252644196)
33 (29, 0.005896418252644196)
34 (32, 0.005896418252644196)
35 (33, 0.005896418252644196)
2
user
1 (28, 0.1415820189990572)
2 (15, 0.12756025952891303)
3 (0, 0.10750095406856984)
4 (11, 0.09151541285770749)
5 (5, 0.08554638580710315)
6 (24, 0.05081861779392895)
7 (3, 0.04277281524436846)
8 (13, 0.041664709934096544)
9 (31, 0.03815353945412579)
10 (6, 0.03764654405609487)
11 (1, 0.035900186757093736)
12 (33, 0.01988605637554327)
13 (7, 0.018654688698023825)
14 (29, 0.014417863688176182)
15 (9, 0.011432866466368312)
16 (20, 0.011149551190566867)
17 (25, 0.009681462632597422)
18 (34, 0.00946023080356931)
19 (21, 0.009424862831665349)
20 (27, 0.008223063458143654)
21 (30, 0.007279883378180433)
22 (22, 0.0068959089380452535)
23 (4, 0.006189065954422714)
24 (8, 0.006009389427790979)
25 (16, 0.005895733515187988)
26 (26, 0.005797870125105195)
27 (10, 0.005648032133523366)
28 (17, 0.005596829787082318)
29 (2, 0.0053850280135640605)
30 (12, 0.0053850280135640605)
31 (14, 0.0053850280135640605)
32 (18, 0.0053850280135640605)
33 (19, 0.0053850280135640605)
34 (23, 0.0053850280135640605)
35 (32, 0.0053850280135640605)
3
user
1 (15, 0.07301263147821684)
2 (3, 0.0424387942998513)
3 (5, 0.0424387942998513)
4 (20, 0.0424387942998513)
5 (24, 0.0424387942998513)
6 (33, 0.0424387942998513)
7 (26, 0.041099195493346966)
8 (16, 0.03789369276413737)
9 (7, 0.03744404112507989)
10 (1, 0.03649518923158733)
11 (9, 0.03649518923158733)
12 (10, 0.03649518923158733)
13 (12, 0.03649518923158733)
14 (13, 0.03649518923158733)
15 (14, 0.03649518923158733)
16 (17, 0.03649518923158733)
17 (18, 0.03649518923158733)
18 (22, 0.03649518923158733)
19 (23, 0.03649518923158733)
20 (27, 0.03649518923158733)
21 (28, 0.03649518923158733)
22 (29, 0.03649518923158733)
23 (31, 0.03649518923158733)
24 (21, 0.021837034478891616)
25 (8, 0.008729272035239297)
26 (30, 0.006740968618372059)
27 (11, 0.006322316187332146)
28 (0, 0.005474278384738099)
29 (2, 0.005474278384738099)
30 (4, 0.005474278384738099)
31 (6, 0.005474278384738099)
32 (19, 0.005474278384738099)
33 (25, 0.005474278384738099)
34 (32, 0.005474278384738099)
35 (34, 0.005474278384738099)
4
user
1 (15, 0.13479285628569657)
2 (11, 0.07784381080328236)
3 (0, 0.055646086955669964)
4 (24, 0.047238784593599814)
5 (27, 0.04638325101969283)
6 (33, 0.04589766714772741)
7 (28, 0.045748735389191816)
8 (3, 0.04467571866519455)
9 (5, 0.044372105556185086)
10 (31, 0.04416125122395317)
11 (22, 0.04412156562149651)
12 (9, 0.04409350762447452)
13 (13, 0.04409350762447452)
14 (26, 0.04004969695208332)
15 (1, 0.037730688582625696)
16 (12, 0.037730688582625696)
17 (6, 0.025947151926416757)
18 (21, 0.019105500935398357)
19 (20, 0.012022422329242683)
20 (7, 0.01198256575798857)
21 (25, 0.008448532221919443)
22 (8, 0.0074967666681255846)
23 (16, 0.0073442088839695665)
24 (34, 0.007259358331636961)
25 (30, 0.007234937430799398)
26 (29, 0.007125954577406437)
27 (4, 0.0061758520099716675)
28 (2, 0.005659603287393855)
29 (10, 0.005659603287393855)
30 (14, 0.005659603287393855)
31 (17, 0.005659603287393855)
32 (18, 0.005659603287393855)
33 (19, 0.005659603287393855)
34 (23, 0.005659603287393855)
35 (32, 0.005659603287393855)
5
user
1 (15, 0.09391412160973536)
2 (3, 0.04368990713886235)
3 (20, 0.04368990713886235)
4 (24, 0.04368990713886235)
5 (27, 0.04368990713886235)
6 (28, 0.04368990713886235)
7 (33, 0.04368990713886235)
8 (26, 0.04243831535839327)
9 (16, 0.038757064392497834)
10 (7, 0.03840260015775538)
11 (1, 0.03743593877751632)
12 (9, 0.03743593877751632)
13 (10, 0.03743593877751632)
14 (12, 0.03743593877751632)
15 (13, 0.03743593877751632)
16 (14, 0.03743593877751632)
17 (17, 0.03743593877751632)
18 (22, 0.03743593877751632)
19 (23, 0.03743593877751632)
20 (31, 0.03743593877751632)
21 (11, 0.028601367625333964)
22 (21, 0.022107570572577707)
23 (0, 0.019816143438307857)
24 (5, 0.012750400301356447)
25 (8, 0.008733582317129642)
26 (30, 0.006650436303330426)
27 (6, 0.006406440782225278)
28 (2, 0.005615390816627448)
29 (4, 0.005615390816627448)
30 (18, 0.005615390816627448)
31 (19, 0.005615390816627448)
32 (25, 0.005615390816627448)
33 (29, 0.005615390816627448)
34 (32, 0.005615390816627448)
35 (34, 0.005615390816627448)
6
user
1 (13, 0.13283534171891911)
2 (14, 0.0968152422743702)
3 (6, 0.09049861746946306)
4 (5, 0.078941894571397)
5 (1, 0.06787993389745066)
6 (0, 0.06108108348011261)
7 (33, 0.045623362647788976)
8 (15, 0.04351260807079233)
9 (7, 0.042044157259734524)
10 (3, 0.041294865338331016)
11 (9, 0.040728303990137264)
12 (31, 0.03803658786268353)
13 (28, 0.031983968611833766)
14 (29, 0.023347851040857206)
15 (11, 0.01649961225231086)
16 (24, 0.016395381009504443)
17 (27, 0.012807513005245404)
18 (20, 0.011029054430336947)
19 (21, 0.01082841132605628)
20 (25, 0.008237330900461994)
21 (22, 0.007935443545886536)
22 (30, 0.007042169784221765)
23 (26, 0.0068249128398859375)
24 (34, 0.006748801084762672)
25 (8, 0.006096717660175284)
26 (4, 0.0060947175011612665)
27 (16, 0.006040488379320368)
28 (17, 0.005572575198931735)
29 (10, 0.005555543120058599)
30 (19, 0.005507192589343982)
31 (2, 0.005232063427692919)
32 (12, 0.005232063427692919)
33 (18, 0.005232063427692919)
34 (23, 0.005232063427692919)
35 (32, 0.005232063427692919)
7
user
1 (15, 0.11156722296134365)
2 (28, 0.082739798723434)
3 (0, 0.05627337785649754)
4 (27, 0.053361464729501894)
5 (7, 0.045925456257870784)
6 (33, 0.04503692673347456)
7 (5, 0.0448553569874756)
8 (3, 0.04468725176343867)
9 (13, 0.044133736519974015)
10 (22, 0.04409964612214548)
11 (31, 0.04397757441067472)
12 (29, 0.040045713209422996)
13 (16, 0.038818559675015345)
14 (1, 0.037764868717372564)
15 (12, 0.037764868717372564)
16 (6, 0.03363411424718568)
17 (24, 0.029009436106287576)
18 (25, 0.020689509126660562)
19 (11, 0.019712395554322217)
20 (21, 0.019609389286509904)
21 (9, 0.012033598110207341)
22 (20, 0.012033598110207341)
23 (26, 0.008359646812918568)
24 (8, 0.00815570873793973)
25 (30, 0.007771731424970714)
26 (34, 0.006465641953515321)
27 (4, 0.006155564683413672)
28 (2, 0.005664730307605885)
29 (10, 0.005664730307605885)
30 (14, 0.005664730307605885)
31 (17, 0.005664730307605885)
32 (18, 0.005664730307605885)
33 (19, 0.005664730307605885)
34 (23, 0.005664730307605885)
35 (32, 0.005664730307605885)
8
user
1 (7, 0.15610514781089566)
2 (6, 0.10040550509743713)
3 (0, 0.08232951654294642)
4 (28, 0.07489709110984501)
5 (5, 0.06894713655859017)
6 (24, 0.049787429817289126)
7 (27, 0.04436257195523819)
8 (9, 0.042996977052828664)
9 (13, 0.04265025592974379)
10 (31, 0.04131176799677523)
11 (1, 0.036642744420852615)
12 (15, 0.0351528077077447)
13 (29, 0.031737729620545524)
14 (22, 0.022808931146922676)
15 (11, 0.018147263803895655)
16 (21, 0.01476575872633086)
17 (33, 0.013516775632115445)
18 (3, 0.01234263330957263)
19 (20, 0.011503923172019061)
20 (25, 0.009134962709963178)
21 (30, 0.007660579602024518)
22 (26, 0.006697747033781717)
23 (34, 0.006604747019086852)
24 (8, 0.00654471152409382)
25 (16, 0.0064774854589441586)
26 (4, 0.006255018812523265)
27 (17, 0.0059278804178154575)
28 (10, 0.005810018368283266)
29 (2, 0.0054964116631278925)
30 (12, 0.0054964116631278925)
31 (14, 0.0054964116631278925)
32 (18, 0.0054964116631278925)
33 (19, 0.0054964116631278925)
34 (23, 0.0054964116631278925)
35 (32, 0.0054964116631278925)
9
user
1 (15, 0.07052881828593331)
2 (0, 0.05206216588068128)
3 (22, 0.04978972106188815)
4 (3, 0.04407181659809018)
5 (20, 0.04407181659809018)
6 (24, 0.04407181659809018)
7 (27, 0.04407181659809018)
8 (33, 0.04407181659809018)
9 (16, 0.03909362940457714)
10 (7, 0.0386112416363145)
11 (1, 0.03772194550541084)
12 (9, 0.03772194550541084)
13 (10, 0.03772194550541084)
14 (12, 0.03772194550541084)
15 (13, 0.03772194550541084)
16 (14, 0.03772194550541084)
17 (17, 0.03772194550541084)
18 (23, 0.03772194550541084)
19 (28, 0.03772194550541084)
20 (29, 0.03772194550541084)
21 (31, 0.03772194550541084)
22 (21, 0.022769355096952392)
23 (5, 0.012778326261114557)
24 (26, 0.010753301638160864)
25 (8, 0.009061078252983391)
26 (30, 0.006835078081171158)
27 (11, 0.006464184428730249)
28 (6, 0.006344573640841313)
29 (2, 0.005658291825811627)
30 (4, 0.005658291825811627)
31 (18, 0.005658291825811627)
32 (19, 0.005658291825811627)
33 (25, 0.005658291825811627)
34 (32, 0.005658291825811627)
35 (34, 0.005658291825811627)
10
user
1 (11, 0.11361755057596014)
2 (28, 0.07439076356303498)
3 (15, 0.05911863195970331)
4 (0, 0.05174828848664518)
5 (27, 0.049658655111506106)
6 (33, 0.049371350295467846)
7 (31, 0.04883661756133232)
8 (3, 0.0481524782358482)
9 (9, 0.04805551770305262)
10 (22, 0.048026743755715626)
11 (13, 0.04748148302637482)
12 (7, 0.04556943419357918)
13 (1, 0.04025235098584929)
14 (12, 0.04025235098584929)
15 (5, 0.03818726488926962)
16 (29, 0.02802114327499739)
17 (21, 0.021756142548931646)
18 (24, 0.016702965368550683)
19 (6, 0.013754800373280012)
20 (20, 0.013266984688402917)
21 (25, 0.008908962934419949)
22 (30, 0.008676674112064114)
23 (26, 0.008183520212534368)
24 (34, 0.007617028394657134)
25 (8, 0.007549167482726148)
26 (16, 0.0074621067262524345)
27 (4, 0.006598537188180737)
28 (10, 0.0065175168306721935)
29 (2, 0.006037852647877394)
30 (14, 0.006037852647877394)
31 (17, 0.006037852647877394)
32 (18, 0.006037852647877394)
33 (19, 0.006037852647877394)
34 (23, 0.006037852647877394)
35 (32, 0.006037852647877394)
-----one service finish-----
2
1
catalogue
1 (15, 0.06023220382574177)
2 (12, 0.06011455816036555)
3 (33, 0.051561722857597754)
4 (21, 0.05098947228334587)
5 (30, 0.04873992252167356)
6 (3, 0.04662253692278233)
7 (8, 0.04662253692278233)
8 (14, 0.04662253692278233)
9 (25, 0.04662253692278233)
10 (34, 0.04662253692278233)
11 (10, 0.046622536922782315)
12 (19, 0.046622536922782315)
13 (6, 0.04148921977191057)
14 (1, 0.03947137129777575)
15 (7, 0.03947137129777575)
16 (16, 0.03947137129777575)
17 (22, 0.03947137129777575)
18 (27, 0.03947137129777575)
19 (32, 0.03947137129777575)
20 (2, 0.01546173519965283)
21 (5, 0.013087441029100982)
22 (31, 0.008915197858292033)
23 (17, 0.007708593411616891)
24 (29, 0.0068759956117554494)
25 (28, 0.006510188581486044)
26 (0, 0.0059207056946663636)
27 (4, 0.0059207056946663636)
28 (9, 0.0059207056946663636)
29 (11, 0.0059207056946663636)
30 (13, 0.0059207056946663636)
31 (18, 0.0059207056946663636)
32 (20, 0.0059207056946663636)
33 (23, 0.0059207056946663636)
34 (24, 0.0059207056946663636)
35 (26, 0.0059207056946663636)
36 (35, 0.0059207056946663636)
2
catalogue
1 (12, 0.173411651526891)
2 (0, 0.10826182035501491)
3 (10, 0.054679709455959846)
4 (33, 0.04590552366977408)
5 (4, 0.04419673511782087)
6 (30, 0.04419616289775018)
7 (13, 0.04351474086076584)
8 (19, 0.04351474086076584)
9 (26, 0.04351474086076584)
10 (35, 0.04351474086076584)
11 (6, 0.03818314332772268)
12 (1, 0.037181131339866835)
13 (22, 0.037181131339866835)
14 (32, 0.037181131339866835)
15 (15, 0.034102063373920743)
16 (11, 0.03125210647997752)
17 (21, 0.013494740658181814)
18 (8, 0.011910779221879027)
19 (5, 0.011231928139172287)
20 (31, 0.008041067910810397)
21 (16, 0.007126425457786157)
22 (2, 0.007114195441904137)
23 (17, 0.007044561162212793)
24 (3, 0.006177500569218244)
25 (29, 0.006176996867950511)
26 (23, 0.006118833893588842)
27 (7, 0.0055771697009800265)
28 (9, 0.0055771697009800265)
29 (14, 0.0055771697009800265)
30 (18, 0.0055771697009800265)
31 (20, 0.0055771697009800265)
32 (24, 0.0055771697009800265)
33 (25, 0.0055771697009800265)
34 (27, 0.0055771697009800265)
35 (28, 0.0055771697009800265)
36 (34, 0.0055771697009800265)
3
catalogue
1 (12, 0.1777175861873508)
2 (0, 0.10596755267868824)
3 (35, 0.08856256311230659)
4 (10, 0.06016520292680665)
5 (32, 0.05671270141536294)
6 (4, 0.04639537402818533)
7 (26, 0.04622432803275915)
8 (14, 0.045831763224267526)
9 (33, 0.0450584129145854)
10 (22, 0.04065518630087584)
11 (1, 0.038892924018940525)
12 (11, 0.03640547612897433)
13 (34, 0.03152220790662784)
14 (15, 0.013368287859506077)
15 (8, 0.012772777808168084)
16 (19, 0.012772777808168084)
17 (30, 0.012772777808168084)
18 (31, 0.011994306770087981)
19 (5, 0.009828954429150672)
20 (21, 0.008704381887300668)
21 (17, 0.007175075159498329)
22 (2, 0.0066557113771127194)
23 (6, 0.006596172310933028)
24 (23, 0.006435014157900459)
25 (3, 0.006308577124103078)
26 (25, 0.00616452059576052)
27 (7, 0.005833938602841081)
28 (9, 0.005833938602841081)
29 (13, 0.005833938602841081)
30 (16, 0.005833938602841081)
31 (18, 0.005833938602841081)
32 (20, 0.005833938602841081)
33 (24, 0.005833938602841081)
34 (27, 0.005833938602841081)
35 (28, 0.005833938602841081)
36 (29, 0.005833938602841081)
4
catalogue
1 (12, 0.04952197273509512)
2 (15, 0.045855605731863494)
3 (3, 0.04266926480751793)
4 (5, 0.04266926480751793)
5 (6, 0.04266926480751793)
6 (8, 0.04266926480751793)
7 (13, 0.04266926480751793)
8 (19, 0.04266926480751793)
9 (25, 0.04266926480751793)
10 (30, 0.04266926480751793)
11 (35, 0.04266926480751793)
12 (31, 0.038854099415022596)
13 (11, 0.03735820133736822)
14 (1, 0.03654062314151634)
15 (2, 0.03654062314151634)
16 (7, 0.03654062314151634)
17 (16, 0.03654062314151634)
18 (18, 0.03654062314151634)
19 (22, 0.03654062314151634)
20 (27, 0.03654062314151634)
21 (28, 0.03654062314151634)
22 (32, 0.03654062314151634)
23 (33, 0.03654062314151634)
24 (0, 0.011609735137229047)
25 (21, 0.007078742777094773)
26 (4, 0.005481093471227453)
27 (9, 0.005481093471227453)
28 (10, 0.005481093471227453)
29 (14, 0.005481093471227453)
30 (17, 0.005481093471227453)
31 (20, 0.005481093471227453)
32 (23, 0.005481093471227453)
33 (24, 0.005481093471227453)
34 (26, 0.005481093471227453)
35 (29, 0.005481093471227453)
36 (34, 0.005481093471227453)
5
catalogue
1 (12, 0.19449617505035638)
2 (0, 0.1267671511929771)
3 (13, 0.08832458359822681)
4 (34, 0.07845488669768923)
5 (10, 0.07604951136209767)
6 (25, 0.04606549731933383)
7 (3, 0.04506137830273893)
8 (32, 0.03832642342505502)
9 (22, 0.03683162566376168)
10 (5, 0.035763892967099004)
11 (11, 0.03126917254441781)
12 (35, 0.017246815441275414)
13 (29, 0.015833949454552115)
14 (8, 0.012483918391442172)
15 (19, 0.012483918391442172)
16 (15, 0.01222257630949402)
17 (33, 0.009650832813438048)
18 (31, 0.009176684985044203)
19 (21, 0.008549561090689715)
20 (30, 0.007478740330749162)
21 (17, 0.007326912598429113)
22 (7, 0.007037390859624492)
23 (6, 0.006395128647380388)
24 (26, 0.006331040828601267)
25 (2, 0.006269041546173738)
26 (23, 0.006198274783739318)
27 (16, 0.0061642437803467965)
28 (1, 0.005748963513758253)
29 (4, 0.005748963513758253)
30 (9, 0.005748963513758253)
31 (14, 0.005748963513758253)
32 (18, 0.005748963513758253)
33 (20, 0.005748963513758253)
34 (24, 0.005748963513758253)
35 (27, 0.005748963513758253)
36 (28, 0.005748963513758253)
6
catalogue
1 (34, 0.0996433066125176)
2 (5, 0.09118605008049536)
3 (0, 0.08476483415315729)
4 (12, 0.06605484439960234)
5 (29, 0.05020936870527623)
6 (33, 0.04993555464826879)
7 (3, 0.04954479401456602)
8 (13, 0.04954479401456602)
9 (19, 0.04954479401456602)
10 (25, 0.04954479401456602)
11 (6, 0.04267881027344081)
12 (22, 0.041600934447252116)
13 (15, 0.03799410530700885)
14 (11, 0.030229611901541123)
15 (35, 0.029410464292597208)
16 (10, 0.029406793723110048)
17 (8, 0.014183999734401733)
18 (21, 0.0108691900674448)
19 (2, 0.010055942242858813)
20 (31, 0.009359835932694108)
21 (17, 0.008896710366966308)
22 (23, 0.0069044946926347115)
23 (28, 0.006792122795026644)
24 (30, 0.006762167560387166)
25 (1, 0.006240140167087818)
26 (4, 0.006240140167087818)
27 (7, 0.006240140167087818)
28 (9, 0.006240140167087818)
29 (14, 0.006240140167087818)
30 (16, 0.006240140167087818)
31 (18, 0.006240140167087818)
32 (20, 0.006240140167087818)
33 (24, 0.006240140167087818)
34 (26, 0.006240140167087818)
35 (27, 0.006240140167087818)
36 (32, 0.006240140167087818)
7
catalogue
1 (2, 0.04295075717862924)
2 (33, 0.04203286185322446)
3 (0, 0.04070247450697429)
4 (3, 0.04070247450697429)
5 (6, 0.04070247450697429)
6 (8, 0.04070247450697429)
7 (19, 0.04070247450697429)
8 (25, 0.04070247450697429)
9 (29, 0.04070247450697429)
10 (34, 0.04070247450697429)
11 (21, 0.03652295691363483)
12 (28, 0.03590421818828588)
13 (1, 0.03506032654347462)
14 (5, 0.03506032654347462)
15 (7, 0.03506032654347462)
16 (11, 0.03506032654347462)
17 (12, 0.03506032654347462)
18 (13, 0.03506032654347462)
19 (14, 0.03506032654347462)
20 (16, 0.03506032654347462)
21 (17, 0.03506032654347462)
22 (18, 0.03506032654347462)
23 (22, 0.03506032654347462)
24 (27, 0.03506032654347462)
25 (32, 0.03506032654347462)
26 (31, 0.00735464035532117)
27 (15, 0.00649908355624943)
28 (4, 0.005259048981521195)
29 (9, 0.005259048981521195)
30 (10, 0.005259048981521195)
31 (20, 0.005259048981521195)
32 (23, 0.005259048981521195)
33 (24, 0.005259048981521195)
34 (26, 0.005259048981521195)
35 (30, 0.005259048981521195)
36 (35, 0.005259048981521195)
8
catalogue
1 (12, 0.17810891541120166)
2 (0, 0.11272851150091642)
3 (10, 0.06841443619603785)
4 (33, 0.04522794758972011)
5 (4, 0.043877086943554085)
6 (35, 0.04371915064032278)
7 (13, 0.04330321415255247)
8 (19, 0.04330321415255247)
9 (26, 0.04330321415255247)
10 (2, 0.03794903291169616)
11 (6, 0.03787849670918631)
12 (1, 0.03701964653821716)
13 (22, 0.03701964653821716)
14 (32, 0.03701964653821716)
15 (11, 0.034189981245387926)
16 (15, 0.015159189726614937)
17 (30, 0.012384492466164708)
18 (8, 0.011836514595067885)
19 (5, 0.011015752618155222)
20 (21, 0.009922626760836543)
21 (31, 0.007713772441921511)
22 (17, 0.007548960566879138)
23 (16, 0.007278731123118462)
24 (23, 0.0060849262981394455)
25 (3, 0.006059616783082695)
26 (29, 0.006036754270421777)
27 (34, 0.0059199983026722545)
28 (7, 0.0055529469807325755)
29 (9, 0.0055529469807325755)
30 (14, 0.0055529469807325755)
31 (18, 0.0055529469807325755)
32 (20, 0.0055529469807325755)
33 (24, 0.0055529469807325755)
34 (25, 0.0055529469807325755)
35 (27, 0.0055529469807325755)
36 (28, 0.0055529469807325755)
9
catalogue
1 (33, 0.08587871256870618)
2 (2, 0.056092375466649955)
3 (12, 0.05295674782535778)
4 (3, 0.04505552497511328)
5 (6, 0.04505552497511328)
6 (8, 0.04505552497511328)
7 (13, 0.04505552497511328)
8 (19, 0.04505552497511328)
9 (25, 0.04505552497511328)
10 (29, 0.04505552497511328)
11 (34, 0.04505552497511328)
12 (15, 0.039815608724083656)
13 (1, 0.038316739619068105)
14 (16, 0.038316739619068105)
15 (18, 0.038316739619068105)
16 (22, 0.038316739619068105)
17 (27, 0.038316739619068105)
18 (28, 0.038316739619068105)
19 (32, 0.038316739619068105)
20 (0, 0.02038751914914989)
21 (31, 0.015160606596392618)
22 (10, 0.012486296298905396)
23 (5, 0.012486296298905393)
24 (21, 0.007104328623143623)
25 (4, 0.005747510942860216)
26 (7, 0.005747510942860216)
27 (9, 0.005747510942860216)
28 (11, 0.005747510942860216)
29 (14, 0.005747510942860216)
30 (17, 0.005747510942860216)
31 (20, 0.005747510942860216)
32 (23, 0.005747510942860216)
33 (24, 0.005747510942860216)
34 (26, 0.005747510942860216)
35 (30, 0.005747510942860216)
36 (35, 0.005747510942860216)
10
catalogue
1 (34, 0.10510909719484175)
2 (0, 0.09902472927777801)
3 (11, 0.09550991819949237)
4 (10, 0.07112055006126242)
5 (5, 0.06177778775213537)
6 (33, 0.05456208247907283)
7 (13, 0.05210354801694489)
8 (3, 0.05210354801694488)
9 (12, 0.049971990992968465)
10 (6, 0.04431462279081191)
11 (22, 0.044158260927323986)
12 (35, 0.029736158128838085)
13 (15, 0.025704931117041783)
14 (29, 0.023143533582689068)
15 (8, 0.016941160111665656)
16 (25, 0.015627541057413305)
17 (19, 0.015178312110648053)
18 (21, 0.012867343872192015)
19 (30, 0.011941099829342959)
20 (31, 0.00897080845828144)
21 (2, 0.008263703872525344)
22 (17, 0.007921853624303721)
23 (9, 0.007842337726621256)
24 (23, 0.007123409103780808)
25 (7, 0.00695734673810343)
26 (28, 0.006862143945864148)
27 (1, 0.006516218101111208)
28 (4, 0.006516218101111208)
29 (14, 0.006516218101111208)
30 (16, 0.006516218101111208)
31 (18, 0.006516218101111208)
32 (20, 0.006516218101111208)
33 (24, 0.006516218101111208)
34 (26, 0.006516218101111208)
35 (27, 0.006516218101111208)
36 (32, 0.006516218101111208)
-----one service finish-----
3
1
orders
1 (5, 0.14688705180837752)
2 (10, 0.07270913473386062)
3 (0, 0.07037809879308864)
4 (11, 0.05554368059241294)
5 (27, 0.051619716789639725)
6 (3, 0.04948335451981737)
7 (9, 0.04948335451981737)
8 (12, 0.04948335451981737)
9 (18, 0.04948335451981737)
10 (32, 0.04948335451981737)
11 (14, 0.04901442150016879)
12 (26, 0.04376891060556943)
13 (6, 0.04358422095315454)
14 (30, 0.041879063457214386)
15 (15, 0.02805483638100037)
16 (16, 0.01550634992127685)
17 (23, 0.01388615058118514)
18 (29, 0.0097251206882356)
19 (7, 0.009395312205252387)
20 (25, 0.008863392439416366)
21 (28, 0.008044684471720086)
22 (20, 0.007729320194580014)
23 (2, 0.006893306580356036)
24 (1, 0.006281859518582159)
25 (4, 0.006281859518582159)
26 (8, 0.006281859518582159)
27 (13, 0.006281859518582159)
28 (17, 0.006281859518582159)
29 (19, 0.006281859518582159)
30 (21, 0.006281859518582159)
31 (22, 0.006281859518582159)
32 (24, 0.006281859518582159)
33 (31, 0.006281859518582159)
34 (33, 0.006281859518582159)
2
orders
1 (16, 0.11658209014857271)
2 (0, 0.05950413207365319)
3 (10, 0.05417598383148646)
4 (3, 0.04690930416190764)
5 (9, 0.04690930416190764)
6 (18, 0.04690930416190764)
7 (23, 0.04690930416190764)
8 (27, 0.04690930416190764)
9 (32, 0.04690930416190764)
10 (11, 0.046411896210827336)
11 (6, 0.042226801456964884)
12 (26, 0.04088608758085114)
13 (1, 0.03998046762411645)
14 (12, 0.03998046762411645)
15 (13, 0.03998046762411645)
16 (22, 0.03998046762411645)
17 (30, 0.03998046762411645)
18 (14, 0.03677897142714267)
19 (5, 0.019979521319054262)
20 (7, 0.008858918907160777)
21 (25, 0.008714879097802173)
22 (29, 0.008680477765505552)
23 (15, 0.007753157387119695)
24 (20, 0.007526882955538213)
25 (2, 0.00658840545373561)
26 (4, 0.00599707014361747)
27 (8, 0.00599707014361747)
28 (17, 0.00599707014361747)
29 (19, 0.00599707014361747)
30 (21, 0.00599707014361747)
31 (24, 0.00599707014361747)
32 (28, 0.00599707014361747)
33 (31, 0.00599707014361747)
34 (33, 0.00599707014361747)
3
orders
1 (10, 0.1087286372377357)
2 (3, 0.0461717695083445)
3 (9, 0.0461717695083445)
4 (18, 0.0461717695083445)
5 (23, 0.0461717695083445)
6 (27, 0.0461717695083445)
7 (32, 0.0461717695083445)
8 (16, 0.04556929361383274)
9 (26, 0.04530235221329975)
10 (11, 0.0417412910871525)
11 (2, 0.0401068975729834)
12 (1, 0.039431599258722624)
13 (6, 0.039431599258722624)
14 (12, 0.039431599258722624)
15 (13, 0.039431599258722624)
16 (15, 0.039431599258722624)
17 (21, 0.039431599258722624)
18 (22, 0.039431599258722624)
19 (30, 0.039431599258722624)
20 (5, 0.021687377826311822)
21 (7, 0.013841109836978163)
22 (0, 0.013439109669590428)
23 (25, 0.008655724755951234)
24 (20, 0.007760940201189428)
25 (29, 0.006763023222824633)
26 (14, 0.006602912531834978)
27 (4, 0.0059147398888083945)
28 (8, 0.0059147398888083945)
29 (17, 0.0059147398888083945)
30 (19, 0.0059147398888083945)
31 (24, 0.0059147398888083945)
32 (28, 0.0059147398888083945)
33 (31, 0.0059147398888083945)
34 (33, 0.0059147398888083945)
4
orders
1 (16, 0.10964671291670738)
2 (0, 0.05693992275377018)
3 (10, 0.04942700518536877)
4 (3, 0.04540358292106505)
5 (9, 0.04540358292106505)
6 (12, 0.04540358292106505)
7 (18, 0.04540358292106505)
8 (23, 0.04540358292106505)
9 (27, 0.04540358292106505)
10 (32, 0.04540358292106505)
11 (15, 0.04421116781757303)
12 (11, 0.042854792356028126)
13 (6, 0.040501677661207894)
14 (26, 0.04048432926386373)
15 (1, 0.03885375543436996)
16 (21, 0.03885375543436996)
17 (22, 0.03885375543436996)
18 (30, 0.03885375543436996)
19 (14, 0.03284428662403617)
20 (5, 0.016378900455123448)
21 (29, 0.01008790294799363)
22 (7, 0.008928560049111394)
23 (25, 0.008268674869109338)
24 (20, 0.007316244062692281)
25 (2, 0.006417151016079967)
26 (4, 0.005828063315155495)
27 (8, 0.005828063315155495)
28 (13, 0.005828063315155495)
29 (17, 0.005828063315155495)
30 (19, 0.005828063315155495)
31 (24, 0.005828063315155495)
32 (28, 0.005828063315155495)
33 (31, 0.005828063315155495)
34 (33, 0.005828063315155495)
5
orders
1 (0, 0.08414450041043636)
2 (10, 0.08292331293816016)
3 (5, 0.06637141970829752)
4 (11, 0.06055681070439742)
5 (27, 0.05805035949908371)
6 (14, 0.05494283340939841)
7 (3, 0.052895961656149466)
8 (9, 0.052895961656149466)
9 (13, 0.052895961656149466)
10 (18, 0.052895961656149466)
11 (32, 0.052895961656149466)
12 (6, 0.04701788584906317)
13 (26, 0.04542534727648832)
14 (30, 0.044363966495956496)
15 (15, 0.02842468404721702)
16 (16, 0.016817914108846945)
17 (23, 0.015186590134586444)
18 (7, 0.012710228406912853)
19 (28, 0.010674791294457489)
20 (25, 0.010469023551801813)
21 (20, 0.008641143806464338)
22 (29, 0.008215776307312076)
23 (2, 0.007383059052043708)
24 (1, 0.006654594974393475)
25 (4, 0.006654594974393475)
26 (8, 0.006654594974393475)
27 (12, 0.006654594974393475)
28 (17, 0.006654594974393475)
29 (19, 0.006654594974393475)
30 (21, 0.006654594974393475)
31 (22, 0.006654594974393475)
32 (24, 0.006654594974393475)
33 (31, 0.006654594974393475)
34 (33, 0.006654594974393475)
6
orders
1 (10, 0.174636437407671)
2 (0, 0.10609859124701525)
3 (16, 0.09938120287948417)
4 (15, 0.06104124806723754)
5 (27, 0.05000609976420941)
6 (9, 0.0484509529037658)
7 (13, 0.0484509529037658)
8 (18, 0.0484509529037658)
9 (11, 0.046569355048722165)
10 (6, 0.04194954407026066)
11 (26, 0.04184041980531025)
12 (5, 0.03847732472246892)
13 (14, 0.0325652846417288)
14 (3, 0.015228097491521677)
15 (23, 0.013492531978038494)
16 (32, 0.013492531978038494)
17 (7, 0.008161507454551688)
18 (25, 0.007873203175820532)
19 (4, 0.007633383083221401)
20 (28, 0.00748127896833248)
21 (29, 0.007269181959471856)
22 (20, 0.007015429759095132)
23 (2, 0.00657402363656146)
24 (1, 0.006169133104540113)
25 (8, 0.006169133104540113)
26 (12, 0.006169133104540113)
27 (17, 0.006169133104540113)
28 (19, 0.006169133104540113)
29 (21, 0.006169133104540113)
30 (22, 0.006169133104540113)
31 (24, 0.006169133104540113)
32 (30, 0.006169133104540113)
33 (31, 0.006169133104540113)
34 (33, 0.006169133104540113)
7
orders
1 (16, 0.12082658367483302)
2 (0, 0.07013966248659488)
3 (15, 0.05927470331782399)
4 (11, 0.056283347738860436)
5 (14, 0.04552802371126627)
6 (3, 0.04428359541608139)
7 (9, 0.04428359541608139)
8 (12, 0.04428359541608139)
9 (23, 0.04428359541608139)
10 (27, 0.04428359541608139)
11 (32, 0.04428359541608139)
12 (26, 0.04371632476422574)
13 (1, 0.03800533825440171)
14 (6, 0.03800533825440171)
15 (21, 0.03800533825440171)
16 (22, 0.03800533825440171)
17 (30, 0.03800533825440171)
18 (5, 0.03014027490924203)
19 (10, 0.01602956277175219)
20 (18, 0.011979057899839936)
21 (25, 0.009657916014976732)
22 (29, 0.007496777689866957)
23 (7, 0.007227583312733217)
24 (20, 0.007105649952376035)
25 (17, 0.006924854921810305)
26 (2, 0.006335007160019334)
27 (4, 0.005700800738160257)
28 (8, 0.005700800738160257)
29 (13, 0.005700800738160257)
30 (19, 0.005700800738160257)
31 (24, 0.005700800738160257)
32 (28, 0.005700800738160257)
33 (31, 0.005700800738160257)
34 (33, 0.005700800738160257)
8
orders
1 (10, 0.05452723703777186)
2 (7, 0.044159767774384996)
3 (3, 0.04140340475574528)
4 (23, 0.04140340475574528)
5 (27, 0.04140340475574528)
6 (32, 0.04140340475574528)
7 (25, 0.036850847745072614)
8 (0, 0.03583623156663358)
9 (1, 0.03583623156663358)
10 (2, 0.03583623156663358)
11 (6, 0.03583623156663358)
12 (8, 0.03583623156663358)
13 (9, 0.03583623156663358)
14 (11, 0.03583623156663358)
15 (12, 0.03583623156663358)
16 (13, 0.03583623156663358)
17 (14, 0.03583623156663358)
18 (15, 0.03583623156663358)
19 (17, 0.03583623156663358)
20 (18, 0.03583623156663358)
21 (19, 0.03583623156663358)
22 (21, 0.03583623156663358)
23 (22, 0.03583623156663358)
24 (26, 0.03583623156663358)
25 (30, 0.03583623156663358)
26 (16, 0.007824621984894451)
27 (20, 0.00721200681755019)
28 (29, 0.006507123007970159)
29 (4, 0.005375434734995038)
30 (5, 0.005375434734995038)
31 (24, 0.005375434734995038)
32 (28, 0.005375434734995038)
33 (31, 0.005375434734995038)
34 (33, 0.005375434734995038)
9
orders
1 (16, 0.15687873951018358)
2 (0, 0.10565864951359571)
3 (15, 0.08337840824269147)
4 (12, 0.0664303829858973)
5 (14, 0.05829242088300354)
6 (18, 0.04544982920943669)
7 (32, 0.044715141105538404)
8 (3, 0.04409378383906616)
9 (9, 0.04409378383906616)
10 (11, 0.041062568349190386)
11 (26, 0.03965097202754857)
12 (6, 0.038394619782631166)
13 (30, 0.03787620852669554)
14 (5, 0.027671247487358188)
15 (13, 0.025868342452918792)
16 (27, 0.012816011845630665)
17 (21, 0.011899006591374951)
18 (23, 0.011899006591374951)
19 (10, 0.011402935843802628)
20 (25, 0.007854733085619207)
21 (28, 0.0065152940063457464)
22 (19, 0.006421643432407245)
23 (20, 0.0064142044613198)
24 (7, 0.00636394841119707)
25 (29, 0.0063584771617264555)
26 (33, 0.006245765555788219)
27 (17, 0.006191964121411944)
28 (2, 0.006013323463153452)
29 (1, 0.005681431279004332)
30 (4, 0.005681431279004332)
31 (8, 0.005681431279004332)
32 (22, 0.005681431279004332)
33 (24, 0.005681431279004332)
34 (31, 0.005681431279004332)
10
orders
1 (10, 0.05299429242951406)
2 (3, 0.040472864260643414)
3 (23, 0.040472864260643414)
4 (27, 0.040472864260643414)
5 (32, 0.040472864260643414)
6 (7, 0.036726827084042096)
7 (25, 0.036101285479582974)
8 (29, 0.036096060016557456)
9 (0, 0.03512459369185231)
10 (1, 0.03512459369185231)
11 (2, 0.03512459369185231)
12 (6, 0.03512459369185231)
13 (8, 0.03512459369185231)
14 (9, 0.03512459369185231)
15 (11, 0.03512459369185231)
16 (12, 0.03512459369185231)
17 (13, 0.03512459369185231)
18 (14, 0.03512459369185231)
19 (15, 0.03512459369185231)
20 (17, 0.03512459369185231)
21 (18, 0.03512459369185231)
22 (19, 0.03512459369185231)
23 (21, 0.03512459369185231)
24 (22, 0.03512459369185231)
25 (26, 0.03512459369185231)
26 (30, 0.03512459369185231)
27 (20, 0.007066568117943357)
28 (4, 0.005268689053777848)
29 (5, 0.005268689053777848)
30 (16, 0.005268689053777848)
31 (24, 0.005268689053777848)
32 (28, 0.005268689053777848)
33 (31, 0.005268689053777848)
34 (33, 0.005268689053777848)
-----one service finish-----
4
1
carts
1 (32, 0.12014057641513619)
2 (21, 0.06953377108671031)
3 (6, 0.05893956746851668)
4 (33, 0.052599369602367385)
5 (0, 0.05120601913022973)
6 (19, 0.04727886472339179)
7 (35, 0.04449007721122633)
8 (12, 0.04407419351919009)
9 (30, 0.043582931435801074)
10 (25, 0.043564851706268844)
11 (1, 0.04133419060631179)
12 (11, 0.04043917759330008)
13 (14, 0.03959927615207439)
14 (28, 0.03904593166354468)
15 (27, 0.03810502375705144)
16 (10, 0.0374395284517864)
17 (22, 0.026931014257849502)
18 (15, 0.019428745106303803)
19 (34, 0.017858334685684752)
20 (3, 0.011676301369035505)
21 (8, 0.011676301369035505)
22 (18, 0.008014931903467899)
23 (23, 0.007554529865197366)
24 (20, 0.007548754549272227)
25 (5, 0.007070423916252206)
26 (17, 0.006615002167156966)
27 (36, 0.006545074574272994)
28 (31, 0.006358069356847436)
29 (26, 0.006343031984606577)
30 (13, 0.006168069766016008)
31 (2, 0.006161745515096003)
32 (4, 0.0054460531818330046)
33 (7, 0.0054460531818330046)
34 (9, 0.0054460531818330046)
35 (16, 0.0054460531818330046)
36 (24, 0.0054460531818330046)
37 (29, 0.0054460531818330046)
2
carts
1 (21, 0.06421288412721964)
2 (27, 0.04080033958229343)
3 (5, 0.035675855921233776)
4 (1, 0.03148942791474074)
5 (2, 0.03148942791474074)
6 (3, 0.03148942791474074)
7 (4, 0.03148942791474074)
8 (6, 0.03148942791474074)
9 (8, 0.03148942791474074)
10 (9, 0.03148942791474074)
11 (11, 0.03148942791474074)
12 (12, 0.03148942791474074)
13 (13, 0.03148942791474074)
14 (15, 0.03148942791474074)
15 (16, 0.03148942791474074)
16 (18, 0.03148942791474074)
17 (19, 0.03148942791474074)
18 (20, 0.03148942791474074)
19 (24, 0.03148942791474074)
20 (25, 0.03148942791474074)
21 (26, 0.03148942791474074)
22 (28, 0.03148942791474074)
23 (30, 0.03148942791474074)
24 (31, 0.03148942791474074)
25 (33, 0.03148942791474074)
26 (35, 0.03148942791474074)
27 (36, 0.03148942791474074)
28 (0, 0.023163759604088126)
29 (14, 0.01862240285397192)
30 (22, 0.014034325854763796)
31 (32, 0.009401349957401944)
32 (34, 0.009401349957401944)
33 (17, 0.009256859022470604)
34 (7, 0.005514360603743751)
35 (10, 0.0047234141872111125)
36 (23, 0.0047234141872111125)
37 (29, 0.0047234141872111125)
3
carts
1 (27, 0.04776928207048985)
2 (21, 0.04424327009103282)
3 (22, 0.04265517444982714)
4 (24, 0.040364465364019365)
5 (5, 0.03599747914308955)
6 (18, 0.03472050242098981)
7 (1, 0.03254454183914544)
8 (3, 0.03254454183914544)
9 (4, 0.03254454183914544)
10 (6, 0.03254454183914544)
11 (8, 0.03254454183914544)
12 (9, 0.03254454183914544)
13 (11, 0.03254454183914544)
14 (12, 0.03254454183914544)
15 (13, 0.03254454183914544)
16 (14, 0.03254454183914544)
17 (15, 0.03254454183914544)
18 (19, 0.03254454183914544)
19 (20, 0.03254454183914544)
20 (25, 0.03254454183914544)
21 (26, 0.03254454183914544)
22 (28, 0.03254454183914544)
23 (30, 0.03254454183914544)
24 (31, 0.03254454183914544)
25 (33, 0.03254454183914544)
26 (35, 0.03254454183914544)
27 (36, 0.03254454183914544)
28 (32, 0.01487473125590981)
29 (34, 0.009878206265890813)
30 (17, 0.00857637844920181)
31 (2, 0.007640164572834536)
32 (7, 0.005436560915301237)
33 (0, 0.004881681275871816)
34 (10, 0.004881681275871816)
35 (16, 0.004881681275871816)
36 (23, 0.004881681275871816)
37 (29, 0.004881681275871816)
4
carts
1 (0, 0.1289368462796882)
2 (14, 0.0849797768995259)
3 (10, 0.07233979662208193)
4 (6, 0.05439374199083199)
5 (3, 0.05338858364971495)
6 (32, 0.048834208286802586)
7 (19, 0.04525767716828933)
8 (15, 0.04470637778563472)
9 (30, 0.04365142105883535)
10 (12, 0.0419697187724988)
11 (25, 0.04167449055486208)
12 (8, 0.04141960664718414)
13 (1, 0.03981361646208037)
14 (11, 0.03926681883778767)
15 (28, 0.037408423933103334)
16 (22, 0.020112008526316078)
17 (4, 0.016684713052231438)
18 (35, 0.015087326763606095)
19 (34, 0.012420399090686417)
20 (33, 0.009785566762195273)
21 (21, 0.009777479485730326)
22 (20, 0.00771913740394916)
23 (36, 0.007573687148543471)
24 (5, 0.006805157449381618)
25 (27, 0.006758395508545923)
26 (18, 0.006574513279044477)
27 (31, 0.006262367453468724)
28 (26, 0.006052559149447003)
29 (13, 0.005981049517243063)
30 (23, 0.005922015977041783)
31 (17, 0.005917826661660071)
32 (9, 0.005822100946720126)
33 (2, 0.005718503199805866)
34 (7, 0.005246021918865427)
35 (16, 0.005246021918865427)
36 (24, 0.005246021918865427)
37 (29, 0.005246021918865427)
5
carts
1 (27, 0.09402797685668776)
2 (21, 0.0556169422964313)
3 (32, 0.04462545733806892)
4 (11, 0.04302148823567771)
5 (14, 0.04251276242606155)
6 (1, 0.04242151335826796)
7 (3, 0.039227477232594565)
8 (30, 0.039227477232594565)
9 (35, 0.039227477232594565)
10 (18, 0.03570513024796107)
11 (6, 0.033829497127120224)
12 (8, 0.033829497127120224)
13 (9, 0.033829497127120224)
14 (12, 0.033829497127120224)
15 (13, 0.033829497127120224)
16 (19, 0.033829497127120224)
17 (20, 0.033829497127120224)
18 (25, 0.033829497127120224)
19 (26, 0.033829497127120224)
20 (28, 0.033829497127120224)
21 (33, 0.033829497127120224)
22 (0, 0.03347943299776597)
23 (22, 0.02171011321134958)
24 (34, 0.015671529521535773)
25 (23, 0.009023572013218016)
26 (24, 0.008650675577081497)
27 (5, 0.008079782944906078)
28 (17, 0.007972056862176419)
29 (2, 0.007079269464159953)
30 (4, 0.005074424569068034)
31 (7, 0.005074424569068034)
32 (10, 0.005074424569068034)
33 (15, 0.005074424569068034)
34 (16, 0.005074424569068034)
35 (29, 0.005074424569068034)
36 (31, 0.005074424569068034)
37 (36, 0.005074424569068034)
6
carts
1 (10, 0.08068631078200147)
2 (34, 0.07877615847394563)
3 (32, 0.07627515292495982)
4 (0, 0.07222881149419567)
5 (21, 0.07188911261628438)
6 (22, 0.07137137764041598)
7 (14, 0.06918231152598292)
8 (13, 0.05899452740667973)
9 (33, 0.03899480452014748)
10 (30, 0.034404572020857054)
11 (35, 0.034010778109197774)
12 (9, 0.033044571579006796)
13 (1, 0.03237972782663991)
14 (12, 0.03209832475538364)
15 (28, 0.031033148733067593)
16 (26, 0.029637851445615288)
17 (25, 0.027017578460196513)
18 (19, 0.020216952056944192)
19 (20, 0.01606730802446007)
20 (3, 0.008525869300984241)
21 (11, 0.007004345516070835)
22 (18, 0.005687221370448497)
23 (36, 0.005332916471939372)
24 (5, 0.005302823208366775)
25 (17, 0.005101274521715378)
26 (23, 0.005045091031264551)
27 (31, 0.004980330971348071)
28 (27, 0.0048761187826469555)
29 (6, 0.004631248507674488)
30 (2, 0.004605224483484844)
31 (4, 0.004581799411322552)
32 (7, 0.004336059337791948)
33 (8, 0.004336059337791948)
34 (15, 0.004336059337791948)
35 (16, 0.004336059337791948)
36 (24, 0.004336059337791948)
37 (29, 0.004336059337791948)
7
carts
1 (25, 0.13971085137365655)
2 (14, 0.09874197228825543)
3 (10, 0.09109632153095851)
4 (0, 0.08055493003193098)
5 (6, 0.05718709011864135)
6 (33, 0.05661311587443749)
7 (15, 0.05009298162050408)
8 (30, 0.040446748814036634)
9 (12, 0.039793435646965566)
10 (1, 0.03910840596225917)
11 (3, 0.03872151330104188)
12 (11, 0.03683761133854154)
13 (28, 0.03641680064158321)
14 (32, 0.02029866589012577)
15 (22, 0.018646410933281177)
16 (19, 0.014690210152507582)
17 (35, 0.013253462917458426)
18 (34, 0.011010689767216253)
19 (8, 0.010460374167744962)
20 (21, 0.009372701922396639)
21 (20, 0.00732523653731322)
22 (36, 0.006657134778770705)
23 (18, 0.006412733521849862)
24 (5, 0.0063046509360712745)
25 (27, 0.006131947165223575)
26 (23, 0.0061251789137862726)
27 (31, 0.00576167914968308)
28 (13, 0.00562300967496911)
29 (17, 0.0055197330089222065)
30 (2, 0.005473415487278417)
31 (26, 0.005304217807751425)
32 (4, 0.005215703613345246)
33 (9, 0.005173585051214446)
34 (7, 0.0049793700150695145)
35 (16, 0.0049793700150695145)
36 (24, 0.0049793700150695145)
37 (29, 0.0049793700150695145)
8
carts
1 (27, 0.09465580600024175)
2 (32, 0.05453992384440821)
3 (15, 0.04633704763652305)
4 (35, 0.04221639594699109)
5 (11, 0.040651862796758774)
6 (30, 0.04057871540837181)
7 (21, 0.040420485319664474)
8 (3, 0.04004642627695133)
9 (8, 0.04004642627695133)
10 (25, 0.04004642627695133)
11 (33, 0.038823018753133286)
12 (1, 0.03819445544234508)
13 (18, 0.03713413316221996)
14 (6, 0.03444975952425278)
15 (10, 0.03444975952425278)
16 (12, 0.03444975952425278)
17 (13, 0.03444975952425278)
18 (19, 0.03444975952425278)
19 (20, 0.03444975952425278)
20 (28, 0.03444975952425278)
21 (0, 0.025531355234491487)
22 (22, 0.022063421936116337)
23 (14, 0.018853325499815)
24 (34, 0.01564047675322183)
25 (23, 0.008864444313709398)
26 (24, 0.00853395215883479)
27 (5, 0.0078100058710783285)
28 (17, 0.007492848601808025)
29 (36, 0.0071787899570022575)
30 (2, 0.006526897450963536)
31 (31, 0.005660258839850678)
32 (4, 0.005167463928637917)
33 (7, 0.005167463928637917)
34 (9, 0.005167463928637917)
35 (16, 0.005167463928637917)
36 (26, 0.005167463928637917)
37 (29, 0.005167463928637917)
9
carts
1 (5, 0.02892409364013547)
2 (17, 0.028700798574198157)
3 (7, 0.02864925534109045)
4 (0, 0.027563374131058097)
5 (1, 0.027563374131058097)
6 (2, 0.027563374131058097)
7 (3, 0.027563374131058097)
8 (4, 0.027563374131058097)
9 (6, 0.027563374131058097)
10 (8, 0.027563374131058097)
11 (9, 0.027563374131058097)
12 (10, 0.027563374131058097)
13 (11, 0.027563374131058097)
14 (12, 0.027563374131058097)
15 (13, 0.027563374131058097)
16 (14, 0.027563374131058097)
17 (15, 0.027563374131058097)
18 (16, 0.027563374131058097)
19 (18, 0.027563374131058097)
20 (19, 0.027563374131058097)
21 (20, 0.027563374131058097)
22 (21, 0.027563374131058097)
23 (22, 0.027563374131058097)
24 (23, 0.027563374131058097)
25 (24, 0.027563374131058097)
26 (25, 0.027563374131058097)
27 (26, 0.027563374131058097)
28 (27, 0.027563374131058097)
29 (28, 0.027563374131058097)
30 (30, 0.027563374131058097)
31 (31, 0.027563374131058097)
32 (32, 0.027563374131058097)
33 (33, 0.027563374131058097)
34 (34, 0.027563374131058097)
35 (35, 0.027563374131058097)
36 (36, 0.027563374131058097)
37 (29, 0.004134506119658716)
10
carts
1 (12, 0.13116316015408186)
2 (13, 0.09205210256436314)
3 (1, 0.08672562966775976)
4 (28, 0.07957106132031667)
5 (6, 0.0773699738437002)
6 (15, 0.05944541821997813)
7 (14, 0.050008658062939915)
8 (19, 0.04987879961138184)
9 (20, 0.04628170261183952)
10 (30, 0.03772172108875304)
11 (25, 0.03638180374955496)
12 (8, 0.03622056700230121)
13 (22, 0.022772100965006124)
14 (34, 0.017970860052505404)
15 (32, 0.017262746029679376)
16 (33, 0.017256172021789428)
17 (0, 0.014638685170592221)
18 (35, 0.011828741149064827)
19 (10, 0.011071108373190648)
20 (3, 0.009967342125814585)
21 (21, 0.008532037540590882)
22 (11, 0.007489019766483415)
23 (36, 0.006721573371149242)
24 (18, 0.005983522875734766)
25 (23, 0.005492498292725017)
26 (5, 0.005456688199793285)
27 (26, 0.005433318795132482)
28 (27, 0.005391407229391946)
29 (17, 0.005343831791270897)
30 (31, 0.005339344230916418)
31 (9, 0.005048464972467386)
32 (4, 0.004850579363326845)
33 (2, 0.004665871957280926)
34 (7, 0.004665871957280926)
35 (16, 0.004665871957280926)
36 (24, 0.004665871957280926)
37 (29, 0.004665871957280926)
-----one service finish-----
5
1
payment
1 (14, 0.09407131520813469)
2 (28, 0.05942401806071984)
3 (29, 0.05932936257565356)
4 (31, 0.04759677557294749)
5 (8, 0.04369574754918049)
6 (19, 0.04369574754918049)
7 (24, 0.04369574754918049)
8 (35, 0.04369574754918049)
9 (0, 0.03971447342095849)
10 (21, 0.03834704640322952)
11 (2, 0.03803512413009431)
12 (1, 0.03730699586480001)
13 (6, 0.03730699586480001)
14 (11, 0.03730699586480001)
15 (15, 0.03730699586480001)
16 (16, 0.03730699586480001)
17 (23, 0.03730699586480001)
18 (32, 0.03730699586480001)
19 (10, 0.029099098970593828)
20 (20, 0.019280863848190156)
21 (30, 0.019280863848190156)
22 (27, 0.018715049055290353)
23 (7, 0.011984801064100482)
24 (13, 0.011984801064100482)
25 (3, 0.01198480106410048)
26 (26, 0.008618136482349307)
27 (5, 0.006237063563544787)
28 (4, 0.005596049379720003)
29 (9, 0.005596049379720003)
30 (12, 0.005596049379720003)
31 (17, 0.005596049379720003)
32 (18, 0.005596049379720003)
33 (22, 0.005596049379720003)
34 (25, 0.005596049379720003)
35 (33, 0.005596049379720003)
36 (34, 0.005596049379720003)
2
payment
1 (26, 0.18794912795399177)
2 (27, 0.12366688175126814)
3 (14, 0.0862869574207991)
4 (21, 0.07804052245362292)
5 (28, 0.07454632231405067)
6 (29, 0.058689865863748865)
7 (22, 0.05271328806982666)
8 (19, 0.04352721228092206)
9 (24, 0.04232248615291431)
10 (0, 0.022965689615075547)
11 (35, 0.02018832869974984)
12 (30, 0.016489410240521172)
13 (31, 0.015347982382996842)
14 (1, 0.013239808965809823)
15 (34, 0.012633139080377343)
16 (20, 0.011413079061591584)
17 (3, 0.011353895543117566)
18 (8, 0.011353895543117566)
19 (13, 0.011353895543117566)
20 (23, 0.009610060036476086)
21 (5, 0.008819928710755383)
22 (10, 0.008221557282372194)
23 (7, 0.006903524885485343)
24 (18, 0.00642354084909967)
25 (2, 0.006164004589465078)
26 (25, 0.005704600461301897)
27 (4, 0.005407099424842511)
28 (6, 0.005407099424842511)
29 (9, 0.005407099424842511)
30 (11, 0.005407099424842511)
31 (12, 0.005407099424842511)
32 (15, 0.005407099424842511)
33 (16, 0.005407099424842511)
34 (17, 0.005407099424842511)
35 (32, 0.005407099424842511)
36 (33, 0.005407099424842511)
3
payment
1 (28, 0.13745425255604737)
2 (27, 0.1258102378930226)
3 (29, 0.117865730217356)
4 (14, 0.08994077823980015)
5 (21, 0.057013228747235675)
6 (22, 0.04322361931316493)
7 (24, 0.04269791268364482)
8 (8, 0.04180438560613334)
9 (35, 0.04180438560613334)
10 (6, 0.03588851915727568)
11 (0, 0.03472347985295637)
12 (30, 0.017817716209684385)
13 (31, 0.0170946727607713)
14 (20, 0.01655598477436706)
15 (5, 0.014189971263701927)
16 (26, 0.013769267901940361)
17 (10, 0.013583431886703592)
18 (18, 0.012315962198348013)
19 (1, 0.012267641752525548)
20 (3, 0.011299144322449014)
21 (13, 0.011299144322449014)
22 (23, 0.009690243608190138)
23 (7, 0.008276525752630416)
24 (2, 0.007280713927781511)
25 (19, 0.006306081036721125)
26 (25, 0.006194189673052677)
27 (4, 0.005383277873591353)
28 (9, 0.005383277873591353)
29 (11, 0.005383277873591353)
30 (12, 0.005383277873591353)
31 (15, 0.005383277873591353)
32 (16, 0.005383277873591353)
33 (17, 0.005383277873591353)
34 (32, 0.005383277873591353)
35 (33, 0.005383277873591353)
36 (34, 0.005383277873591353)
4
payment
1 (26, 0.0666730835501253)
2 (0, 0.04994857627580264)
3 (31, 0.046594665457221254)
4 (3, 0.043344216910606526)
5 (8, 0.043344216910606526)
6 (13, 0.043344216910606526)
7 (19, 0.043344216910606526)
8 (24, 0.043344216910606526)
9 (29, 0.043344216910606526)
10 (35, 0.043344216910606526)
11 (2, 0.03898683675129866)
12 (21, 0.0386250294902966)
13 (1, 0.03704516130718096)
14 (6, 0.03704516130718096)
15 (7, 0.03704516130718096)
16 (11, 0.03704516130718096)
17 (15, 0.03704516130718096)
18 (16, 0.03704516130718096)
19 (17, 0.03704516130718096)
20 (23, 0.03704516130718096)
21 (32, 0.03704516130718096)
22 (14, 0.026136769351447084)
23 (27, 0.018154885402928266)
24 (10, 0.011382893229080206)
25 (4, 0.005556774196077145)
26 (5, 0.005556774196077145)
27 (9, 0.005556774196077145)
28 (12, 0.005556774196077145)
29 (18, 0.005556774196077145)
30 (20, 0.005556774196077145)
31 (22, 0.005556774196077145)
32 (25, 0.005556774196077145)
33 (28, 0.005556774196077145)
34 (30, 0.005556774196077145)
35 (33, 0.005556774196077145)
36 (34, 0.005556774196077145)
5
payment
1 (26, 0.19336045930573226)
2 (14, 0.11528463938496863)
3 (29, 0.07036335103046212)
4 (22, 0.06240017920112862)
5 (0, 0.050781602807830145)
6 (19, 0.050395414281520265)
7 (35, 0.04736884682590915)
8 (28, 0.04713228297181768)
9 (8, 0.04640678629018217)
10 (24, 0.04640678629018217)
11 (27, 0.0282694848899118)
12 (30, 0.023262470316258537)
13 (20, 0.018642786893006025)
14 (31, 0.016878248232366652)
15 (1, 0.013587515095890719)
16 (23, 0.01315512516700936)
17 (10, 0.013107874722006713)
18 (3, 0.012988826688996933)
19 (13, 0.012988826688996933)
20 (21, 0.010782409738416045)
21 (18, 0.009216447105452193)
22 (16, 0.008686436229190603)
23 (7, 0.008484832852708138)
24 (5, 0.008439183807641788)
25 (2, 0.006739026309525213)
26 (4, 0.005897286988444455)
27 (6, 0.005897286988444455)
28 (9, 0.005897286988444455)
29 (11, 0.005897286988444455)
30 (12, 0.005897286988444455)
31 (15, 0.005897286988444455)
32 (17, 0.005897286988444455)
33 (25, 0.005897286988444455)
34 (32, 0.005897286988444455)
35 (33, 0.005897286988444455)
36 (34, 0.005897286988444455)
6
payment
1 (26, 0.21509071851299294)
2 (14, 0.13431194103572744)
3 (29, 0.10970294380146546)
4 (27, 0.07356065574971879)
5 (19, 0.04672690433085852)
6 (13, 0.04607958099344482)
7 (24, 0.04607958099344482)
8 (21, 0.042982613483316216)
9 (28, 0.023328184388757625)
10 (0, 0.020023599349935233)
11 (22, 0.0182190429415932)
12 (35, 0.017196256417605204)
13 (20, 0.01662852450352874)
14 (31, 0.015951987551432182)
15 (1, 0.01408699855561425)
16 (3, 0.012866021059043277)
17 (8, 0.012866021059043277)
18 (30, 0.012185821692043955)
19 (23, 0.01144626916602848)
20 (10, 0.010473613448068589)
21 (34, 0.007841281491790895)
22 (7, 0.007766638871841403)
23 (5, 0.007077087560323821)
24 (2, 0.0066307852513059614)
25 (18, 0.0064035467419425885)
26 (4, 0.005861216459012039)
27 (6, 0.005861216459012039)
28 (9, 0.005861216459012039)
29 (11, 0.005861216459012039)
30 (12, 0.005861216459012039)
31 (15, 0.005861216459012039)
32 (16, 0.005861216459012039)
33 (17, 0.005861216459012039)
34 (25, 0.005861216459012039)
35 (32, 0.005861216459012039)
36 (33, 0.005861216459012039)
7
payment
1 (26, 0.19435184409215747)
2 (14, 0.12592318156171584)
3 (21, 0.0871201412606771)
4 (29, 0.06023597125241068)
5 (19, 0.04562867657776936)
6 (8, 0.0441729238569886)
7 (24, 0.0441729238569886)
8 (0, 0.03801162995025537)
9 (27, 0.037857981799021105)
10 (22, 0.03623872024363764)
11 (10, 0.02905708714438946)
12 (31, 0.0208909735685659)
13 (16, 0.01977220428801746)
14 (30, 0.019618325800383092)
15 (1, 0.019493115979345357)
16 (20, 0.01945888620231097)
17 (23, 0.015729359244831886)
18 (3, 0.012153090226522235)
19 (13, 0.012153090226522235)
20 (35, 0.012153090226522235)
21 (28, 0.011577101281520941)
22 (7, 0.009381693957040142)
23 (32, 0.00844352637767014)
24 (18, 0.006918580174405841)
25 (2, 0.006693826730158359)
26 (5, 0.006286465360525444)
27 (4, 0.005650558875964654)
28 (6, 0.005650558875964654)
29 (9, 0.005650558875964654)
30 (11, 0.005650558875964654)
31 (12, 0.005650558875964654)
32 (15, 0.005650558875964654)
33 (17, 0.005650558875964654)
34 (25, 0.005650558875964654)
35 (33, 0.005650558875964654)
36 (34, 0.005650558875964654)
8
payment
1 (26, 0.20086713920564842)
2 (14, 0.12349663567000975)
3 (27, 0.06381734353466062)
4 (29, 0.06273539083785998)
5 (0, 0.055488138308752016)
6 (21, 0.04832220068616931)
7 (19, 0.046658098590730016)
8 (8, 0.04529596635268216)
9 (24, 0.04529596635268216)
10 (35, 0.04529596635268216)
11 (28, 0.02506055108795209)
12 (30, 0.020572560155814358)
13 (20, 0.020305433447053413)
14 (31, 0.020219796937196367)
15 (5, 0.014283878272619066)
16 (10, 0.014123068630531463)
17 (1, 0.013349876016259591)
18 (3, 0.012573017385143357)
19 (13, 0.012573017385143357)
20 (22, 0.012091373156390826)
21 (7, 0.00876388159707153)
22 (18, 0.0069322406711612725)
23 (2, 0.00680816467555075)
24 (4, 0.005774638053095084)
25 (6, 0.005774638053095084)
26 (9, 0.005774638053095084)
27 (11, 0.005774638053095084)
28 (12, 0.005774638053095084)
29 (15, 0.005774638053095084)
30 (16, 0.005774638053095084)
31 (17, 0.005774638053095084)
32 (23, 0.005774638053095084)
33 (25, 0.005774638053095084)
34 (32, 0.005774638053095084)
35 (33, 0.005774638053095084)
36 (34, 0.005774638053095084)
9
payment
1 (26, 0.1217508882339852)
2 (16, 0.06620155978510178)
3 (14, 0.06585723673074093)
4 (29, 0.06142763141660135)
5 (0, 0.057735381626361416)
6 (8, 0.04469871284086635)
7 (19, 0.04469871284086635)
8 (24, 0.04469871284086635)
9 (35, 0.04469871284086635)
10 (21, 0.03945444103916902)
11 (2, 0.039396769485929795)
12 (11, 0.03805608790805551)
13 (15, 0.03805608790805551)
14 (32, 0.03805608790805551)
15 (27, 0.03485609117821654)
16 (20, 0.021035193274932095)
17 (30, 0.02007694343894827)
18 (10, 0.018253617470357843)
19 (28, 0.016793045206859706)
20 (22, 0.016790511205119384)
21 (31, 0.016194055653731037)
22 (1, 0.012351038119019175)
23 (3, 0.012351038119019175)
24 (13, 0.012351038119019175)
25 (7, 0.011367859760964693)
26 (4, 0.005708413186208327)
27 (5, 0.005708413186208327)
28 (6, 0.005708413186208327)
29 (9, 0.005708413186208327)
30 (12, 0.005708413186208327)
31 (17, 0.005708413186208327)
32 (18, 0.005708413186208327)
33 (23, 0.005708413186208327)
34 (25, 0.005708413186208327)
35 (33, 0.005708413186208327)
36 (34, 0.005708413186208327)
10
payment
1 (26, 0.21700838938437075)
2 (14, 0.1451907826174037)
3 (29, 0.061424555865170156)
4 (0, 0.05922244051353641)
5 (28, 0.04836286049978642)
6 (19, 0.04613194047171178)
7 (24, 0.0459933723393196)
8 (35, 0.04471515606110208)
9 (6, 0.03807080506083373)
10 (22, 0.027545754495301587)
11 (27, 0.02175636348737713)
12 (30, 0.020071957354765663)
13 (20, 0.018680956484100356)
14 (31, 0.01672022145792017)
15 (1, 0.01618579567228875)
16 (23, 0.014546650071574612)
17 (10, 0.014262893015727226)
18 (3, 0.01235497175939341)
19 (9, 0.01235497175939341)
20 (13, 0.01235497175939341)
21 (16, 0.01218273948473984)
22 (7, 0.009355937484808558)
23 (2, 0.006976475407278997)
24 (18, 0.006930476984001822)
25 (21, 0.006878434378161692)
26 (25, 0.006811169347919489)
27 (5, 0.006513369950493553)
28 (4, 0.005710620759125061)
29 (8, 0.005710620759125061)
30 (11, 0.005710620759125061)
31 (12, 0.005710620759125061)
32 (15, 0.005710620759125061)
33 (17, 0.005710620759125061)
34 (32, 0.005710620759125061)
35 (33, 0.005710620759125061)
36 (34, 0.005710620759125061)
-----one service finish-----
6
1
shipping
1 (10, 0.13334715196887162)
2 (20, 0.07541821301873915)
3 (11, 0.053033296729944265)
4 (0, 0.049348187177974734)
5 (2, 0.04533620872852909)
6 (3, 0.04533620872852909)
7 (13, 0.04533620872852909)
8 (19, 0.04533620872852909)
9 (24, 0.04533620872852909)
10 (27, 0.04533620872852909)
11 (28, 0.04533620872852909)
12 (33, 0.04533620872852909)
13 (1, 0.04185460440485643)
14 (15, 0.03866068270197173)
15 (21, 0.03866068270197173)
16 (23, 0.03866068270197173)
17 (14, 0.03267653922003318)
18 (31, 0.020637449146813782)
19 (8, 0.012474628431853114)
20 (30, 0.012070071563656668)
21 (7, 0.009280706728968423)
22 (4, 0.005799102405295761)
23 (5, 0.005799102405295761)
24 (6, 0.005799102405295761)
25 (9, 0.005799102405295761)
26 (12, 0.005799102405295761)
27 (16, 0.005799102405295761)
28 (17, 0.005799102405295761)
29 (18, 0.005799102405295761)
30 (22, 0.005799102405295761)
31 (25, 0.005799102405295761)
32 (26, 0.005799102405295761)
33 (29, 0.005799102405295761)
34 (32, 0.005799102405295761)
35 (34, 0.005799102405295761)
2
shipping
1 (20, 0.20675135928874527)
2 (0, 0.14288186011036103)
3 (14, 0.10179039014576809)
4 (31, 0.0703153985403076)
5 (13, 0.04776272154931653)
6 (33, 0.0468355491230187)
7 (19, 0.043127854420524823)
8 (24, 0.043127854420524823)
9 (32, 0.03790778408694925)
10 (11, 0.037031609958587536)
11 (15, 0.037031609958587536)
12 (10, 0.021322789178365765)
13 (30, 0.012285105353281209)
14 (3, 0.012265883487005724)
15 (8, 0.011650985955725411)
16 (28, 0.011650985955725411)
17 (12, 0.00974705475667891)
18 (34, 0.007455678726827493)
19 (22, 0.00724594204726675)
20 (7, 0.006496464781942954)
21 (1, 0.00626376647697595)
22 (4, 0.0061145804409635535)
23 (26, 0.005923365169151396)
24 (27, 0.005911249635728761)
25 (2, 0.005554741493788131)
26 (5, 0.005554741493788131)
27 (6, 0.005554741493788131)
28 (9, 0.005554741493788131)
29 (16, 0.005554741493788131)
30 (17, 0.005554741493788131)
31 (18, 0.005554741493788131)
32 (21, 0.005554741493788131)
33 (23, 0.005554741493788131)
34 (25, 0.005554741493788131)
35 (29, 0.005554741493788131)
3
shipping
1 (0, 0.09313188164384235)
2 (10, 0.08034123513277527)
3 (3, 0.04743887272917117)
4 (8, 0.04743887272917117)
5 (13, 0.04743887272917117)
6 (18, 0.04743887272917117)
7 (24, 0.04743887272917117)
8 (27, 0.04743887272917117)
9 (28, 0.04743887272917117)
10 (33, 0.04743887272917117)
11 (1, 0.04379504948552327)
12 (14, 0.041692585570520094)
13 (11, 0.04022019550282308)
14 (15, 0.04022019550282308)
15 (21, 0.04022019550282308)
16 (23, 0.04022019550282308)
17 (26, 0.04022019550282308)
18 (31, 0.025509322211069444)
19 (20, 0.024858812259396637)
20 (30, 0.013812317861465412)
21 (7, 0.00967685256907136)
22 (32, 0.008140602688346488)
23 (2, 0.006033029325423462)
24 (4, 0.006033029325423462)
25 (5, 0.006033029325423462)
26 (6, 0.006033029325423462)
27 (9, 0.006033029325423462)
28 (12, 0.006033029325423462)
29 (16, 0.006033029325423462)
30 (17, 0.006033029325423462)
31 (19, 0.006033029325423462)
32 (22, 0.006033029325423462)
33 (25, 0.006033029325423462)
34 (29, 0.006033029325423462)
35 (34, 0.006033029325423462)
4
shipping
1 (32, 0.13134372805329028)
2 (31, 0.1292904478335738)
3 (33, 0.12223200259698443)
4 (0, 0.07772826698837391)
5 (14, 0.048915088149972336)
6 (13, 0.046505212237357915)
7 (18, 0.04348940861963171)
8 (26, 0.0378919773072486)
9 (1, 0.037339717416433514)
10 (11, 0.03678833168616773)
11 (15, 0.03678833168616773)
12 (20, 0.035105760070322026)
13 (27, 0.0259098679909548)
14 (6, 0.018180262091555512)
15 (10, 0.017831254861890206)
16 (30, 0.012595443903506072)
17 (4, 0.011554660481021044)
18 (8, 0.011554660481021044)
19 (24, 0.011554660481021044)
20 (28, 0.011554660481021042)
21 (22, 0.010304781767700862)
22 (12, 0.008861877878792328)
23 (21, 0.008396680214133905)
24 (7, 0.006276664809983712)
25 (34, 0.0062181945484324295)
26 (19, 0.00612380958711554)
27 (2, 0.005518249752925159)
28 (3, 0.005518249752925159)
29 (5, 0.005518249752925159)
30 (9, 0.005518249752925159)
31 (16, 0.005518249752925159)
32 (17, 0.005518249752925159)
33 (23, 0.005518249752925159)
34 (25, 0.005518249752925159)
35 (29, 0.005518249752925159)
5
shipping
1 (0, 0.06969365007028697)
2 (20, 0.05054897763969649)
3 (26, 0.050407300654448414)
4 (3, 0.04463385963605701)
5 (8, 0.04463385963605701)
6 (13, 0.04463385963605701)
7 (19, 0.04463385963605701)
8 (24, 0.04463385963605701)
9 (28, 0.04463385963605701)
10 (33, 0.04463385963605701)
11 (21, 0.04026298603507061)
12 (1, 0.03814184160320646)
13 (2, 0.03814184160320646)
14 (6, 0.03814184160320646)
15 (11, 0.03814184160320646)
16 (15, 0.03814184160320646)
17 (17, 0.03814184160320646)
18 (23, 0.03814184160320646)
19 (27, 0.03814184160320646)
20 (32, 0.03814184160320646)
21 (14, 0.025749018778876732)
22 (30, 0.021320102673349352)
23 (31, 0.017649057381242634)
24 (4, 0.00572127624048097)
25 (5, 0.00572127624048097)
26 (7, 0.00572127624048097)
27 (9, 0.00572127624048097)
28 (10, 0.00572127624048097)
29 (12, 0.00572127624048097)
30 (16, 0.00572127624048097)
31 (18, 0.00572127624048097)
32 (22, 0.00572127624048097)
33 (25, 0.00572127624048097)
34 (29, 0.00572127624048097)
35 (34, 0.00572127624048097)
6
shipping
1 (10, 0.12303096030708466)
2 (20, 0.07324515877023884)
3 (32, 0.05256961015744616)
4 (0, 0.043439299778146104)
5 (3, 0.04280666559082763)
6 (8, 0.04280666559082763)
7 (13, 0.04280666559082763)
8 (19, 0.04280666559082763)
9 (24, 0.04280666559082763)
10 (27, 0.04280666559082763)
11 (28, 0.04280666559082763)
12 (33, 0.04280666559082763)
13 (1, 0.03976862405226088)
14 (11, 0.03676114533178621)
15 (15, 0.03676114533178621)
16 (21, 0.03676114533178621)
17 (23, 0.03676114533178621)
18 (26, 0.03676114533178621)
19 (14, 0.03059728988034128)
20 (31, 0.020129799795555382)
21 (30, 0.010723759138056663)
22 (7, 0.008552213338334691)
23 (2, 0.0055141717997679324)
24 (4, 0.0055141717997679324)
25 (5, 0.0055141717997679324)
26 (6, 0.0055141717997679324)
27 (9, 0.0055141717997679324)
28 (12, 0.0055141717997679324)
29 (16, 0.0055141717997679324)
30 (17, 0.0055141717997679324)
31 (18, 0.0055141717997679324)
32 (22, 0.0055141717997679324)
33 (25, 0.0055141717997679324)
34 (29, 0.0055141717997679324)
35 (34, 0.0055141717997679324)
7
shipping
1 (20, 0.16051472115462564)
2 (10, 0.10197003579794306)
3 (0, 0.07735421846876162)
4 (13, 0.05815915935211676)
5 (14, 0.05754456500682963)
6 (11, 0.05034298841476844)
7 (33, 0.045702897022163215)
8 (27, 0.044144786800692955)
9 (18, 0.04342087144486996)
10 (24, 0.04342087144486996)
11 (1, 0.03837118359760214)
12 (32, 0.03818437898879808)
13 (15, 0.037225106489853395)
14 (31, 0.033883803338878415)
15 (30, 0.019953713555606743)
16 (12, 0.01870164789839305)
17 (3, 0.011779530928494573)
18 (8, 0.011779530928494573)
19 (28, 0.011779530928494573)
20 (22, 0.007547540464581517)
21 (7, 0.006892560293798567)
22 (26, 0.006577256991487971)
23 (34, 0.006399102249739103)
24 (21, 0.006280619305873389)
25 (6, 0.006231719397482669)
26 (2, 0.005583765973478009)
27 (4, 0.005583765973478009)
28 (5, 0.005583765973478009)
29 (9, 0.005583765973478009)
30 (16, 0.005583765973478009)
31 (17, 0.005583765973478009)
32 (19, 0.005583765973478009)
33 (23, 0.005583765973478009)
34 (25, 0.005583765973478009)
35 (29, 0.005583765973478009)
8
shipping
1 (0, 0.09005073994459932)
2 (13, 0.06443273725020413)
3 (20, 0.057761087322813)
4 (10, 0.04763842931416012)
5 (3, 0.046542522160242426)
6 (8, 0.046542522160242426)
7 (19, 0.046542522160242426)
8 (24, 0.046542522160242426)
9 (33, 0.046542522160242426)
10 (1, 0.042972391880108506)
11 (6, 0.03955911779993234)
12 (11, 0.03955911779993234)
13 (15, 0.03955911779993234)
14 (21, 0.03955911779993234)
15 (23, 0.03955911779993234)
16 (26, 0.03955911779993234)
17 (27, 0.03955911779993234)
18 (14, 0.03868965881229073)
19 (12, 0.02113561078051158)
20 (31, 0.021011583022205942)
21 (30, 0.01305364425206632)
22 (28, 0.012917272030299933)
23 (7, 0.009503997950123771)
24 (2, 0.005933867669989852)
25 (4, 0.005933867669989852)
26 (5, 0.005933867669989852)
27 (9, 0.005933867669989852)
28 (16, 0.005933867669989852)
29 (17, 0.005933867669989852)
30 (18, 0.005933867669989852)
31 (22, 0.005933867669989852)
32 (25, 0.005933867669989852)
33 (29, 0.005933867669989852)
34 (32, 0.005933867669989852)
35 (34, 0.005933867669989852)
9
shipping
1 (20, 0.12050533724651276)
2 (10, 0.07004326004287861)
3 (0, 0.0545379809431849)
4 (2, 0.043350622446504054)
5 (3, 0.043350622446504054)
6 (8, 0.043350622446504054)
7 (13, 0.043350622446504054)
8 (19, 0.043350622446504054)
9 (24, 0.043350622446504054)
10 (27, 0.043350622446504054)
11 (28, 0.043350622446504054)
12 (33, 0.043350622446504054)
13 (14, 0.041975169764861486)
14 (1, 0.0401526807441544)
15 (11, 0.0371710559412761)
16 (15, 0.0371710559412761)
17 (21, 0.0371710559412761)
18 (23, 0.0371710559412761)
19 (31, 0.03041247304490242)
20 (30, 0.014916986489407948)
21 (7, 0.008773600093541068)
22 (22, 0.007359126761427232)
23 (4, 0.005575658391191415)
24 (5, 0.005575658391191415)
25 (6, 0.005575658391191415)
26 (9, 0.005575658391191415)
27 (12, 0.005575658391191415)
28 (16, 0.005575658391191415)
29 (17, 0.005575658391191415)
30 (18, 0.005575658391191415)
31 (25, 0.005575658391191415)
32 (26, 0.005575658391191415)
33 (29, 0.005575658391191415)
34 (32, 0.005575658391191415)
35 (34, 0.005575658391191415)
10
shipping
1 (0, 0.131065292923786)
2 (10, 0.06459572683623266)
3 (20, 0.06423524185760962)
4 (14, 0.060381258597245614)
5 (33, 0.053081412699258604)
6 (13, 0.051517100743034214)
7 (19, 0.051517100743034214)
8 (24, 0.051517100743034214)
9 (28, 0.051517100743034214)
10 (1, 0.04485366003970954)
11 (32, 0.04438126980134995)
12 (31, 0.04354690644552441)
13 (11, 0.043192069335044284)
14 (15, 0.043192069335044284)
15 (21, 0.043192069335044284)
16 (8, 0.014803841808246577)
17 (3, 0.014803841808246575)
18 (30, 0.013934603931331732)
19 (7, 0.008376102518189656)
20 (22, 0.007960551977483014)
21 (26, 0.00763233217492354)
22 (2, 0.006478810400256642)
23 (4, 0.006478810400256642)
24 (5, 0.006478810400256642)
25 (6, 0.006478810400256642)
26 (9, 0.006478810400256642)
27 (12, 0.006478810400256642)
28 (16, 0.006478810400256642)
29 (17, 0.006478810400256642)
30 (18, 0.006478810400256642)
31 (23, 0.006478810400256642)
32 (25, 0.006478810400256642)
33 (27, 0.006478810400256642)
34 (29, 0.006478810400256642)
35 (34, 0.006478810400256642)
-----one service finish-----
2023-03-14 16:25:47
