2023-03-14 14:29:15
0
1
front-end
1 (3, 0.11248543066035468)
2 (22, 0.07209045110489712)
3 (13, 0.06222688238813662)
4 (5, 0.061969605331547224)
5 (4, 0.06098911766451432)
6 (15, 0.048321948101083985)
7 (9, 0.0476757979142095)
8 (7, 0.04613731913791564)
9 (29, 0.04206464981835178)
10 (0, 0.0415754329068523)
11 (19, 0.041304569248122994)
12 (32, 0.03878815888707905)
13 (27, 0.03823001821272213)
14 (6, 0.03587222986823107)
15 (1, 0.035500386334444314)
16 (25, 0.02861869912845407)
17 (14, 0.02449031011243482)
18 (24, 0.023510040079188443)
19 (16, 0.01749083865642901)
20 (26, 0.013640482508832897)
21 (10, 0.011129240863845324)
22 (23, 0.011119139092722257)
23 (34, 0.009241841295415592)
24 (11, 0.007785938713539156)
25 (21, 0.007389497499142417)
26 (35, 0.006137275266399622)
27 (30, 0.0060174905859977715)
28 (31, 0.005596745017802599)
29 (2, 0.005325057950166649)
30 (8, 0.005325057950166649)
31 (12, 0.005325057950166649)
32 (17, 0.005325057950166649)
33 (18, 0.005325057950166649)
34 (20, 0.005325057950166649)
35 (28, 0.005325057950166649)
36 (33, 0.005325057950166649)
2
front-end
1 (15, 0.15793209867905614)
2 (25, 0.11227863965138368)
3 (5, 0.07743873071569823)
4 (26, 0.06663972586533431)
5 (24, 0.0639569116792586)
6 (21, 0.060247749348002894)
7 (6, 0.05708229517585439)
8 (0, 0.0477477661994208)
9 (14, 0.040036596115080834)
10 (27, 0.0368973632875916)
11 (12, 0.03340026909144719)
12 (3, 0.026235416827924418)
13 (32, 0.02569605095352868)
14 (29, 0.021534703927986353)
15 (4, 0.020903336934743003)
16 (34, 0.015504773915582802)
17 (16, 0.013466300568154675)
18 (35, 0.0101772783310759)
19 (9, 0.010132391052133514)
20 (19, 0.010132391052133514)
21 (2, 0.009483929127335962)
22 (7, 0.008280716772755341)
23 (11, 0.0065767310084817055)
24 (23, 0.006419304717081577)
25 (13, 0.005837626890202246)
26 (30, 0.0058276418535098485)
27 (17, 0.0051779022457806665)
28 (31, 0.005163090722875168)
29 (1, 0.004974033411323235)
30 (8, 0.004974033411323235)
31 (10, 0.004974033411323235)
32 (18, 0.004974033411323235)
33 (20, 0.004974033411323235)
34 (22, 0.004974033411323235)
35 (28, 0.004974033411323235)
36 (33, 0.004974033411323235)
3
front-end
1 (16, 0.07410355552498127)
2 (13, 0.07278518317211133)
3 (14, 0.07062866260593553)
4 (4, 0.06804273069551646)
5 (3, 0.06671185769811352)
6 (29, 0.06357334358989397)
7 (30, 0.059648335987830266)
8 (32, 0.058294976918196094)
9 (6, 0.05802340830541271)
10 (19, 0.05640955710580646)
11 (34, 0.05590672847468974)
12 (20, 0.05362909067971685)
13 (35, 0.033522618807824055)
14 (24, 0.03309123088468635)
15 (22, 0.033020704696158754)
16 (15, 0.019878459833944692)
17 (0, 0.012889943997327744)
18 (12, 0.012636293295191248)
19 (5, 0.012600414048551644)
20 (10, 0.008223150816707369)
21 (26, 0.007322246190402537)
22 (21, 0.00605066790684705)
23 (27, 0.005422550693320997)
24 (25, 0.005166659447176212)
25 (7, 0.004763232540385838)
26 (23, 0.004536462693654793)
27 (11, 0.004475271089141514)
28 (2, 0.004459278227872083)
29 (1, 0.004403860310786647)
30 (8, 0.004335382784929669)
31 (9, 0.0043078638404492435)
32 (17, 0.0042991180346594205)
33 (28, 0.004280447495191437)
34 (18, 0.0041855705355288595)
35 (31, 0.0041855705355288595)
36 (33, 0.0041855705355288595)
4
front-end
1 (20, 0.0795939324742852)
2 (14, 0.07699619588827888)
3 (22, 0.07334468631609854)
4 (19, 0.07332799192623848)
5 (6, 0.07203113178072719)
6 (13, 0.07087974289616111)
7 (12, 0.06879312052003705)
8 (16, 0.06798301690611333)
9 (25, 0.06372687516746238)
10 (34, 0.061942962310993284)
11 (24, 0.05734493350322024)
12 (3, 0.03340707803589018)
13 (4, 0.03198146515698393)
14 (35, 0.030544929906821554)
15 (29, 0.014226834356302209)
16 (15, 0.011540410288544658)
17 (0, 0.009425497018669314)
18 (5, 0.00816546564019337)
19 (9, 0.008131141321010268)
20 (27, 0.007586607229923409)
21 (30, 0.007442267668645144)
22 (32, 0.0069915995565559205)
23 (26, 0.006533256656521588)
24 (21, 0.006146907447572458)
25 (11, 0.004542290710894021)
26 (10, 0.004532517591947192)
27 (7, 0.004509863368485929)
28 (23, 0.004440942196227726)
29 (2, 0.004422655526348769)
30 (1, 0.004281120635081685)
31 (17, 0.00426911882410585)
32 (28, 0.004246774506992505)
33 (8, 0.0041666666666666675)
34 (18, 0.0041666666666666675)
35 (31, 0.0041666666666666675)
36 (33, 0.0041666666666666675)
5
front-end
1 (14, 0.08832516508099712)
2 (6, 0.08655268746082509)
3 (16, 0.08400129747049066)
4 (13, 0.08044713281525931)
5 (10, 0.07597896737340477)
6 (20, 0.0737227289187865)
7 (12, 0.07013299440677134)
8 (9, 0.06857115807021952)
9 (19, 0.06383764862472834)
10 (32, 0.04702652737576508)
11 (22, 0.03308854939990821)
12 (3, 0.03197885508004643)
13 (34, 0.02544303670157986)
14 (0, 0.01747393988306647)
15 (35, 0.016933019912756492)
16 (15, 0.01604491809583463)
17 (29, 0.015064242823097847)
18 (5, 0.01193550257773537)
19 (24, 0.00917111470257253)
20 (26, 0.00831944998688815)
21 (30, 0.006445423677013274)
22 (21, 0.00620665601644106)
23 (27, 0.005352480325588732)
24 (25, 0.005127603433402447)
25 (4, 0.005058013270137253)
26 (7, 0.004690473267313844)
27 (11, 0.004494639495908168)
28 (23, 0.004475969163212348)
29 (2, 0.004428657306255893)
30 (1, 0.004353891363575931)
31 (17, 0.004285367684591963)
32 (8, 0.004276240527852073)
33 (31, 0.004255647707973264)
34 (18, 0.0041666666666666675)
35 (28, 0.0041666666666666675)
36 (33, 0.0041666666666666675)
6
front-end
1 (6, 0.09780630577272005)
2 (24, 0.06861201753162695)
3 (22, 0.05935001144065666)
4 (20, 0.054333888026554714)
5 (32, 0.05081436831402636)
6 (7, 0.04559864715073618)
7 (35, 0.04318971938577475)
8 (23, 0.03991447446933938)
9 (1, 0.03488843426844646)
10 (3, 0.03488843426844646)
11 (4, 0.03488843426844646)
12 (12, 0.03488843426844646)
13 (13, 0.03488843426844646)
14 (14, 0.03488843426844646)
15 (16, 0.03488843426844646)
16 (27, 0.03488843426844646)
17 (5, 0.03183442839101948)
18 (25, 0.031625361630822024)
19 (18, 0.024676126830588542)
20 (15, 0.020195088202037574)
21 (19, 0.018159300710471317)
22 (8, 0.018155453297877527)
23 (0, 0.017876095498333085)
24 (34, 0.012118383206495775)
25 (30, 0.01207107339810311)
26 (10, 0.01082819736541879)
27 (11, 0.009365678972782577)
28 (26, 0.008822536921426122)
29 (28, 0.007927003635230563)
30 (21, 0.0058357002208629175)
31 (31, 0.005616339778189066)
32 (2, 0.005233265140266971)
33 (9, 0.005233265140266971)
34 (17, 0.005233265140266971)
35 (29, 0.005233265140266971)
36 (33, 0.005233265140266971)
7
front-end
1 (14, 0.085839160107825)
2 (13, 0.08221722822328134)
3 (22, 0.07979164010076241)
4 (20, 0.07890170514955655)
5 (34, 0.07732721621840616)
6 (29, 0.07698209730769505)
7 (19, 0.07467949619903587)
8 (16, 0.07369188070758986)
9 (3, 0.07333134697846846)
10 (6, 0.06765673483400193)
11 (4, 0.041035303230796225)
12 (30, 0.03078278367587818)
13 (35, 0.014957600296825899)
14 (32, 0.013914746628605671)
15 (15, 0.01041805495877448)
16 (24, 0.009348312736105174)
17 (0, 0.00865422911395982)
18 (9, 0.008076436346313928)
19 (26, 0.007984946770301649)
20 (5, 0.0075892023956737175)
21 (12, 0.0068535377477475425)
22 (27, 0.006676243348934732)
23 (21, 0.006267758107218724)
24 (25, 0.005179855273644554)
25 (7, 0.004502732317440319)
26 (10, 0.0044613040607501195)
27 (23, 0.00443873104438288)
28 (11, 0.004432550518207063)
29 (2, 0.004420295484911959)
30 (8, 0.004283365785478146)
31 (1, 0.004280294153541388)
32 (17, 0.0042715133805532384)
33 (28, 0.004251696797331947)
34 (18, 0.0041666666666666675)
35 (31, 0.0041666666666666675)
36 (33, 0.0041666666666666675)
8
front-end
1 (15, 0.13718553935204228)
2 (12, 0.09156492523507787)
3 (30, 0.08320156933767478)
4 (5, 0.061361466577298865)
5 (29, 0.059630876214723856)
6 (22, 0.05722721753906644)
7 (16, 0.054321594429613936)
8 (0, 0.051409622202688174)
9 (4, 0.04136597747510615)
10 (24, 0.04104946062519775)
11 (32, 0.04073337854730609)
12 (26, 0.03403186098243973)
13 (3, 0.030142390223045854)
14 (14, 0.02713979745717449)
15 (13, 0.022740543166670263)
16 (6, 0.019274071659638913)
17 (34, 0.018563413833725607)
18 (35, 0.012394502169700457)
19 (19, 0.011589801834566952)
20 (9, 0.011490462025785393)
21 (7, 0.007427636416097175)
22 (21, 0.007385638735152211)
23 (27, 0.0072050858506997936)
24 (23, 0.006325437442890044)
25 (11, 0.006168122867433193)
26 (25, 0.0061389950218041335)
27 (20, 0.005940196198808831)
28 (10, 0.005627147192096671)
29 (2, 0.005381196140208272)
30 (17, 0.005324373358494499)
31 (1, 0.0051096166479618985)
32 (8, 0.0051096166479618985)
33 (18, 0.0051096166479618985)
34 (28, 0.0051096166479618985)
35 (31, 0.0051096166479618985)
36 (33, 0.0051096166479618985)
9
front-end
1 (13, 0.12819848650840454)
2 (14, 0.10883244790646417)
3 (24, 0.0898475740207022)
4 (25, 0.081286936980345)
5 (16, 0.07828133180400268)
6 (32, 0.0640223299276087)
7 (6, 0.06146254229115244)
8 (22, 0.044396664662248335)
9 (3, 0.03731388427305529)
10 (9, 0.03509863207973011)
11 (34, 0.02917060623440238)
12 (12, 0.028994398317666138)
13 (19, 0.022214314187538282)
14 (20, 0.01843714028615267)
15 (35, 0.017503414557741088)
16 (5, 0.016076429402341753)
17 (29, 0.014859616039005815)
18 (26, 0.012826447013487837)
19 (15, 0.012104610300270139)
20 (21, 0.010475133944135335)
21 (0, 0.0086772721689058)
22 (27, 0.008595111280300237)
23 (30, 0.008478202750669354)
24 (4, 0.005650969962053991)
25 (7, 0.00503132253856176)
26 (23, 0.004930949060483059)
27 (10, 0.004928554354225006)
28 (2, 0.004904328513085094)
29 (11, 0.004893281401072151)
30 (1, 0.004737788445740421)
31 (8, 0.004715488346953932)
32 (17, 0.004690384246145641)
33 (28, 0.004667218147321628)
34 (18, 0.004565396016009013)
35 (31, 0.004565396016009013)
36 (33, 0.004565396016009013)
10
front-end
1 (0, 0.06548193126962266)
2 (32, 0.06528837761874283)
3 (4, 0.06473708597408596)
4 (3, 0.06021045195149042)
5 (5, 0.05986571992041072)
6 (27, 0.05914282471384541)
7 (7, 0.058774109879472104)
8 (35, 0.056994451564797495)
9 (22, 0.05633351284405293)
10 (34, 0.05614308052728441)
11 (30, 0.0543006104121194)
12 (14, 0.054007998650409304)
13 (1, 0.04589905920561961)
14 (16, 0.038174420741857854)
15 (29, 0.03544660472810821)
16 (23, 0.028621132587283847)
17 (13, 0.0276094204261359)
18 (15, 0.01501928666739793)
19 (6, 0.009174624256284777)
20 (24, 0.008621299658769907)
21 (19, 0.007932229874045146)
22 (9, 0.007716405521581235)
23 (12, 0.0060713232906960376)
24 (26, 0.0057292864081421365)
25 (21, 0.005403149088438576)
26 (11, 0.004930331535077499)
27 (25, 0.004613193769549001)
28 (31, 0.004287856236458224)
29 (17, 0.004282630841413198)
30 (2, 0.004169655690972469)
31 (8, 0.004169655690972469)
32 (10, 0.004169655690972469)
33 (18, 0.004169655690972469)
34 (20, 0.004169655690972469)
35 (28, 0.004169655690972469)
36 (33, 0.004169655690972469)
-----one service finish-----
1
1
user
1 (7, 0.20941148976426338)
2 (6, 0.11781812591210064)
3 (5, 0.10259156521739032)
4 (0, 0.0782872444439086)
5 (24, 0.05053535600209548)
6 (25, 0.04632441660455632)
7 (3, 0.03951623626750051)
8 (22, 0.036673979031262356)
9 (1, 0.03517897772475104)
10 (15, 0.033621531017169984)
11 (29, 0.03239648512798228)
12 (4, 0.030328132211066516)
13 (28, 0.025175523173538737)
14 (34, 0.020198109733141623)
15 (11, 0.013069412868369521)
16 (33, 0.010675441378610867)
17 (10, 0.01027529953230258)
18 (19, 0.010262735479128435)
19 (14, 0.008415732171745923)
20 (21, 0.007786782105972291)
21 (27, 0.006655738419752275)
22 (31, 0.006597703740336566)
23 (30, 0.0061867162850853495)
24 (8, 0.005513875534580502)
25 (16, 0.005379196862111903)
26 (26, 0.005301659808712399)
27 (9, 0.005275387386250262)
28 (17, 0.0051916418859346124)
29 (20, 0.005153963792724682)
30 (2, 0.0050335900862756916)
31 (12, 0.0050335900862756916)
32 (13, 0.0050335900862756916)
33 (18, 0.0050335900862756916)
34 (23, 0.0050335900862756916)
35 (32, 0.0050335900862756916)
2
user
1 (28, 0.1419352249516405)
2 (29, 0.09404748007318896)
3 (7, 0.09041784833884006)
4 (26, 0.08421438314702251)
5 (15, 0.06847206633732783)
6 (11, 0.0564227225098768)
7 (24, 0.04362071711937036)
8 (3, 0.041489632191486235)
9 (9, 0.04138783137640681)
10 (13, 0.04110811946170814)
11 (0, 0.03938792477392539)
12 (1, 0.0354996495741852)
13 (31, 0.03368812591233646)
14 (5, 0.03014223138363594)
15 (33, 0.016590522911000962)
16 (27, 0.01138799677314913)
17 (20, 0.010933417323650725)
18 (21, 0.010773960749633122)
19 (6, 0.010110707910920355)
20 (25, 0.00887766070906679)
21 (34, 0.007811964421500797)
22 (22, 0.007516045481017206)
23 (17, 0.006843866604704462)
24 (30, 0.006626679914734077)
25 (8, 0.006254812617017354)
26 (16, 0.006146824946602468)
27 (4, 0.005692002997029299)
28 (2, 0.00532494743612778)
29 (10, 0.00532494743612778)
30 (12, 0.00532494743612778)
31 (14, 0.00532494743612778)
32 (18, 0.00532494743612778)
33 (19, 0.00532494743612778)
34 (23, 0.00532494743612778)
35 (32, 0.00532494743612778)
3
user
1 (7, 0.13157034576186355)
2 (15, 0.1177521685283734)
3 (3, 0.10736280256291075)
4 (28, 0.08509894063330364)
5 (5, 0.058462650559054946)
6 (24, 0.05512495679561393)
7 (11, 0.05063055049397892)
8 (13, 0.045150175699022424)
9 (9, 0.042507963415078)
10 (22, 0.03947249096001745)
11 (1, 0.038527374705539116)
12 (0, 0.033738918702601976)
13 (33, 0.022599108978195916)
14 (29, 0.014542440347646853)
15 (20, 0.012676153384906814)
16 (27, 0.010674630174787765)
17 (34, 0.010388833777302613)
18 (25, 0.010133470589570313)
19 (6, 0.010060134392342332)
20 (21, 0.009983464295995902)
21 (31, 0.007918863301221131)
22 (30, 0.0075844913629200695)
23 (4, 0.006581391443608463)
24 (8, 0.006473269392389654)
25 (16, 0.006291034784930007)
26 (26, 0.006195552401771579)
27 (17, 0.006026640904565886)
28 (19, 0.006017438209670465)
29 (2, 0.005779106205830868)
30 (10, 0.005779106205830868)
31 (12, 0.005779106205830868)
32 (14, 0.005779106205830868)
33 (18, 0.005779106205830868)
34 (23, 0.005779106205830868)
35 (32, 0.005779106205830868)
4
user
1 (0, 0.10340182399616596)
2 (28, 0.10088833295881337)
3 (11, 0.09717875344770588)
4 (13, 0.08647570919973063)
5 (15, 0.086002094625903)
6 (5, 0.07413717943301444)
7 (7, 0.059769146615038335)
8 (24, 0.048198508797764224)
9 (3, 0.046182057328532436)
10 (31, 0.04023662984933533)
11 (1, 0.03776488765565363)
12 (6, 0.02424779702341406)
13 (33, 0.021634666202758873)
14 (29, 0.015857982997094712)
15 (9, 0.012304262651183591)
16 (20, 0.01229391702860642)
17 (21, 0.010754422775326943)
18 (27, 0.010694290299406566)
19 (34, 0.009952087957361072)
20 (25, 0.009034777029565223)
21 (30, 0.007644528189929119)
22 (22, 0.007329660819446621)
23 (4, 0.0073196889660019525)
24 (8, 0.006399068445128944)
25 (16, 0.006337384388775874)
26 (26, 0.006210473832714272)
27 (17, 0.005938635704358476)
28 (10, 0.005916009725800475)
29 (19, 0.0059068231653813365)
30 (2, 0.005664733148348045)
31 (12, 0.005664733148348045)
32 (14, 0.005664733148348045)
33 (18, 0.005664733148348045)
34 (23, 0.005664733148348045)
35 (32, 0.005664733148348045)
5
user
1 (28, 0.10676498444798962)
2 (7, 0.0684532449654408)
3 (24, 0.0676241795680859)
4 (15, 0.06665191838964007)
5 (33, 0.0643652393578305)
6 (31, 0.054993395430975305)
7 (1, 0.05289971623676079)
8 (11, 0.0486764743973198)
9 (3, 0.046387387646263586)
10 (9, 0.045834729829329665)
11 (13, 0.0455497162751388)
12 (27, 0.04191781071127704)
13 (29, 0.03117449938375652)
14 (5, 0.031025869130226452)
15 (0, 0.03101794340723508)
16 (26, 0.030941883104117933)
17 (22, 0.026607129540627543)
18 (34, 0.013422610604303735)
19 (20, 0.012562512247927014)
20 (6, 0.011436246220121174)
21 (21, 0.011158853158676435)
22 (25, 0.009998814164182246)
23 (30, 0.0071238697953040124)
24 (17, 0.006880615802697013)
25 (8, 0.006725099555471859)
26 (16, 0.0066915219721644555)
27 (4, 0.0065435642657786786)
28 (2, 0.005821271298919726)
29 (10, 0.005821271298919726)
30 (12, 0.005821271298919726)
31 (14, 0.005821271298919726)
32 (18, 0.005821271298919726)
33 (19, 0.005821271298919726)
34 (23, 0.005821271298919726)
35 (32, 0.005821271298919726)
6
user
1 (7, 0.19281607950069635)
2 (0, 0.14745092293673054)
3 (1, 0.0918583573606425)
4 (3, 0.07770125261934509)
5 (13, 0.05074438077132671)
6 (9, 0.047919552418157756)
7 (5, 0.04507896649970534)
8 (15, 0.038472453625956284)
9 (24, 0.038468906315941596)
10 (33, 0.02904049612257816)
11 (28, 0.025560512121858225)
12 (11, 0.017854642775575795)
13 (20, 0.015006124666511758)
14 (25, 0.013883048943529527)
15 (34, 0.012602733661235098)
16 (6, 0.012112515309087095)
17 (27, 0.01163627428808952)
18 (29, 0.010269925037766773)
19 (21, 0.009844574834141587)
20 (4, 0.009480469905474832)
21 (30, 0.008005914666302434)
22 (31, 0.007989470754945216)
23 (22, 0.007456205192667126)
24 (8, 0.0069308587370054435)
25 (19, 0.006787494831744087)
26 (16, 0.006769974408622702)
27 (26, 0.006633083594151905)
28 (10, 0.006632646940857899)
29 (17, 0.006624058012703756)
30 (2, 0.006394683857774815)
31 (12, 0.006394683857774815)
32 (14, 0.006394683857774815)
33 (18, 0.006394683857774815)
34 (23, 0.006394683857774815)
35 (32, 0.006394683857774815)
7
user
1 (7, 0.13510759886643067)
2 (28, 0.11942230936874021)
3 (15, 0.10206107134874388)
4 (0, 0.08055104649162023)
5 (11, 0.07500606072731897)
6 (24, 0.05390996136137925)
7 (5, 0.04909356532076768)
8 (9, 0.043423460035702514)
9 (14, 0.04319166682305219)
10 (31, 0.039215386259466946)
11 (1, 0.03705976250388815)
12 (29, 0.022635225600113707)
13 (33, 0.021202683431068844)
14 (22, 0.020968227163749808)
15 (4, 0.012690486851658956)
16 (19, 0.011690868694747262)
17 (25, 0.010786085348027703)
18 (27, 0.010253689484523203)
19 (6, 0.010214301970180216)
20 (34, 0.009804561111321382)
21 (21, 0.009687447387505684)
22 (30, 0.00743550200248456)
23 (8, 0.0062192727409277355)
24 (16, 0.006176657993195414)
25 (26, 0.006067633106316944)
26 (17, 0.005897090512506295)
27 (3, 0.005756662489895868)
28 (2, 0.005558964375583223)
29 (10, 0.005558964375583223)
30 (12, 0.005558964375583223)
31 (13, 0.005558964375583223)
32 (18, 0.005558964375583223)
33 (20, 0.005558964375583223)
34 (23, 0.005558964375583223)
35 (32, 0.005558964375583223)
8
user
1 (29, 0.154606369305418)
2 (7, 0.11596815521284205)
3 (28, 0.0872894412691979)
4 (0, 0.07132784432716453)
5 (5, 0.05942193262016982)
6 (6, 0.056570517155732546)
7 (24, 0.052870587559596234)
8 (3, 0.04917287889475651)
9 (13, 0.04454752602647382)
10 (31, 0.03957978915288202)
11 (15, 0.03851734654249733)
12 (1, 0.03807838138259916)
13 (33, 0.022434536254008715)
14 (20, 0.0128032480859824)
15 (9, 0.01238172319429143)
16 (11, 0.012355319078387847)
17 (25, 0.011909311907920926)
18 (34, 0.010395908529833358)
19 (27, 0.008655270165811317)
20 (21, 0.00847037382087989)
21 (4, 0.008406062194273962)
22 (30, 0.007002035747410282)
23 (22, 0.006580341920597048)
24 (19, 0.0062588751209921014)
25 (8, 0.006210893393553916)
26 (16, 0.0060710273547516895)
27 (26, 0.005963195803690758)
28 (17, 0.005891009906580846)
29 (10, 0.005888310296941606)
30 (23, 0.005813001737812563)
31 (2, 0.005711757207389874)
32 (12, 0.005711757207389874)
33 (14, 0.005711757207389874)
34 (18, 0.005711757207389874)
35 (32, 0.005711757207389874)
9
user
1 (7, 0.140955385288294)
2 (11, 0.09998575104095746)
3 (3, 0.0924635319475746)
4 (15, 0.07555038138516378)
5 (28, 0.07529046909776747)
6 (0, 0.07515359518007604)
7 (5, 0.057711061143037805)
8 (9, 0.04353464830427923)
9 (13, 0.04324850638612025)
10 (31, 0.03970818899668528)
11 (1, 0.037103932229766434)
12 (29, 0.0313850146741839)
13 (33, 0.021201285577565735)
14 (24, 0.014213406158187808)
15 (20, 0.01171016399081878)
16 (21, 0.011213366257909902)
17 (27, 0.010298311621352483)
18 (34, 0.009885683222353595)
19 (6, 0.009860227726989785)
20 (25, 0.008896865015856206)
21 (30, 0.007621345833125058)
22 (22, 0.007353845890384962)
23 (8, 0.006344001268248599)
24 (16, 0.0062759458035339215)
25 (4, 0.006245981144496005)
26 (26, 0.006143321422775115)
27 (17, 0.005863577552200286)
28 (10, 0.005823076999040857)
29 (2, 0.005565589834464966)
30 (12, 0.005565589834464966)
31 (14, 0.005565589834464966)
32 (18, 0.005565589834464966)
33 (19, 0.005565589834464966)
34 (23, 0.005565589834464966)
35 (32, 0.005565589834464966)
10
user
1 (7, 0.124726369913634)
2 (31, 0.10056877381510466)
3 (28, 0.09070594522313857)
4 (15, 0.0826728436905994)
5 (13, 0.0666570548732717)
6 (29, 0.05840146429053343)
7 (11, 0.057260048366937474)
8 (0, 0.05669596912619369)
9 (4, 0.043598866549774545)
10 (9, 0.04206682405770244)
11 (5, 0.041992357931067786)
12 (1, 0.036480367192975344)
13 (34, 0.02405795142847944)
14 (24, 0.021057487309092134)
15 (33, 0.012369032378931574)
16 (3, 0.01144361162473181)
17 (19, 0.011211313201144772)
18 (6, 0.011157694629948894)
19 (25, 0.010369965585414717)
20 (21, 0.008793371182774519)
21 (27, 0.007273522394821739)
22 (30, 0.006968499682642988)
23 (22, 0.006576561921842522)
24 (8, 0.005988709586776842)
25 (16, 0.005971081774413451)
26 (26, 0.005813594950657681)
27 (17, 0.005667209017566628)
28 (10, 0.0056130625656411835)
29 (2, 0.0054057779620265796)
30 (12, 0.0054057779620265796)
31 (14, 0.0054057779620265796)
32 (18, 0.0054057779620265796)
33 (20, 0.0054057779620265796)
34 (23, 0.0054057779620265796)
35 (32, 0.0054057779620265796)
-----one service finish-----
2
1
catalogue
1 (22, 0.12413018486954991)
2 (0, 0.11258427540234922)
3 (33, 0.11054757501376446)
4 (12, 0.09014208917414945)
5 (35, 0.08198532340089555)
6 (10, 0.07345658152900691)
7 (11, 0.04912314961829982)
8 (4, 0.04297287880402801)
9 (13, 0.04205382678564208)
10 (32, 0.03607370861941489)
11 (34, 0.02776884994764744)
12 (29, 0.018509955639440974)
13 (5, 0.018370221788309327)
14 (25, 0.017977082795850263)
15 (8, 0.011869400171746)
16 (19, 0.011610544108867344)
17 (30, 0.00986641156350541)
18 (15, 0.009617719848309798)
19 (3, 0.009295210166240877)
20 (26, 0.007990194605407154)
21 (21, 0.007810652477053796)
22 (31, 0.007537593440696091)
23 (17, 0.006560474961309574)
24 (6, 0.005849390937856674)
25 (9, 0.0058414302526872105)
26 (23, 0.005798945718633098)
27 (2, 0.005725332214499676)
28 (7, 0.005642545801541148)
29 (1, 0.005411056292912235)
30 (14, 0.005411056292912235)
31 (16, 0.005411056292912235)
32 (18, 0.005411056292912235)
33 (20, 0.005411056292912235)
34 (24, 0.005411056292912235)
35 (27, 0.005411056292912235)
36 (28, 0.005411056292912235)
2
catalogue
1 (34, 0.11360325419752135)
2 (0, 0.1131281327234603)
3 (10, 0.09627039742164986)
4 (22, 0.08810864346201489)
5 (15, 0.08393806524845919)
6 (5, 0.0784895196426284)
7 (11, 0.05904432127573029)
8 (35, 0.05353929440358202)
9 (13, 0.03790848090204838)
10 (19, 0.03790848090204838)
11 (6, 0.03334522028973548)
12 (32, 0.03288187422317184)
13 (29, 0.015487880783992991)
14 (12, 0.01419334363894117)
15 (25, 0.011063040035747988)
16 (33, 0.010395400254683631)
17 (3, 0.009958887812352317)
18 (8, 0.009958887812352317)
19 (30, 0.00976036212268705)
20 (31, 0.00673141136095655)
21 (17, 0.006441566078094642)
22 (21, 0.006342343286405089)
23 (2, 0.005939776706377013)
24 (16, 0.0054211040119421)
25 (23, 0.005315282705665061)
26 (26, 0.0052701856278130925)
27 (7, 0.005164312868656706)
28 (1, 0.0049322811334757775)
29 (4, 0.0049322811334757775)
30 (9, 0.0049322811334757775)
31 (14, 0.0049322811334757775)
32 (18, 0.0049322811334757775)
33 (20, 0.0049322811334757775)
34 (24, 0.0049322811334757775)
35 (27, 0.0049322811334757775)
36 (28, 0.0049322811334757775)
3
catalogue
1 (34, 0.1797964631499017)
2 (15, 0.11934016464482133)
3 (0, 0.11340587857426396)
4 (10, 0.09306688200233577)
5 (5, 0.07273732630794627)
6 (35, 0.07006124009952731)
7 (11, 0.05409977135189097)
8 (22, 0.04443719699163879)
9 (6, 0.03335505622662388)
10 (32, 0.03293071479959916)
11 (29, 0.016112933545179713)
12 (25, 0.011219287757470608)
13 (33, 0.010748953759437829)
14 (8, 0.010014830559177167)
15 (13, 0.010014830559177167)
16 (19, 0.010014830559177167)
17 (3, 0.010014830559177164)
18 (12, 0.009730136320226268)
19 (30, 0.008589433956188386)
20 (31, 0.006554146942777718)
21 (17, 0.006279718643033944)
22 (21, 0.006192360315804372)
23 (2, 0.0058203962317425455)
24 (16, 0.005290604549620786)
25 (23, 0.005289421117527368)
26 (26, 0.005272381492094151)
27 (7, 0.005153744004179533)
28 (1, 0.004939607219939875)
29 (4, 0.004939607219939875)
30 (9, 0.004939607219939875)
31 (14, 0.004939607219939875)
32 (18, 0.004939607219939875)
33 (20, 0.004939607219939875)
34 (24, 0.004939607219939875)
35 (27, 0.004939607219939875)
36 (28, 0.004939607219939875)
4
catalogue
1 (33, 0.13210631314478744)
2 (10, 0.09700890584343569)
3 (0, 0.09355954734656645)
4 (8, 0.08896237917639706)
5 (13, 0.0880517944243398)
6 (11, 0.07891336134446504)
7 (15, 0.07042454217308435)
8 (21, 0.04414068600687047)
9 (19, 0.040855477045418934)
10 (6, 0.03601205873796531)
11 (12, 0.023408920227527916)
12 (34, 0.018200280736720253)
13 (29, 0.017892811034400557)
14 (1, 0.014867298901776016)
15 (25, 0.01327250840593836)
16 (3, 0.012236519876614909)
17 (22, 0.011322398412233712)
18 (5, 0.009687345507430008)
19 (30, 0.009674175781940854)
20 (35, 0.008862888355907867)
21 (31, 0.007554734174077663)
22 (26, 0.006704570599402214)
23 (2, 0.006054606420137541)
24 (17, 0.006019623701075984)
25 (9, 0.005811700434957989)
26 (7, 0.005648140042679633)
27 (4, 0.005274641214384809)
28 (14, 0.005274641214384809)
29 (16, 0.005274641214384809)
30 (18, 0.005274641214384809)
31 (20, 0.005274641214384809)
32 (23, 0.005274641214384809)
33 (24, 0.005274641214384809)
34 (27, 0.005274641214384809)
35 (28, 0.005274641214384809)
36 (32, 0.005274641214384809)
5
catalogue
1 (33, 0.15441891000763924)
2 (12, 0.11423710936371809)
3 (5, 0.0898626115693502)
4 (34, 0.06774577023428524)
5 (0, 0.0668267333455517)
6 (32, 0.06098727827260196)
7 (29, 0.052664887176959184)
8 (10, 0.05070722011051633)
9 (22, 0.04705442332359217)
10 (13, 0.041183209308365484)
11 (19, 0.041183209308365484)
12 (11, 0.02877138753782753)
13 (35, 0.019896850080173233)
14 (15, 0.013369453844253592)
15 (3, 0.011391811706251469)
16 (8, 0.011107832312410594)
17 (25, 0.011107832312410594)
18 (30, 0.010351639535863379)
19 (31, 0.008031602748058066)
20 (21, 0.0075538901204729)
21 (2, 0.007302945047697058)
22 (17, 0.007092579580240437)
23 (16, 0.006511390102843234)
24 (6, 0.005900410892566062)
25 (23, 0.005770986748337155)
26 (7, 0.005603101151726364)
27 (28, 0.00559814902905378)
28 (1, 0.005307419469874395)
29 (4, 0.005307419469874395)
30 (9, 0.005307419469874395)
31 (14, 0.005307419469874395)
32 (18, 0.005307419469874395)
33 (20, 0.005307419469874395)
34 (24, 0.005307419469874395)
35 (26, 0.005307419469874395)
36 (27, 0.005307419469874395)
6
catalogue
1 (34, 0.1288116154837565)
2 (0, 0.10232305263060532)
3 (22, 0.08825846576453021)
4 (15, 0.08200722557096478)
5 (10, 0.08192591832606112)
6 (11, 0.06287568653380154)
7 (35, 0.054557989041654806)
8 (25, 0.03995970040019841)
9 (3, 0.03930148369668409)
10 (13, 0.03930148369668409)
11 (6, 0.034508486132378065)
12 (32, 0.03397177184987977)
13 (12, 0.03358274993064281)
14 (5, 0.022065428639430354)
15 (29, 0.01720539119742669)
16 (33, 0.012464686207114155)
17 (30, 0.01089608936389784)
18 (8, 0.010425477624286294)
19 (19, 0.010425477624286294)
20 (31, 0.00779400633101021)
21 (21, 0.007311903643581356)
22 (17, 0.006401327453228406)
23 (2, 0.006337332581016063)
24 (23, 0.005515663741166068)
25 (26, 0.005457543423944114)
26 (7, 0.005356385336950876)
27 (1, 0.005095765777481966)
28 (4, 0.005095765777481966)
29 (9, 0.005095765777481966)
30 (14, 0.005095765777481966)
31 (16, 0.005095765777481966)
32 (18, 0.005095765777481966)
33 (20, 0.005095765777481966)
34 (24, 0.005095765777481966)
35 (27, 0.005095765777481966)
36 (28, 0.005095765777481966)
7
catalogue
1 (33, 0.13815277905043066)
2 (12, 0.12735948619882204)
3 (0, 0.10758106193087406)
4 (22, 0.08456922818013714)
5 (34, 0.0800141968752575)
6 (10, 0.07195959615959752)
7 (11, 0.04887621181139947)
8 (3, 0.04228348203693358)
9 (13, 0.04127286006467363)
10 (32, 0.03547495667208102)
11 (35, 0.020512389232804636)
12 (5, 0.01931027790617069)
13 (25, 0.018435296450239877)
14 (29, 0.01751064342110076)
15 (19, 0.011331094920232857)
16 (8, 0.011119146893404772)
17 (30, 0.009627321700362856)
18 (15, 0.008753883336332242)
19 (26, 0.008681732238136513)
20 (31, 0.007487248568980728)
21 (21, 0.007178142124451805)
22 (17, 0.006667677264321948)
23 (6, 0.005768076156368703)
24 (23, 0.005707820784048859)
25 (2, 0.005604076252613714)
26 (7, 0.005548878762100913)
27 (1, 0.005321243500812154)
28 (4, 0.005321243500812154)
29 (9, 0.005321243500812154)
30 (14, 0.005321243500812154)
31 (16, 0.005321243500812154)
32 (18, 0.005321243500812154)
33 (20, 0.005321243500812154)
34 (24, 0.005321243500812154)
35 (27, 0.005321243500812154)
36 (28, 0.005321243500812154)
8
catalogue
1 (33, 0.1460078766110615)
2 (12, 0.1439270347041982)
3 (0, 0.09378349955695486)
4 (6, 0.09208190750772727)
5 (10, 0.06293780971286941)
6 (29, 0.051720820097545646)
7 (35, 0.05043174677071348)
8 (13, 0.041426542904565135)
9 (11, 0.04066540349319736)
10 (22, 0.03761661790569378)
11 (32, 0.03561085135795007)
12 (5, 0.016552851337286772)
13 (30, 0.014698261081885745)
14 (15, 0.013841324784834762)
15 (8, 0.011830342631627432)
16 (25, 0.011465529597613325)
17 (3, 0.01115731925030757)
18 (19, 0.01115731925030757)
19 (34, 0.009724960044550656)
20 (2, 0.008286062997569852)
21 (21, 0.008282414728583624)
22 (31, 0.007953046403673177)
23 (17, 0.006906052122841691)
24 (16, 0.00649988256593117)
25 (9, 0.0059559043032222665)
26 (23, 0.005792512231941681)
27 (7, 0.005611456712113221)
28 (1, 0.005341627703692513)
29 (4, 0.005341627703692513)
30 (14, 0.005341627703692513)
31 (18, 0.005341627703692513)
32 (20, 0.005341627703692513)
33 (24, 0.005341627703692513)
34 (26, 0.005341627703692513)
35 (27, 0.005341627703692513)
36 (28, 0.005341627703692513)
9
catalogue
1 (33, 0.20828708747979924)
2 (34, 0.12167787659500374)
3 (0, 0.11413713801917362)
4 (22, 0.08486774799187972)
5 (10, 0.07404765424268944)
6 (15, 0.061798799815744876)
7 (35, 0.056880717363746)
8 (11, 0.052176049221634345)
9 (25, 0.01984967487041234)
10 (29, 0.019220133254676277)
11 (3, 0.012906319232638503)
12 (5, 0.011376017677145259)
13 (8, 0.010812088112953953)
14 (13, 0.010812088112953953)
15 (19, 0.010812088112953953)
16 (12, 0.010170771822651798)
17 (26, 0.009072495139111967)
18 (30, 0.008285398583315305)
19 (21, 0.007963595277577186)
20 (31, 0.006993043542383783)
21 (17, 0.006591015396898338)
22 (4, 0.006127805149574508)
23 (2, 0.005898031146237221)
24 (6, 0.005663175105170594)
25 (23, 0.005573875307255191)
26 (16, 0.0055550240996783675)
27 (7, 0.005453730841978871)
28 (1, 0.005221173164973519)
29 (9, 0.005221173164973519)
30 (14, 0.005221173164973519)
31 (18, 0.005221173164973519)
32 (20, 0.005221173164973519)
33 (24, 0.005221173164973519)
34 (27, 0.005221173164973519)
35 (28, 0.005221173164973519)
36 (32, 0.005221173164973519)
10
catalogue
1 (12, 0.21942710653459674)
2 (0, 0.1494511093881142)
3 (10, 0.10433861455491451)
4 (34, 0.07836582995527328)
5 (11, 0.07080540724611122)
6 (13, 0.048814312117448584)
7 (4, 0.04820646792797426)
8 (32, 0.03690241774792085)
9 (5, 0.02239108243662634)
10 (35, 0.017934167559210238)
11 (29, 0.016196644835347895)
12 (25, 0.012654548639236205)
13 (8, 0.011769190711201024)
14 (19, 0.011769190711201024)
15 (33, 0.011121759650735516)
16 (3, 0.010002473393964793)
17 (15, 0.009485364093010332)
18 (22, 0.009030809718820617)
19 (30, 0.008539364191008807)
20 (31, 0.008322892112139999)
21 (21, 0.007993792869036585)
22 (17, 0.00688764987720649)
23 (6, 0.00603891309408372)
24 (26, 0.0060076873284246055)
25 (23, 0.005970794047002412)
26 (2, 0.005961618938031255)
27 (7, 0.005792526361665309)
28 (1, 0.005535362662188129)
29 (9, 0.005535362662188129)
30 (14, 0.005535362662188129)
31 (16, 0.005535362662188129)
32 (18, 0.005535362662188129)
33 (20, 0.005535362662188129)
34 (24, 0.005535362662188129)
35 (27, 0.005535362662188129)
36 (28, 0.005535362662188129)
-----one service finish-----
3
1
orders
1 (16, 0.19033292606090077)
2 (5, 0.12247850611957395)
3 (0, 0.08760657076568647)
4 (13, 0.08036156659574162)
5 (11, 0.06320799181919337)
6 (9, 0.04625146455034328)
7 (14, 0.0461853360179487)
8 (10, 0.04546736702742115)
9 (26, 0.041321252903501623)
10 (6, 0.04018724624850614)
11 (12, 0.035719624340343266)
12 (15, 0.01988626752652085)
13 (32, 0.015685090739848886)
14 (3, 0.015098232581580844)
15 (27, 0.013910906421774765)
16 (23, 0.012675536736437192)
17 (18, 0.011186744874197808)
18 (33, 0.008026134954051023)
19 (25, 0.007639631928872826)
20 (29, 0.007635065049911603)
21 (7, 0.007468461903411276)
22 (19, 0.007155360093872508)
23 (4, 0.007065645246886596)
24 (28, 0.007009847458012743)
25 (20, 0.006709790903609495)
26 (2, 0.006326121276925014)
27 (1, 0.0059251637318657804)
28 (8, 0.0059251637318657804)
29 (17, 0.0059251637318657804)
30 (21, 0.0059251637318657804)
31 (22, 0.0059251637318657804)
32 (24, 0.0059251637318657804)
33 (30, 0.0059251637318657804)
34 (31, 0.0059251637318657804)
2
orders
1 (10, 0.11659068823870919)
2 (5, 0.11386987668667815)
3 (6, 0.10077839402844341)
4 (16, 0.08427676116998452)
5 (0, 0.06956223329183353)
6 (18, 0.05985286895322173)
7 (3, 0.05458568044697385)
8 (11, 0.05226898115761917)
9 (15, 0.04497818764353005)
10 (9, 0.043054696201001566)
11 (12, 0.043054696201001566)
12 (26, 0.037423285437505505)
13 (14, 0.023505429540012637)
14 (4, 0.014097211437993473)
15 (24, 0.013070332817438288)
16 (27, 0.012460338945137265)
17 (33, 0.011378295504238366)
18 (19, 0.008643379223474773)
19 (29, 0.006976858582472561)
20 (7, 0.006806935040398017)
21 (21, 0.006779423938926849)
22 (25, 0.006504696701788214)
23 (28, 0.006389931382451383)
24 (32, 0.006268536540492279)
25 (20, 0.006100331721289681)
26 (23, 0.00597764826490973)
27 (2, 0.005831457890440119)
28 (1, 0.005558977573147717)
29 (8, 0.005558977573147717)
30 (13, 0.005558977573147717)
31 (17, 0.005558977573147717)
32 (22, 0.005558977573147717)
33 (30, 0.005558977573147717)
34 (31, 0.005558977573147717)
3
orders
1 (16, 0.15701136090677334)
2 (0, 0.09677030702904957)
3 (11, 0.09241528288156231)
4 (14, 0.07049000292008763)
5 (15, 0.0687076898803631)
6 (12, 0.06591843995103137)
7 (3, 0.046098173318499795)
8 (9, 0.046098173318499795)
9 (10, 0.045991534089515555)
10 (26, 0.04020779636682331)
11 (6, 0.04013877869131281)
12 (5, 0.03843427253667727)
13 (13, 0.023208026174523496)
14 (32, 0.015279385002224697)
15 (18, 0.014115799450554271)
16 (27, 0.013846965470435063)
17 (23, 0.012626329778701215)
18 (21, 0.007993381786598678)
19 (29, 0.007713260041828906)
20 (25, 0.00755958801017697)
21 (7, 0.007530594423734706)
22 (33, 0.007437446446793591)
23 (19, 0.007211803757451841)
24 (28, 0.006976263243949273)
25 (20, 0.006678584782676598)
26 (2, 0.006286392389850986)
27 (1, 0.005906795918787985)
28 (4, 0.005906795918787985)
29 (8, 0.005906795918787985)
30 (17, 0.005906795918787985)
31 (22, 0.005906795918787985)
32 (24, 0.005906795918787985)
33 (30, 0.005906795918787985)
34 (31, 0.005906795918787985)
4
orders
1 (16, 0.14225636063253622)
2 (0, 0.12303265499382336)
3 (18, 0.09604254585726066)
4 (15, 0.09115724773940798)
5 (12, 0.06433139507656181)
6 (14, 0.06158660479361003)
7 (26, 0.05460042924113527)
8 (32, 0.050259648026838466)
9 (3, 0.04687347947223821)
10 (11, 0.04486340032490655)
11 (5, 0.03185580594016534)
12 (13, 0.022144112171388838)
13 (27, 0.014359790437852201)
14 (9, 0.012489021108064019)
15 (23, 0.012489021108064016)
16 (10, 0.011875984499983276)
17 (21, 0.009409322036463236)
18 (25, 0.007910931160919997)
19 (33, 0.007893304174874131)
20 (28, 0.006994335313938131)
21 (4, 0.006875655109677233)
22 (19, 0.006753172905552254)
23 (29, 0.0066759616342762125)
24 (20, 0.006582262610963644)
25 (7, 0.006577687086702615)
26 (17, 0.006423808003108103)
27 (6, 0.006258152137041097)
28 (2, 0.006235261493363933)
29 (1, 0.005865440818213875)
30 (8, 0.005865440818213875)
31 (22, 0.005865440818213875)
32 (24, 0.005865440818213875)
33 (30, 0.005865440818213875)
34 (31, 0.005865440818213875)
5
orders
1 (16, 0.14356455195193538)
2 (5, 0.11815951600278311)
3 (11, 0.1169596908920328)
4 (0, 0.08565907394668125)
5 (14, 0.05194012924257176)
6 (6, 0.049841174061822056)
7 (3, 0.049114353946109655)
8 (9, 0.04639718095092848)
9 (13, 0.04639718095092848)
10 (10, 0.0458843969067756)
11 (26, 0.041236494682814914)
12 (15, 0.02425794758783776)
13 (32, 0.016007422962320935)
14 (18, 0.015045918159222604)
15 (27, 0.014334792404419282)
16 (23, 0.012734213466774617)
17 (7, 0.008589499603180938)
18 (33, 0.008201511395314505)
19 (21, 0.00815807374074337)
20 (25, 0.0078035858958330154)
21 (19, 0.007424493192739033)
22 (28, 0.007336083078837858)
23 (4, 0.007214061545795181)
24 (20, 0.006885203996984314)
25 (29, 0.00688485108833284)
26 (2, 0.006444408956886552)
27 (1, 0.005940523673674212)
28 (8, 0.005940523673674212)
29 (12, 0.005940523673674212)
30 (17, 0.005940523673674212)
31 (22, 0.005940523673674212)
32 (24, 0.005940523673674212)
33 (30, 0.005940523673674212)
34 (31, 0.005940523673674212)
6
orders
1 (16, 0.14656372261118444)
2 (0, 0.12909728377292493)
3 (26, 0.09128565060574514)
4 (14, 0.0911448288783288)
5 (12, 0.07565372282893672)
6 (5, 0.05914072720931475)
7 (3, 0.04920049626365671)
8 (18, 0.04719196729923051)
9 (11, 0.044716646539728455)
10 (6, 0.039482727799427304)
11 (13, 0.023601584364736874)
12 (15, 0.020814169229840054)
13 (27, 0.01580523329412232)
14 (32, 0.013899852312077972)
15 (9, 0.012372633680661957)
16 (23, 0.012372633680661957)
17 (10, 0.011581765534588619)
18 (21, 0.0090931789350258)
19 (28, 0.008894425009953482)
20 (4, 0.007972426629321558)
21 (29, 0.007684229379342559)
22 (7, 0.007441701763013983)
23 (25, 0.007309763269174618)
24 (33, 0.007193495522710642)
25 (19, 0.006785841258431121)
26 (20, 0.00665038724603121)
27 (2, 0.006213969610098887)
28 (1, 0.005833562210246966)
29 (8, 0.005833562210246966)
30 (17, 0.005833562210246966)
31 (22, 0.005833562210246966)
32 (24, 0.005833562210246966)
33 (30, 0.005833562210246966)
34 (31, 0.005833562210246966)
7
orders
1 (10, 0.14323758362148917)
2 (11, 0.10366826868782608)
3 (0, 0.09733720789650181)
4 (5, 0.08762234439409061)
5 (14, 0.06398593843472919)
6 (3, 0.046840741545727746)
7 (13, 0.04673571582650552)
8 (18, 0.04655958703774495)
9 (9, 0.045393346365449096)
10 (26, 0.04057323510109155)
11 (6, 0.0396044926351046)
12 (1, 0.03884880474203586)
13 (15, 0.03591007264284898)
14 (27, 0.014158799542940907)
15 (16, 0.013909930430445229)
16 (23, 0.012371862334718613)
17 (32, 0.012371862334718613)
18 (7, 0.008445112963931911)
19 (25, 0.007646757472041507)
20 (28, 0.007411040279673538)
21 (4, 0.007109133527366377)
22 (12, 0.007017030553191677)
23 (19, 0.0068609318340931)
24 (29, 0.006788327081478558)
25 (20, 0.006708729569353064)
26 (2, 0.006264577454458675)
27 (8, 0.00582732071130538)
28 (17, 0.00582732071130538)
29 (21, 0.00582732071130538)
30 (22, 0.00582732071130538)
31 (24, 0.00582732071130538)
32 (30, 0.00582732071130538)
33 (31, 0.00582732071130538)
34 (33, 0.00582732071130538)
8
orders
1 (16, 0.18079657046211464)
2 (5, 0.14157180377677572)
3 (11, 0.10776715856620385)
4 (0, 0.09843193827095055)
5 (18, 0.07394780549686868)
6 (14, 0.05319461333813607)
7 (9, 0.04431904312245515)
8 (12, 0.04431904312245515)
9 (26, 0.03969895059602041)
10 (15, 0.02699816830323384)
11 (3, 0.01478793587212816)
12 (27, 0.013411714380845497)
13 (32, 0.013289413782176424)
14 (10, 0.012441117310645178)
15 (23, 0.011971819253076122)
16 (7, 0.008326520966077453)
17 (21, 0.007854384112556583)
18 (25, 0.0074561958860970825)
19 (29, 0.007143776310070758)
20 (4, 0.007045824494175051)
21 (28, 0.007013079661235797)
22 (19, 0.00700235267741476)
23 (20, 0.006574815329080725)
24 (33, 0.0063933473669223854)
25 (6, 0.006390884826190198)
26 (2, 0.006185053724029363)
27 (1, 0.0057083336240080634)
28 (8, 0.0057083336240080634)
29 (13, 0.0057083336240080634)
30 (17, 0.0057083336240080634)
31 (22, 0.0057083336240080634)
32 (24, 0.0057083336240080634)
33 (30, 0.0057083336240080634)
34 (31, 0.0057083336240080634)
9
orders
1 (16, 0.12182221427925558)
2 (5, 0.09877523991376673)
3 (0, 0.08999581520939579)
4 (18, 0.08828331287906926)
5 (12, 0.07134169262081372)
6 (15, 0.05617541369058169)
7 (3, 0.049123012817231936)
8 (9, 0.049123012817231936)
9 (11, 0.045584395059306754)
10 (26, 0.043633044160649115)
11 (6, 0.04224363708358433)
12 (14, 0.02871666920106843)
13 (13, 0.024708635669301503)
14 (32, 0.018712131057148224)
15 (10, 0.016719430983227056)
16 (27, 0.015369053094941987)
17 (21, 0.013746069139349608)
18 (23, 0.013746069139349608)
19 (25, 0.009253718564311278)
20 (33, 0.008757882681166682)
21 (28, 0.007594487438581752)
22 (29, 0.007415921058881439)
23 (7, 0.007247245010258684)
24 (20, 0.007239127509634805)
25 (19, 0.007232170585680624)
26 (17, 0.007016586427948652)
27 (2, 0.006723081482643505)
28 (1, 0.006242990060802765)
29 (4, 0.006242990060802765)
30 (8, 0.006242990060802765)
31 (22, 0.006242990060802765)
32 (24, 0.006242990060802765)
33 (30, 0.006242990060802765)
34 (31, 0.006242990060802765)
10
orders
1 (16, 0.1886308758611251)
2 (0, 0.12066365001086599)
3 (12, 0.09219138092891363)
4 (15, 0.08539895664451326)
5 (3, 0.06101127773173051)
6 (6, 0.05228415966726942)
7 (32, 0.051560236646898884)
8 (14, 0.050740377322883216)
9 (10, 0.044920091782361074)
10 (11, 0.026454014270818473)
11 (5, 0.02120321651506568)
12 (13, 0.01845393571473843)
13 (18, 0.01566570814179934)
14 (27, 0.014333600805852217)
15 (23, 0.014110203669938174)
16 (21, 0.012960659505866922)
17 (4, 0.01251111633414212)
18 (9, 0.01032193897045314)
19 (33, 0.008282913929032638)
20 (25, 0.007599507324795547)
21 (19, 0.007293198946542633)
22 (26, 0.0070839599540264715)
23 (28, 0.006789467755922933)
24 (29, 0.006727207400162246)
25 (7, 0.006672454830566048)
26 (20, 0.00665432388627442)
27 (24, 0.006562038926092526)
28 (17, 0.006518502550222194)
29 (2, 0.006341196702581952)
30 (1, 0.006011965453708952)
31 (8, 0.006011965453708952)
32 (22, 0.006011965453708952)
33 (30, 0.006011965453708952)
34 (31, 0.006011965453708952)
-----one service finish-----
4
1
carts
1 (33, 0.11841595779425775)
2 (10, 0.08445168888774139)
3 (0, 0.08067971979710165)
4 (30, 0.07937889413008645)
5 (32, 0.06670638808359268)
6 (21, 0.0549483973707667)
7 (22, 0.05176872766468097)
8 (14, 0.04755834599152953)
9 (31, 0.045740265945261906)
10 (6, 0.04421778495509462)
11 (25, 0.03748975158505813)
12 (15, 0.037489686718625174)
13 (12, 0.03677081653847187)
14 (11, 0.03528445420547251)
15 (34, 0.03210014229568262)
16 (35, 0.014216108880030815)
17 (19, 0.010891015776776041)
18 (3, 0.01056164314998513)
19 (8, 0.00982105055361856)
20 (1, 0.008571186147606165)
21 (20, 0.008005212961013867)
22 (36, 0.00682947219857624)
23 (28, 0.005905085098251842)
24 (26, 0.005766356435324074)
25 (18, 0.0055903551254664514)
26 (23, 0.005586404383433162)
27 (27, 0.005534784966974979)
28 (5, 0.0054769683885608714)
29 (17, 0.005164380082495762)
30 (9, 0.005141163531208768)
31 (2, 0.005010061737151552)
32 (13, 0.004982211499377993)
33 (4, 0.004965460513302121)
34 (7, 0.0047450141518554315)
35 (16, 0.0047450141518554315)
36 (24, 0.0047450141518554315)
37 (29, 0.0047450141518554315)
2
carts
1 (19, 0.1349169506510509)
2 (20, 0.09657209305321177)
3 (32, 0.08587192984415411)
4 (21, 0.07942819190138219)
5 (35, 0.05503403093607202)
6 (14, 0.05248321662521367)
7 (0, 0.04903801069386789)
8 (33, 0.04285013713343148)
9 (10, 0.039224388859992486)
10 (12, 0.036789980760173986)
11 (11, 0.03662007698038639)
12 (25, 0.03650264788875129)
13 (1, 0.03583879111486659)
14 (36, 0.03256616475903297)
15 (15, 0.02311064857301807)
16 (6, 0.02290297952269306)
17 (22, 0.01586110775362399)
18 (30, 0.01098576674491918)
19 (8, 0.009667666730869096)
20 (34, 0.009648461968034538)
21 (3, 0.009241250914556942)
22 (28, 0.007091653547227282)
23 (18, 0.005874120725509715)
24 (5, 0.005726175193534816)
25 (27, 0.005665984924853716)
26 (23, 0.005655195985384334)
27 (26, 0.005426428350311397)
28 (17, 0.005330379167520685)
29 (31, 0.005291132431258866)
30 (13, 0.005195899879434617)
31 (9, 0.005130209212858362)
32 (2, 0.005030806298759044)
33 (4, 0.004685504174808913)
34 (7, 0.004685504174808913)
35 (16, 0.004685504174808913)
36 (24, 0.004685504174808913)
37 (29, 0.004685504174808913)
3
carts
1 (33, 0.09359710943521954)
2 (32, 0.06853741548700652)
3 (27, 0.0663283174353528)
4 (22, 0.06579564406954222)
5 (10, 0.06508035847827587)
6 (21, 0.06237698490022009)
7 (34, 0.06017677243067388)
8 (28, 0.059104052196586265)
9 (0, 0.04832545101446001)
10 (14, 0.042099524509748375)
11 (20, 0.03797966677601856)
12 (30, 0.03686411623628696)
13 (13, 0.03596720452841767)
14 (11, 0.03359979234282875)
15 (4, 0.02807615387095484)
16 (1, 0.027599143706421848)
17 (6, 0.02075652858414539)
18 (9, 0.018682898025044133)
19 (15, 0.016325100892565968)
20 (8, 0.014083925294853947)
21 (36, 0.011645818000662769)
22 (26, 0.009779668152831914)
23 (19, 0.006172903743831219)
24 (5, 0.005723444729982016)
25 (23, 0.005588463335417181)
26 (35, 0.005557154681347802)
27 (18, 0.005521759838954261)
28 (31, 0.005220583525879385)
29 (3, 0.005202736189091938)
30 (2, 0.005133117753842499)
31 (17, 0.005081537063136176)
32 (12, 0.005043666447983337)
33 (7, 0.00459459726448319)
34 (16, 0.00459459726448319)
35 (24, 0.00459459726448319)
36 (25, 0.00459459726448319)
37 (29, 0.00459459726448319)
4
carts
1 (6, 0.1604965370845465)
2 (19, 0.09044471985258312)
3 (25, 0.08474233085028432)
4 (10, 0.0676157624016574)
5 (14, 0.06524792415981025)
6 (20, 0.06126372638001923)
7 (0, 0.06035345018821729)
8 (1, 0.052186179665848216)
9 (26, 0.04891313890609132)
10 (15, 0.043495117378996806)
11 (30, 0.04205601716626751)
12 (3, 0.040533487699033595)
13 (22, 0.022156754418159542)
14 (35, 0.018004404907521986)
15 (12, 0.009723385989263736)
16 (8, 0.009517719509992428)
17 (36, 0.008072092787712128)
18 (34, 0.007793244369749765)
19 (11, 0.0074292531437976225)
20 (31, 0.007405761952681773)
21 (33, 0.007270915330260617)
22 (4, 0.006692255578221431)
23 (21, 0.00661607285031966)
24 (32, 0.006595635896466661)
25 (28, 0.005919690416661737)
26 (23, 0.005256506996167112)
27 (27, 0.0052314178282741345)
28 (5, 0.0052243955470829976)
29 (13, 0.005155858613680409)
30 (18, 0.005015521071377055)
31 (9, 0.004941522867220733)
32 (2, 0.0049072891176664)
33 (17, 0.004899134723650942)
34 (7, 0.004705693587678892)
35 (16, 0.004705693587678892)
36 (24, 0.004705693587678892)
37 (29, 0.004705693587678892)
5
carts
1 (6, 0.07932611891871813)
2 (19, 0.07454296408094155)
3 (30, 0.06059395067873059)
4 (27, 0.06003445063822931)
5 (35, 0.0586184458660376)
6 (32, 0.057279596175219265)
7 (21, 0.052859103757922146)
8 (0, 0.04719306758441406)
9 (33, 0.044813480650776186)
10 (14, 0.04182167812791849)
11 (20, 0.041336663137067554)
12 (22, 0.040386703597336614)
13 (25, 0.03803071588493304)
14 (15, 0.03377303073543439)
15 (11, 0.03359790041390371)
16 (34, 0.03113667989669023)
17 (31, 0.02636492722202374)
18 (36, 0.02436225528528117)
19 (10, 0.022131052422093875)
20 (8, 0.019481755920241563)
21 (9, 0.014977799692066666)
22 (3, 0.012122751028977955)
23 (12, 0.01012898533788657)
24 (1, 0.007282765127260128)
25 (28, 0.00639909558247708)
26 (26, 0.005972703734515551)
27 (4, 0.005619180582778674)
28 (18, 0.005353778571702866)
29 (23, 0.005336820150531903)
30 (5, 0.005253050164187638)
31 (13, 0.0051911180889947705)
32 (17, 0.004979904824240391)
33 (2, 0.004885947846841502)
34 (7, 0.004702889568406268)
35 (16, 0.004702889568406268)
36 (24, 0.004702889568406268)
37 (29, 0.004702889568406268)
6
carts
1 (1, 0.11825718291482057)
2 (33, 0.08030006309564248)
3 (32, 0.08001669665209243)
4 (19, 0.07814943772679235)
5 (10, 0.06859251056768685)
6 (20, 0.06804171372816117)
7 (14, 0.06170532671888458)
8 (0, 0.05576681537126793)
9 (21, 0.051506066947451336)
10 (30, 0.038812317114649816)
11 (12, 0.03751361684788821)
12 (25, 0.037319566213574)
13 (6, 0.03246862643994852)
14 (15, 0.030230950378942953)
15 (22, 0.0157946748893801)
16 (35, 0.014959848730184754)
17 (3, 0.010700216618802168)
18 (8, 0.009960303637933222)
19 (34, 0.009576534276545968)
20 (11, 0.007725325934427342)
21 (28, 0.006956901823957689)
22 (36, 0.006728033977499697)
23 (18, 0.005754290996701463)
24 (23, 0.0057036681664275135)
25 (27, 0.0057028001987598)
26 (5, 0.005663561569775643)
27 (26, 0.005532356859053309)
28 (31, 0.005387338972299545)
29 (17, 0.005294476258285584)
30 (13, 0.005262851745101563)
31 (9, 0.005222920731671634)
32 (2, 0.0050712648003869275)
33 (24, 0.005017751109958372)
34 (4, 0.004980056166860508)
35 (7, 0.004774643939394665)
36 (16, 0.004774643939394665)
37 (29, 0.004774643939394665)
7
carts
1 (32, 0.15345448607695208)
2 (10, 0.1186456762695022)
3 (0, 0.08554448045809392)
4 (1, 0.07585558371800052)
5 (25, 0.07483092126889199)
6 (19, 0.05002894048162039)
7 (14, 0.04674797426401758)
8 (21, 0.04297637521538326)
9 (22, 0.0360799891816583)
10 (12, 0.03339198416619417)
11 (28, 0.032679529711314374)
12 (6, 0.03086152430988171)
13 (34, 0.025424503167241073)
14 (15, 0.020625583582888702)
15 (11, 0.019960526525650956)
16 (35, 0.016358783029914763)
17 (33, 0.01551633959293924)
18 (30, 0.011792025455927986)
19 (3, 0.01033337422739582)
20 (8, 0.009363026571968974)
21 (36, 0.006884095295199721)
22 (20, 0.00649494580059452)
23 (26, 0.005886238532004747)
24 (31, 0.005864223572018902)
25 (17, 0.005581842518365091)
26 (23, 0.005336499736319126)
27 (27, 0.005328509641371655)
28 (5, 0.005287300242630451)
29 (18, 0.005148124319820031)
30 (4, 0.005024682872155874)
31 (9, 0.0049473219597337475)
32 (13, 0.004743510637326271)
33 (2, 0.004600215519404392)
34 (7, 0.004600215519404392)
35 (16, 0.004600215519404392)
36 (24, 0.004600215519404392)
37 (29, 0.004600215519404392)
8
carts
1 (32, 0.14724455577507428)
2 (1, 0.08682519772360973)
3 (0, 0.08477974312719617)
4 (10, 0.07084787748956485)
5 (14, 0.07067544304010835)
6 (12, 0.06492052103648191)
7 (13, 0.05234248544998719)
8 (21, 0.043363536572645675)
9 (30, 0.04132859101198869)
10 (33, 0.03898880474648711)
11 (25, 0.038014192038908705)
12 (15, 0.03788034142334774)
13 (22, 0.02955085425650149)
14 (35, 0.018474507935463652)
15 (20, 0.017666397156004914)
16 (34, 0.01616193971562858)
17 (19, 0.015851261964312073)
18 (6, 0.010675732915153469)
19 (3, 0.009837995097176757)
20 (36, 0.008518033532291478)
21 (8, 0.008212517141290737)
22 (11, 0.00795266023499938)
23 (31, 0.0069054812511954574)
24 (26, 0.0061304455644182075)
25 (28, 0.005763159765410924)
26 (18, 0.005487265797312468)
27 (23, 0.005456611248256428)
28 (5, 0.005386614681949957)
29 (27, 0.005375886725627287)
30 (4, 0.005328841654728243)
31 (9, 0.005070021613098553)
32 (17, 0.005059940271247437)
33 (2, 0.004962210286585486)
34 (7, 0.004740082938986623)
35 (16, 0.004740082938986623)
36 (24, 0.004740082938986623)
37 (29, 0.004740082938986623)
9
carts
1 (33, 0.07708441895139857)
2 (6, 0.0763728577494645)
3 (14, 0.07068289635362861)
4 (32, 0.06917685312468748)
5 (0, 0.06740361081810424)
6 (21, 0.06581475284340048)
7 (25, 0.056124806301794825)
8 (19, 0.044984490136903)
9 (15, 0.044076531255743054)
10 (26, 0.04302728688648025)
11 (34, 0.04152302266559932)
12 (22, 0.03950579493848914)
13 (10, 0.0374993053317944)
14 (30, 0.03504634538602612)
15 (3, 0.032993074825148704)
16 (12, 0.03177450703324044)
17 (8, 0.0314026228737074)
18 (11, 0.02907555891696304)
19 (35, 0.013399184969302199)
20 (20, 0.011807367965426457)
21 (36, 0.006291265406091904)
22 (1, 0.00624277832653148)
23 (31, 0.005999640114015093)
24 (28, 0.0052199762758965065)
25 (5, 0.004774218124259548)
26 (4, 0.004772900126727852)
27 (17, 0.0045826911388419786)
28 (23, 0.004579959532678397)
29 (27, 0.004538441782844265)
30 (2, 0.0044812998661269395)
31 (13, 0.00446867643999233)
32 (9, 0.004357639180215626)
33 (18, 0.00434463651174431)
34 (7, 0.004142646961682859)
35 (16, 0.004142646961682859)
36 (24, 0.004142646961682859)
37 (29, 0.004142646961682859)
10
carts
1 (19, 0.07441861689970243)
2 (27, 0.06268332449695381)
3 (15, 0.062224991377090345)
4 (6, 0.062040095740280694)
5 (32, 0.06023144997838932)
6 (35, 0.059632830086385265)
7 (30, 0.05942226845881237)
8 (21, 0.055332297266612)
9 (0, 0.04922900963441919)
10 (14, 0.044133166288773416)
11 (22, 0.042401975349258686)
12 (20, 0.04035556202576685)
13 (25, 0.03770109875757142)
14 (11, 0.034154949737894104)
15 (34, 0.03253427510337831)
16 (31, 0.025625151324214227)
17 (36, 0.02506749411698183)
18 (10, 0.023671344335262634)
19 (8, 0.019633418152252276)
20 (33, 0.01743858876390288)
21 (9, 0.015094711755795069)
22 (3, 0.011553954322655534)
23 (12, 0.010135428195387958)
24 (1, 0.007536562291833169)
25 (26, 0.006021047995798688)
26 (28, 0.005801913573319039)
27 (5, 0.005543149820057756)
28 (18, 0.005541873194052357)
29 (23, 0.0054974472768582255)
30 (13, 0.0053097476391246205)
31 (4, 0.005138194453085299)
32 (17, 0.005072287328789112)
33 (2, 0.0049538192052705765)
34 (7, 0.004716988763517609)
35 (16, 0.004716988763517609)
36 (24, 0.004716988763517609)
37 (29, 0.004716988763517609)
-----one service finish-----
5
1
payment
1 (26, 0.21929635202850958)
2 (14, 0.12565752693120533)
3 (35, 0.10719794607876763)
4 (29, 0.09384667227667347)
5 (27, 0.06771411520844099)
6 (21, 0.04298496228610722)
7 (34, 0.037452876096092345)
8 (30, 0.03199254150638152)
9 (28, 0.02513153021484827)
10 (19, 0.019210457623310983)
11 (0, 0.016151734176810085)
12 (3, 0.014799162135618315)
13 (31, 0.01378096351150882)
14 (22, 0.013295246756605855)
15 (8, 0.013160441926021052)
16 (13, 0.013160441926021052)
17 (24, 0.013160441926021052)
18 (18, 0.010143106348327519)
19 (1, 0.009022448235833433)
20 (23, 0.008079532383188598)
21 (7, 0.007763340986714365)
22 (5, 0.007595188169389497)
23 (20, 0.007445230581884704)
24 (10, 0.007139874008139222)
25 (11, 0.00701563687031694)
26 (15, 0.0068857893599053015)
27 (4, 0.006746395621261384)
28 (2, 0.0065873564989862516)
29 (6, 0.005947836040888614)
30 (9, 0.005947836040888614)
31 (12, 0.005947836040888614)
32 (16, 0.005947836040888614)
33 (17, 0.005947836040888614)
34 (25, 0.005947836040888614)
35 (32, 0.005947836040888614)
36 (33, 0.005947836040888614)
2
payment
1 (28, 0.17688185757295105)
2 (22, 0.11677987570618643)
3 (27, 0.09528561514386956)
4 (14, 0.08598033780579055)
5 (32, 0.07019997020865278)
6 (29, 0.04966872205841817)
7 (19, 0.041350446196545924)
8 (23, 0.03717145761915873)
9 (21, 0.03534408274188131)
10 (35, 0.030692104424359993)
11 (0, 0.02627183979699134)
12 (26, 0.025970195637317225)
13 (10, 0.018571341670176253)
14 (31, 0.017664845857914977)
15 (34, 0.015291030052904234)
16 (3, 0.011173934102987261)
17 (24, 0.011125648914933214)
18 (8, 0.01087948112362129)
19 (13, 0.01087948112362129)
20 (20, 0.01070575943013639)
21 (16, 0.010631228590240608)
22 (30, 0.009781431587996953)
23 (1, 0.008377411190301344)
24 (5, 0.0074130990683410666)
25 (7, 0.006622948158155364)
26 (18, 0.005909167613890977)
27 (2, 0.005596226196662663)
28 (4, 0.005527357354495073)
29 (25, 0.005482361447607906)
30 (6, 0.005252963086270003)
31 (9, 0.005252963086270003)
32 (11, 0.005252963086270003)
33 (12, 0.005252963086270003)
34 (15, 0.005252963086270003)
35 (17, 0.005252963086270003)
36 (33, 0.005252963086270003)
3
payment
1 (19, 0.1454211010564788)
2 (32, 0.10010079483129555)
3 (28, 0.09336805379609164)
4 (22, 0.09103027384413366)
5 (14, 0.08721122829624467)
6 (27, 0.08440569440268525)
7 (29, 0.057751217584338224)
8 (24, 0.04003431874130835)
9 (35, 0.03916468022395022)
10 (0, 0.024991578677807293)
11 (26, 0.021165980016587004)
12 (10, 0.020228741268055968)
13 (34, 0.0185396897049687)
14 (31, 0.015245116443070339)
15 (30, 0.014037736477312558)
16 (20, 0.011984495014942085)
17 (16, 0.010847303573518888)
18 (3, 0.010824669142444983)
19 (8, 0.010600753513164371)
20 (13, 0.010600753513164371)
21 (1, 0.007424922903343982)
22 (5, 0.006936856815873711)
23 (23, 0.006468559634081443)
24 (7, 0.006321218345897038)
25 (21, 0.006253894916798873)
26 (18, 0.006251143977313734)
27 (33, 0.00572386436934496)
28 (2, 0.005400648157841409)
29 (4, 0.0053677218573033765)
30 (25, 0.005356397120950096)
31 (6, 0.005156765296614761)
32 (9, 0.005156765296614761)
33 (11, 0.005156765296614761)
34 (12, 0.005156765296614761)
35 (15, 0.005156765296614761)
36 (17, 0.005156765296614761)
4
payment
1 (26, 0.26422302694897837)
2 (14, 0.18571928058472434)
3 (27, 0.08274163888252259)
4 (29, 0.05669319752881948)
5 (19, 0.05028187307552691)
6 (35, 0.03308370063016503)
7 (22, 0.026264587040521654)
8 (31, 0.02462342040069712)
9 (28, 0.023321011473341122)
10 (0, 0.02156636239976551)
11 (20, 0.017495853795929238)
12 (30, 0.015694185126568682)
13 (34, 0.01410511529043847)
14 (3, 0.012326555680019927)
15 (1, 0.012117884386473298)
16 (18, 0.012024873032699997)
17 (8, 0.011707336048872486)
18 (13, 0.011707336048872486)
19 (24, 0.011707336048872486)
20 (10, 0.011177712835490695)
21 (23, 0.009203045305628047)
22 (5, 0.009057163502958872)
23 (21, 0.008411953460029853)
24 (7, 0.007397775540301373)
25 (2, 0.00611621445562621)
26 (4, 0.006069853750017935)
27 (6, 0.005516170672613797)
28 (9, 0.005516170672613797)
29 (11, 0.005516170672613797)
30 (12, 0.005516170672613797)
31 (15, 0.005516170672613797)
32 (16, 0.005516170672613797)
33 (17, 0.005516170672613797)
34 (25, 0.005516170672613797)
35 (32, 0.005516170672613797)
36 (33, 0.005516170672613797)
5
payment
1 (26, 0.24959645973589725)
2 (14, 0.16307219184558122)
3 (27, 0.06568245121087708)
4 (30, 0.059719087197065444)
5 (35, 0.05220307703557066)
6 (19, 0.04694342396893753)
7 (24, 0.04554163095415033)
8 (29, 0.04423004633804131)
9 (28, 0.02292815216382943)
10 (0, 0.020492747911731404)
11 (31, 0.019752567953065264)
12 (3, 0.013118644379417304)
13 (20, 0.012850567595395612)
14 (8, 0.012664884310269468)
15 (13, 0.012664884310269468)
16 (22, 0.012125133967530156)
17 (1, 0.011465099760668498)
18 (5, 0.011239023179926727)
19 (23, 0.010246735807259232)
20 (21, 0.009171928468651844)
21 (16, 0.008527429000570136)
22 (10, 0.008446347745958392)
23 (34, 0.007864060873802262)
24 (7, 0.007610504408619471)
25 (18, 0.006987576500457271)
26 (2, 0.006453712750981274)
27 (4, 0.006185621249900576)
28 (6, 0.005801778819508389)
29 (9, 0.005801778819508389)
30 (11, 0.005801778819508389)
31 (12, 0.005801778819508389)
32 (15, 0.005801778819508389)
33 (17, 0.005801778819508389)
34 (25, 0.005801778819508389)
35 (32, 0.005801778819508389)
36 (33, 0.005801778819508389)
6
payment
1 (10, 0.1229095872574223)
2 (24, 0.11118686338533333)
3 (19, 0.09733811718635298)
4 (26, 0.08338637329669708)
5 (16, 0.0709005243621502)
6 (14, 0.06768543476641825)
7 (0, 0.049668819764163326)
8 (27, 0.04812130055901993)
9 (29, 0.04403014397980473)
10 (8, 0.03876820855032916)
11 (13, 0.03876820855032916)
12 (32, 0.03513348987620484)
13 (28, 0.02055730767781614)
14 (22, 0.014416015719240456)
15 (1, 0.012411057799790142)
16 (31, 0.011541699319724699)
17 (35, 0.010916072563237672)
18 (23, 0.01074184045678425)
19 (3, 0.010244713620475944)
20 (21, 0.008549391372996271)
21 (20, 0.008446943761198592)
22 (7, 0.008250035359513793)
23 (5, 0.007241223390552253)
24 (30, 0.0071693956168700015)
25 (2, 0.0056541139419339775)
26 (18, 0.005627538577664194)
27 (4, 0.005033557928797628)
28 (6, 0.005033557928797628)
29 (9, 0.005033557928797628)
30 (11, 0.005033557928797628)
31 (12, 0.005033557928797628)
32 (15, 0.005033557928797628)
33 (17, 0.005033557928797628)
34 (25, 0.005033557928797628)
35 (33, 0.005033557928797628)
36 (34, 0.005033557928797628)
7
payment
1 (26, 0.21467003273935512)
2 (14, 0.1372736618753528)
3 (29, 0.08079460349625461)
4 (27, 0.0658605090231104)
5 (8, 0.04324489202449677)
6 (13, 0.04324489202449677)
7 (22, 0.04230510581932138)
8 (21, 0.04043572443852724)
9 (28, 0.03813947575026899)
10 (32, 0.036968245618469654)
11 (31, 0.02274806159577602)
12 (0, 0.022375238130653556)
13 (20, 0.019082441648267463)
14 (10, 0.015275773692672563)
15 (1, 0.013601025920564625)
16 (35, 0.012904207491715508)
17 (19, 0.012528349534571662)
18 (24, 0.012386748243315135)
19 (3, 0.011821883248797568)
20 (30, 0.010655306447488593)
21 (23, 0.009927323459500268)
22 (5, 0.009292701219207862)
23 (16, 0.008399425002602002)
24 (7, 0.007530450226275463)
25 (2, 0.006415598941110018)
26 (18, 0.006168008319861871)
27 (25, 0.006043182483031946)
28 (4, 0.005545236842770449)
29 (6, 0.005545236842770449)
30 (9, 0.005545236842770449)
31 (11, 0.005545236842770449)
32 (12, 0.005545236842770449)
33 (15, 0.005545236842770449)
34 (17, 0.005545236842770449)
35 (33, 0.005545236842770449)
36 (34, 0.005545236842770449)
8
payment
1 (26, 0.20519419862028648)
2 (14, 0.17155048209402865)
3 (29, 0.13488160514295272)
4 (19, 0.06050268038814499)
5 (27, 0.04314106211711389)
6 (28, 0.04052688572157928)
7 (22, 0.030553055269295745)
8 (30, 0.029319007255666833)
9 (31, 0.027082571001871027)
10 (18, 0.023182877120530004)
11 (0, 0.022869370840167713)
12 (35, 0.018650844261565547)
13 (3, 0.01352320459114947)
14 (24, 0.012638759428620784)
15 (8, 0.012347247683451492)
16 (13, 0.012347247683451492)
17 (1, 0.010366183587635656)
18 (20, 0.010067372280508777)
19 (5, 0.009934028407407227)
20 (21, 0.00870912425991614)
21 (23, 0.00870554469397034)
22 (34, 0.008301606995260126)
23 (10, 0.007846151186534814)
24 (7, 0.007518943107963977)
25 (2, 0.006610405624458062)
26 (4, 0.006302556247204126)
27 (25, 0.005959014321355126)
28 (6, 0.005707552229767719)
29 (9, 0.005707552229767719)
30 (11, 0.005707552229767719)
31 (12, 0.005707552229767719)
32 (15, 0.005707552229767719)
33 (16, 0.005707552229767719)
34 (17, 0.005707552229767719)
35 (32, 0.005707552229767719)
36 (33, 0.005707552229767719)
9
payment
1 (29, 0.1714217005709216)
2 (26, 0.15288857186670068)
3 (14, 0.13060675559958618)
4 (35, 0.06925984809152277)
5 (19, 0.06848954959908643)
6 (30, 0.06022613242438387)
7 (27, 0.056277219870385656)
8 (28, 0.0400616773973251)
9 (34, 0.03201861828018931)
10 (3, 0.013226114552962784)
11 (31, 0.013139047606959893)
12 (18, 0.01313027618958279)
13 (24, 0.012367331866447322)
14 (8, 0.012174019071060591)
15 (13, 0.012174019071060591)
16 (0, 0.012126171712938871)
17 (22, 0.010382455431207976)
18 (20, 0.008586544970647885)
19 (5, 0.007775965285430957)
20 (7, 0.0076474752351558825)
21 (21, 0.0075407753598611465)
22 (23, 0.006806876751232325)
23 (1, 0.006753546323306654)
24 (4, 0.006174522284215107)
25 (10, 0.006082583067241501)
26 (2, 0.005946338596098396)
27 (25, 0.00582263696959294)
28 (6, 0.005654802883877207)
29 (9, 0.005654802883877207)
30 (11, 0.005654802883877207)
31 (12, 0.005654802883877207)
32 (15, 0.005654802883877207)
33 (16, 0.005654802883877207)
34 (17, 0.005654802883877207)
35 (32, 0.005654802883877207)
36 (33, 0.005654802883877207)
10
payment
1 (28, 0.16903393548400314)
2 (27, 0.14590765519328605)
3 (14, 0.12048624576189587)
4 (29, 0.09285995023449678)
5 (22, 0.07939079978164838)
6 (32, 0.07267561638337527)
7 (34, 0.035030471958596265)
8 (26, 0.03176655960294913)
9 (0, 0.021361642003158595)
10 (31, 0.01974693093909507)
11 (35, 0.014596188595562568)
12 (30, 0.014515924712860824)
13 (20, 0.01343261454302792)
14 (19, 0.011714985687478054)
15 (3, 0.011251005644456193)
16 (25, 0.011209850313152808)
17 (8, 0.010962891732384466)
18 (13, 0.010962891732384466)
19 (10, 0.00901385160558133)
20 (1, 0.008564364747130352)
21 (5, 0.007574418617583019)
22 (23, 0.007135428647905783)
23 (16, 0.00677510025867269)
24 (21, 0.0067177183442188645)
25 (7, 0.006661578264582355)
26 (33, 0.0062049015549791595)
27 (18, 0.005990522504845819)
28 (2, 0.005651632022914898)
29 (4, 0.005557167803534179)
30 (24, 0.005518728959940384)
31 (6, 0.005288071060716542)
32 (9, 0.005288071060716542)
33 (11, 0.005288071060716542)
34 (12, 0.005288071060716542)
35 (15, 0.005288071060716542)
36 (17, 0.005288071060716542)
-----one service finish-----
6
1
shipping
1 (11, 0.19241526228753858)
2 (33, 0.14058499169011623)
3 (14, 0.10137801103097352)
4 (0, 0.08127340814223152)
5 (31, 0.08103231169493044)
6 (34, 0.04482269189986048)
7 (19, 0.04316285601019864)
8 (20, 0.04107277890074706)
9 (13, 0.04104709298000771)
10 (32, 0.037674185369753484)
11 (10, 0.01976507334644355)
12 (3, 0.015282176437749446)
13 (30, 0.012263098374548937)
14 (28, 0.011426647242231828)
15 (8, 0.010371051031933755)
16 (24, 0.010371051031933755)
17 (27, 0.009783560195419195)
18 (22, 0.008245140252529128)
19 (4, 0.00752386423739069)
20 (18, 0.006933487455301977)
21 (12, 0.00670913724955972)
22 (6, 0.006578487394955754)
23 (21, 0.006502658421795866)
24 (29, 0.005804178309031883)
25 (7, 0.005712672732506507)
26 (26, 0.005409454770174636)
27 (1, 0.005407067012426931)
28 (2, 0.005358518629739791)
29 (5, 0.005324618343144068)
30 (9, 0.005127411254137484)
31 (15, 0.005127411254137484)
32 (16, 0.005127411254137484)
33 (17, 0.005127411254137484)
34 (23, 0.005127411254137484)
35 (25, 0.005127411254137484)
2
shipping
1 (33, 0.20171311615661117)
2 (10, 0.14456301155284224)
3 (14, 0.10302426331532089)
4 (20, 0.08437400581365616)
5 (0, 0.07774874440116332)
6 (31, 0.05039585568869619)
7 (19, 0.04304941905606519)
8 (13, 0.04210985705192522)
9 (1, 0.03511911659340197)
10 (11, 0.03485222824428134)
11 (3, 0.014531947598773373)
12 (34, 0.011166949148307048)
13 (28, 0.010983733868721432)
14 (8, 0.010671984156002352)
15 (24, 0.010671984156002352)
16 (30, 0.009766822825277938)
17 (27, 0.00862706030683122)
18 (22, 0.008467017174574362)
19 (4, 0.007893145344950276)
20 (18, 0.006927943016544348)
21 (12, 0.00692160946302203)
22 (32, 0.006623362020415472)
23 (7, 0.005780589972046588)
24 (21, 0.0055448898205595065)
25 (29, 0.0055219017558299655)
26 (26, 0.005474593266890938)
27 (2, 0.005463387263571685)
28 (6, 0.00541662131121999)
29 (5, 0.005227834236642201)
30 (9, 0.005227834236642201)
31 (15, 0.005227834236642201)
32 (16, 0.005227834236642201)
33 (17, 0.005227834236642201)
34 (23, 0.005227834236642201)
35 (25, 0.005227834236642201)
3
shipping
1 (0, 0.15706842195375972)
2 (32, 0.14688533971266404)
3 (14, 0.12021746022757178)
4 (33, 0.1026067698084321)
5 (31, 0.08403563548149882)
6 (13, 0.044297384442928196)
7 (19, 0.042138220276696725)
8 (11, 0.03560916738296454)
9 (15, 0.03560916738296454)
10 (20, 0.030525252619632872)
11 (10, 0.016951972427210197)
12 (27, 0.012538666252740568)
13 (30, 0.012221226643488575)
14 (3, 0.011626990840115219)
15 (28, 0.011529341890296921)
16 (8, 0.010985532758131852)
17 (24, 0.010985532758131852)
18 (12, 0.008175833743516568)
19 (21, 0.008019789085377742)
20 (2, 0.007892185407377848)
21 (6, 0.007765687410963471)
22 (22, 0.007532627039113473)
23 (34, 0.00731856705204982)
24 (18, 0.006169032823062379)
25 (7, 0.006110515041074697)
26 (1, 0.005996902869053137)
27 (4, 0.00594448074341304)
28 (29, 0.005852670173656536)
29 (5, 0.005341375107444681)
30 (9, 0.005341375107444681)
31 (16, 0.005341375107444681)
32 (17, 0.005341375107444681)
33 (23, 0.005341375107444681)
34 (25, 0.005341375107444681)
35 (26, 0.005341375107444681)
4
shipping
1 (33, 0.26071672680746744)
2 (14, 0.09258142102144008)
3 (34, 0.08769484239072878)
4 (31, 0.052394767198311)
5 (0, 0.052114989180261015)
6 (19, 0.049302102878160954)
7 (32, 0.04029381199461612)
8 (11, 0.04018494495005749)
9 (1, 0.037813855598281584)
10 (15, 0.037590415885166484)
11 (20, 0.024369102128866678)
12 (10, 0.02428763756599783)
13 (3, 0.019612080821148875)
14 (13, 0.01450210373421916)
15 (28, 0.012220336289093045)
16 (8, 0.011939219665086726)
17 (24, 0.011939219665086726)
18 (27, 0.010741805412408642)
19 (30, 0.010673274626339598)
20 (18, 0.010568565795328902)
21 (4, 0.00975971370352077)
22 (22, 0.008434688866721564)
23 (12, 0.007926427463141678)
24 (6, 0.007388873061792652)
25 (21, 0.00724252552517243)
26 (7, 0.006707998297832049)
27 (29, 0.005890050411551987)
28 (2, 0.005638562382774973)
29 (5, 0.005638562382774973)
30 (9, 0.005638562382774973)
31 (16, 0.005638562382774973)
32 (17, 0.005638562382774973)
33 (23, 0.005638562382774973)
34 (25, 0.005638562382774973)
35 (26, 0.005638562382774973)
5
shipping
1 (33, 0.1877326103020323)
2 (0, 0.1007550060032204)
3 (14, 0.10043153643983575)
4 (32, 0.0786299963276076)
5 (31, 0.07342185647290911)
6 (34, 0.047900730694510195)
7 (13, 0.045268953524549356)
8 (19, 0.04201296307426339)
9 (11, 0.040646098926182775)
10 (1, 0.03555061529742179)
11 (15, 0.03498898244868812)
12 (20, 0.03224195741167002)
13 (10, 0.015320906208288862)
14 (27, 0.014657464475673157)
15 (3, 0.011171561541080975)
16 (30, 0.011157627413428661)
17 (8, 0.010742750576336998)
18 (24, 0.010742750576336998)
19 (28, 0.010742750576336998)
20 (12, 0.009794286011922336)
21 (6, 0.008673438579177368)
22 (22, 0.006678024435785917)
23 (18, 0.006366091253921194)
24 (7, 0.00593393742853461)
25 (4, 0.005655741522370294)
26 (26, 0.005546236172185962)
27 (2, 0.005248347367303219)
28 (5, 0.005248347367303219)
29 (9, 0.005248347367303219)
30 (16, 0.005248347367303219)
31 (17, 0.005248347367303219)
32 (21, 0.005248347367303219)
33 (23, 0.005248347367303219)
34 (25, 0.005248347367303219)
35 (29, 0.005248347367303219)
6
shipping
1 (27, 0.08257378329400382)
2 (33, 0.07087505061915192)
3 (11, 0.06948663065385477)
4 (21, 0.06628531935060368)
5 (2, 0.06344907820141167)
6 (0, 0.06248625455858689)
7 (10, 0.05945474456116535)
8 (20, 0.053458188159169306)
9 (13, 0.04900169025468221)
10 (3, 0.043809810965366035)
11 (19, 0.043809810965366035)
12 (14, 0.04331120104113356)
13 (26, 0.04022978922168458)
14 (1, 0.038648276031106224)
15 (15, 0.03751324555384522)
16 (31, 0.022386731027926824)
17 (6, 0.018994627403581283)
18 (8, 0.011923552244597594)
19 (24, 0.011923552244597594)
20 (28, 0.011923552244597594)
21 (12, 0.010268974859590184)
22 (30, 0.010107228752491492)
23 (22, 0.007528803705982594)
24 (7, 0.006895456735483672)
25 (5, 0.006613025418427013)
26 (32, 0.006398740433901878)
27 (4, 0.005626986833076783)
28 (9, 0.005626986833076783)
29 (16, 0.005626986833076783)
30 (17, 0.005626986833076783)
31 (18, 0.005626986833076783)
32 (23, 0.005626986833076783)
33 (25, 0.005626986833076783)
34 (29, 0.005626986833076783)
35 (34, 0.005626986833076783)
7
shipping
1 (33, 0.11694311045107636)
2 (20, 0.10313059688630281)
3 (21, 0.08876892377583362)
4 (0, 0.08670098091431319)
5 (14, 0.06518486142981873)
6 (10, 0.04774297908735668)
7 (13, 0.04551498819775409)
8 (27, 0.04412778544804098)
9 (19, 0.04295080606929026)
10 (3, 0.04214350732011495)
11 (31, 0.04131737407127282)
12 (11, 0.039530593548853805)
13 (34, 0.0393257114694352)
14 (15, 0.035473807701190255)
15 (32, 0.017501021414783786)
16 (28, 0.012243699976878925)
17 (8, 0.010971420977739699)
18 (24, 0.010971420977739697)
19 (30, 0.009656483071039343)
20 (12, 0.00942527117168775)
21 (6, 0.008857142027682126)
22 (7, 0.006636436493475234)
23 (18, 0.006572674763192642)
24 (2, 0.006483980587738564)
25 (4, 0.006267768170253879)
26 (22, 0.006020039405723796)
27 (1, 0.005944030252268093)
28 (5, 0.0058549705292881655)
29 (29, 0.005811186878783359)
30 (9, 0.005321071155178538)
31 (16, 0.005321071155178538)
32 (17, 0.005321071155178538)
33 (23, 0.005321071155178538)
34 (25, 0.005321071155178538)
35 (26, 0.005321071155178538)
8
shipping
1 (33, 0.25945171696156666)
2 (0, 0.10258629594830021)
3 (14, 0.09416172365694889)
4 (32, 0.0721745257890878)
5 (31, 0.05936582097037325)
6 (34, 0.04910332489007061)
7 (18, 0.044381818694048024)
8 (1, 0.03712804528123243)
9 (11, 0.03676922783311795)
10 (10, 0.027963150694297927)
11 (20, 0.019349795750570945)
12 (30, 0.014254324842840789)
13 (3, 0.014077632279450929)
14 (13, 0.013731521858985896)
15 (27, 0.012510149993907755)
16 (28, 0.012405124703075095)
17 (24, 0.011549907607425032)
18 (8, 0.011549907607425029)
19 (22, 0.00922247808867358)
20 (4, 0.007579463733081454)
21 (19, 0.007541488899149654)
22 (12, 0.007492723611482121)
23 (21, 0.0073040435841135384)
24 (29, 0.006293211704799051)
25 (2, 0.006157573136929694)
26 (7, 0.00598649774431765)
27 (6, 0.00578543073498655)
28 (5, 0.005515384174967694)
29 (9, 0.005515384174967694)
30 (15, 0.005515384174967694)
31 (16, 0.005515384174967694)
32 (17, 0.005515384174967694)
33 (23, 0.005515384174967694)
34 (25, 0.005515384174967694)
35 (26, 0.005515384174967694)
9
shipping
1 (32, 0.17436890912355701)
2 (20, 0.09284786364371093)
3 (0, 0.07161985990150598)
4 (13, 0.058420101130356734)
5 (27, 0.05281512611314545)
6 (34, 0.04530254182045274)
7 (21, 0.04491677634382853)
8 (9, 0.04459299925634342)
9 (1, 0.04221119807107504)
10 (15, 0.04205806998852574)
11 (11, 0.038114616542279246)
12 (23, 0.038114616542279246)
13 (31, 0.03507701993243329)
14 (14, 0.03259198807164364)
15 (10, 0.02226270398127295)
16 (30, 0.015762948940729528)
17 (6, 0.012904333938006683)
18 (4, 0.012195575195406063)
19 (18, 0.012195575195406063)
20 (24, 0.012195575195406063)
21 (28, 0.012195575195406063)
22 (26, 0.010227339635807733)
23 (17, 0.007093125132279878)
24 (7, 0.006400935044462425)
25 (33, 0.006342701251260697)
26 (2, 0.005717192481341887)
27 (3, 0.005717192481341887)
28 (5, 0.005717192481341887)
29 (8, 0.005717192481341887)
30 (12, 0.005717192481341887)
31 (16, 0.005717192481341887)
32 (19, 0.005717192481341887)
33 (22, 0.005717192481341887)
34 (25, 0.005717192481341887)
35 (29, 0.005717192481341887)
10
shipping
1 (33, 0.28578762546012815)
2 (14, 0.1221651599902688)
3 (34, 0.11800820021775607)
4 (0, 0.07382575316382864)
5 (31, 0.04847010320542741)
6 (11, 0.036877031997211596)
7 (19, 0.030353345700011206)
8 (32, 0.025161362317895994)
9 (3, 0.0251012705580569)
10 (10, 0.02215965725363622)
11 (18, 0.016877354927155558)
12 (20, 0.015222430328071912)
13 (28, 0.01422195953780933)
14 (13, 0.01361907768425184)
15 (4, 0.012346607427111354)
16 (8, 0.011592167793214517)
17 (24, 0.011592167793214517)
18 (30, 0.010428994304866188)
19 (27, 0.008584807054793786)
20 (22, 0.008270415268302937)
21 (12, 0.007376323276784376)
22 (21, 0.0072790854807025015)
23 (29, 0.006963771909540761)
24 (6, 0.006287826107396266)
25 (7, 0.005773802947731868)
26 (2, 0.005736627787912338)
27 (1, 0.005664632110265093)
28 (5, 0.00553155479958174)
29 (9, 0.00553155479958174)
30 (15, 0.00553155479958174)
31 (16, 0.00553155479958174)
32 (17, 0.00553155479958174)
33 (23, 0.00553155479958174)
34 (25, 0.00553155479958174)
35 (26, 0.00553155479958174)
-----one service finish-----
2023-03-14 15:51:33
