2023-03-14 12:11:57
0
1
front-end
1 (5, 0.14542199652884685)
2 (26, 0.10773512718358956)
3 (30, 0.08278005912839169)
4 (13, 0.06518728798428573)
5 (34, 0.05582788050696563)
6 (24, 0.055138603532229526)
7 (15, 0.05253774638603865)
8 (9, 0.046781914208568594)
9 (20, 0.04411417285125343)
10 (4, 0.040588747528843845)
11 (3, 0.040222535124001625)
12 (16, 0.025052015664928932)
13 (0, 0.02414078998154044)
14 (25, 0.021279159891682067)
15 (14, 0.019514681070889685)
16 (32, 0.014656180413382066)
17 (35, 0.01341679804397734)
18 (29, 0.01339160207663669)
19 (22, 0.01029360463560029)
20 (27, 0.010236602789939509)
21 (7, 0.009444126836189379)
22 (6, 0.00944263753562908)
23 (21, 0.009018387843637857)
24 (12, 0.008595356119192911)
25 (23, 0.008002357258381835)
26 (11, 0.007506250600818458)
27 (17, 0.006224415180609867)
28 (1, 0.005938773677105391)
29 (2, 0.005938773677105391)
30 (8, 0.005938773677105391)
31 (10, 0.005938773677105391)
32 (18, 0.005938773677105391)
33 (19, 0.005938773677105391)
34 (28, 0.005938773677105391)
35 (31, 0.005938773677105391)
36 (33, 0.005938773677105391)
2
front-end
1 (6, 0.09103467553410928)
2 (16, 0.08369750873236065)
3 (14, 0.08313202762050054)
4 (32, 0.08110610426862536)
5 (13, 0.07741608603690296)
6 (10, 0.0675289886952017)
7 (19, 0.06114368465166143)
8 (20, 0.06079789853617161)
9 (9, 0.058829348107041664)
10 (22, 0.055381111753828365)
11 (3, 0.03327415832164407)
12 (34, 0.03324188905368017)
13 (4, 0.03301510263962837)
14 (35, 0.02617213658861922)
15 (5, 0.01831045458693408)
16 (0, 0.01831004715143645)
17 (29, 0.014606123234012138)
18 (24, 0.00897673443889478)
19 (30, 0.008828029564771005)
20 (26, 0.0072912001361902104)
21 (15, 0.0068404932423559795)
22 (12, 0.006558804044436756)
23 (27, 0.005700530917996147)
24 (21, 0.00561119534057625)
25 (7, 0.0051027255086282565)
26 (25, 0.004955359396987605)
27 (11, 0.004734766847744029)
28 (23, 0.004547713757931072)
29 (1, 0.004366862184096203)
30 (2, 0.00434677389791019)
31 (17, 0.0043081318757901025)
32 (8, 0.0041666666666666675)
33 (18, 0.0041666666666666675)
34 (28, 0.0041666666666666675)
35 (31, 0.0041666666666666675)
36 (33, 0.0041666666666666675)
3
front-end
1 (26, 0.19815866989235692)
2 (15, 0.07281013758130608)
3 (5, 0.06711157143330972)
4 (32, 0.06621270480792207)
5 (12, 0.0569597379411558)
6 (7, 0.056450579830140575)
7 (3, 0.0469467247400422)
8 (19, 0.045844525376056156)
9 (22, 0.04330831862145745)
10 (27, 0.04300353260252824)
11 (35, 0.03791536869022009)
12 (34, 0.032067836866743964)
13 (16, 0.02538109902735362)
14 (0, 0.01881940634942773)
15 (30, 0.017991841047492522)
16 (29, 0.017455783613078944)
17 (24, 0.014128335977786644)
18 (9, 0.012788283748548611)
19 (14, 0.010254852003813377)
20 (21, 0.009956788188683502)
21 (25, 0.009823146620222349)
22 (23, 0.008586962311068437)
23 (8, 0.007448724121501972)
24 (6, 0.0072325514776135575)
25 (11, 0.006763998175571062)
26 (13, 0.006666776297407099)
27 (2, 0.0064200778434528975)
28 (4, 0.0063177187752779685)
29 (17, 0.006091693857179947)
30 (31, 0.0060815257521548375)
31 (1, 0.005833454404854274)
32 (10, 0.005833454404854274)
33 (18, 0.005833454404854274)
34 (20, 0.005833454404854274)
35 (28, 0.005833454404854274)
36 (33, 0.005833454404854274)
4
front-end
1 (34, 0.11341079209928558)
2 (24, 0.08752814319497046)
3 (35, 0.07486653280076395)
4 (20, 0.06200858428692771)
5 (22, 0.05711464211012912)
6 (25, 0.053489801558927734)
7 (15, 0.05213317886675766)
8 (5, 0.04559841165116915)
9 (26, 0.04253190003298313)
10 (29, 0.04069423487540655)
11 (23, 0.0392561799481544)
12 (0, 0.037277046622801055)
13 (27, 0.03487562229306376)
14 (3, 0.033603933279623285)
15 (4, 0.033603933279623285)
16 (19, 0.033603933279623285)
17 (16, 0.017989160728703095)
18 (32, 0.017675130792411717)
19 (12, 0.014326968684818682)
20 (9, 0.010206558561102183)
21 (21, 0.008638607790298378)
22 (28, 0.008381641015016861)
23 (8, 0.007439262037890916)
24 (2, 0.007228572895876352)
25 (6, 0.007041879375488781)
26 (7, 0.00602296561595447)
27 (30, 0.005849669465368357)
28 (11, 0.005796627539806606)
29 (14, 0.005564289273769424)
30 (13, 0.0055464844586809595)
31 (17, 0.005267426744542355)
32 (31, 0.005265524872286791)
33 (1, 0.005040589991943494)
34 (10, 0.005040589991943494)
35 (18, 0.005040589991943494)
36 (33, 0.005040589991943494)
5
front-end
1 (13, 0.09532274389548542)
2 (16, 0.09054271474597667)
3 (6, 0.07098324226379281)
4 (12, 0.06963221296619078)
5 (14, 0.06791515960878201)
6 (0, 0.05363511071117269)
7 (25, 0.050347126893111216)
8 (24, 0.04965270313052674)
9 (26, 0.04744934171900138)
10 (5, 0.04367282427458869)
11 (15, 0.039650758264207164)
12 (3, 0.03874749683937811)
13 (19, 0.033584239596708726)
14 (34, 0.03218473744567983)
15 (20, 0.03145570396447647)
16 (27, 0.030815771812718707)
17 (35, 0.029090630562232343)
18 (32, 0.01691186884355036)
19 (22, 0.014044561428081217)
20 (29, 0.010331552481529763)
21 (10, 0.008874568118752844)
22 (21, 0.006766764030096918)
23 (30, 0.006527030153950836)
24 (4, 0.0052744282001152085)
25 (7, 0.00523916618263177)
26 (1, 0.005121476740477193)
27 (23, 0.004915775916247318)
28 (2, 0.004847188135879338)
29 (11, 0.00483617758530093)
30 (9, 0.004682584799565348)
31 (8, 0.004649795747994161)
32 (17, 0.004586369644572558)
33 (18, 0.004427043324306145)
34 (28, 0.004427043324306145)
35 (31, 0.004427043324306145)
36 (33, 0.004427043324306145)
6
front-end
1 (16, 0.10700139913712281)
2 (12, 0.08376700990772364)
3 (34, 0.07967209735416145)
4 (13, 0.07778200347385524)
5 (14, 0.06935834439853787)
6 (32, 0.06048537043636571)
7 (6, 0.05371518417839332)
8 (9, 0.04496399424823787)
9 (22, 0.043729108596306736)
10 (19, 0.04023957953526949)
11 (10, 0.03836887257430493)
12 (35, 0.03834801776826632)
13 (15, 0.03262659844295693)
14 (0, 0.027677893883503814)
15 (3, 0.02537687627394584)
16 (5, 0.023655739314596528)
17 (4, 0.019049137805011516)
18 (29, 0.013620419717481756)
19 (24, 0.012843544910825474)
20 (26, 0.011678567597094392)
21 (21, 0.009031007977566197)
22 (30, 0.008023955628587695)
23 (27, 0.00697051382226532)
24 (25, 0.0066468037099828275)
25 (7, 0.005942574154447863)
26 (23, 0.005843373419797936)
27 (11, 0.005664681689471816)
28 (1, 0.0056543799745234)
29 (2, 0.005651279537547325)
30 (20, 0.005557690280210216)
31 (8, 0.00541150550080569)
32 (17, 0.005298169033249865)
33 (18, 0.005086076429395553)
34 (28, 0.005086076429395553)
35 (31, 0.005086076429395553)
36 (33, 0.005086076429395553)
7
front-end
1 (6, 0.11305902428162715)
2 (14, 0.09560772703132504)
3 (13, 0.09062857161521584)
4 (16, 0.06506125390353765)
5 (3, 0.05518598631190703)
6 (4, 0.054951289487559916)
7 (12, 0.050614557002430394)
8 (20, 0.046467088081594485)
9 (19, 0.04495216943219273)
10 (22, 0.04332377271060986)
11 (30, 0.040280383226451895)
12 (32, 0.03936712630279049)
13 (29, 0.03798372685689787)
14 (35, 0.037509358427614624)
15 (10, 0.03282723914983553)
16 (15, 0.02566472200255737)
17 (0, 0.01956124611658854)
18 (24, 0.011127035634425209)
19 (26, 0.00773053709064223)
20 (5, 0.007180994784456829)
21 (27, 0.0065727671137617875)
22 (25, 0.005848710434389924)
23 (21, 0.0056846493406068135)
24 (34, 0.005563289365579821)
25 (23, 0.0051346291930988485)
26 (2, 0.005130651899304515)
27 (7, 0.005016839332804832)
28 (8, 0.004946924192238129)
29 (11, 0.004764062658195026)
30 (9, 0.004756639599053718)
31 (31, 0.004692424630365482)
32 (17, 0.004641889283203767)
33 (1, 0.0046329887696403334)
34 (18, 0.004509908245832042)
35 (28, 0.004509908245832042)
36 (33, 0.004509908245832042)
8
front-end
1 (29, 0.07945215021938071)
2 (4, 0.07746151087515701)
3 (20, 0.07509491903117275)
4 (16, 0.07325049078843965)
5 (3, 0.07108685649764838)
6 (6, 0.06868998904076327)
7 (19, 0.06650547797507475)
8 (14, 0.06407127990285208)
9 (13, 0.06188910549708838)
10 (32, 0.045402170943571)
11 (34, 0.0451874306380178)
12 (22, 0.04323492559445974)
13 (12, 0.03300306948568103)
14 (27, 0.03128271369698485)
15 (24, 0.027546946377199025)
16 (5, 0.01531182989240355)
17 (0, 0.012837308647764584)
18 (35, 0.012555999199639012)
19 (9, 0.008854623916785223)
20 (15, 0.008281987554570002)
21 (30, 0.007686686013399064)
22 (26, 0.007242009466174065)
23 (21, 0.006082300885574746)
24 (10, 0.005208633691194015)
25 (7, 0.0049587463342001545)
26 (25, 0.004774008569700546)
27 (23, 0.004566809461735656)
28 (11, 0.004546016131519664)
29 (8, 0.004380792090721529)
30 (2, 0.0043517736509899796)
31 (17, 0.004305850565494012)
32 (1, 0.00417911747292875)
33 (18, 0.00417911747292875)
34 (28, 0.00417911747292875)
35 (31, 0.00417911747292875)
36 (33, 0.00417911747292875)
9
front-end
1 (19, 0.12597394419968924)
2 (20, 0.10020753655179099)
3 (15, 0.09653971768237952)
4 (29, 0.08256832741111303)
5 (5, 0.07711376632768675)
6 (0, 0.0749564161705566)
7 (12, 0.05501864757619248)
8 (24, 0.0543943134514344)
9 (26, 0.048673614267362074)
10 (27, 0.03951808037911802)
11 (4, 0.03128624555102817)
12 (32, 0.03040101395369351)
13 (16, 0.024610139463842322)
14 (22, 0.019920029263730463)
15 (34, 0.013462158766267489)
16 (9, 0.009583957013848598)
17 (35, 0.009183021255250591)
18 (14, 0.008502950445484457)
19 (30, 0.008123977209881861)
20 (21, 0.007151956154094451)
21 (7, 0.0064252850849782234)
22 (23, 0.005979876301130137)
23 (13, 0.0058651671225023955)
24 (6, 0.005827499164415198)
25 (25, 0.005779685971242119)
26 (8, 0.0052772054517671845)
27 (11, 0.005206526906866455)
28 (3, 0.004919611875772829)
29 (2, 0.004892353446263262)
30 (17, 0.004824338012710677)
31 (1, 0.004635439594651088)
32 (10, 0.004635439594651088)
33 (18, 0.004635439594651088)
34 (28, 0.004635439594651088)
35 (31, 0.004635439594651088)
36 (33, 0.004635439594651088)
10
front-end
1 (16, 0.08035353390831627)
2 (12, 0.0771255870130082)
3 (14, 0.07579743899865798)
4 (13, 0.06986113248528977)
5 (6, 0.06925323741067965)
6 (9, 0.06237831006039048)
7 (15, 0.05199355319531436)
8 (5, 0.05109274634425798)
9 (0, 0.04970810492346792)
10 (20, 0.04256265499663419)
11 (26, 0.04155303795436666)
12 (19, 0.03821627486990119)
13 (10, 0.037684279789986105)
14 (32, 0.03449359417521831)
15 (27, 0.031076415421175025)
16 (22, 0.02894123450743769)
17 (35, 0.025322421934242164)
18 (34, 0.025320077929228895)
19 (29, 0.01173617485904902)
20 (24, 0.00970881033090929)
21 (30, 0.008441820595080649)
22 (3, 0.00830138549405812)
23 (28, 0.006070537378092487)
24 (21, 0.00591439733266659)
25 (23, 0.005405796567316224)
26 (2, 0.005312706419992294)
27 (25, 0.005278375382281766)
28 (8, 0.005050545807309614)
29 (1, 0.004781842397771143)
30 (11, 0.004773891052374772)
31 (7, 0.0047467182220230835)
32 (17, 0.004486797843891938)
33 (4, 0.004314141099902586)
34 (18, 0.004314141099902586)
35 (31, 0.004314141099902586)
36 (33, 0.004314141099902586)
-----one service finish-----
1
1
user
1 (15, 0.11588434074079972)
2 (24, 0.08764197411928808)
3 (28, 0.08119124119713252)
4 (7, 0.05837878291966283)
5 (27, 0.05103910514547102)
6 (9, 0.05058649051913411)
7 (3, 0.0501862257868788)
8 (13, 0.04955914335652582)
9 (31, 0.04876040343328837)
10 (22, 0.047725015669904204)
11 (0, 0.047101143305542534)
12 (1, 0.04505373034366168)
13 (5, 0.03167598280620694)
14 (29, 0.028318224309561053)
15 (11, 0.024893897925465997)
16 (21, 0.023098362466535405)
17 (33, 0.01614841721518263)
18 (20, 0.014052630385576198)
19 (6, 0.013820049643568387)
20 (25, 0.0094854618422389)
21 (30, 0.00935408521708055)
22 (26, 0.00826340654761347)
23 (34, 0.007953035743040274)
24 (8, 0.00781883180873013)
25 (16, 0.007680442501478707)
26 (17, 0.006968358102660828)
27 (4, 0.006770678164213349)
28 (10, 0.0067295521723844745)
29 (2, 0.006265855230167581)
30 (12, 0.006265855230167581)
31 (14, 0.006265855230167581)
32 (18, 0.006265855230167581)
33 (19, 0.006265855230167581)
34 (23, 0.006265855230167581)
35 (32, 0.006265855230167581)
2
user
1 (13, 0.16573192273182655)
2 (11, 0.1265423717588892)
3 (5, 0.11207910541961859)
4 (0, 0.07936484151304292)
5 (6, 0.06225555682609549)
6 (7, 0.05376310159211118)
7 (1, 0.041963928481709656)
8 (28, 0.03925078197446532)
9 (9, 0.03886860943048558)
10 (3, 0.038651068840828404)
11 (31, 0.03714769065693587)
12 (24, 0.024748202491308807)
13 (25, 0.020173130170851827)
14 (21, 0.014948077900854218)
15 (33, 0.013850233189990416)
16 (15, 0.01374056135757687)
17 (27, 0.010313074526105638)
18 (20, 0.009941186958893988)
19 (22, 0.008451480124383987)
20 (30, 0.00674555047961886)
21 (26, 0.006290584626692915)
22 (29, 0.006289313640046982)
23 (34, 0.005973042628446443)
24 (8, 0.005969407039577152)
25 (16, 0.005898266510535279)
26 (4, 0.005407076055622029)
27 (17, 0.005351386471545465)
28 (10, 0.005328493147630595)
29 (2, 0.0049945647791870985)
30 (12, 0.0049945647791870985)
31 (14, 0.0049945647791870985)
32 (18, 0.0049945647791870985)
33 (19, 0.0049945647791870985)
34 (23, 0.0049945647791870985)
35 (32, 0.0049945647791870985)
3
user
1 (13, 0.1458429743713917)
2 (0, 0.117211157284667)
3 (5, 0.09010841338011101)
4 (11, 0.083723657683928)
5 (15, 0.08027410012130029)
6 (7, 0.07005113295808284)
7 (14, 0.056626412994409236)
8 (28, 0.04711436198325962)
9 (31, 0.03906235981205768)
10 (1, 0.03714270748628632)
11 (3, 0.02391290624134335)
12 (6, 0.022033707845644027)
13 (33, 0.019776622242510727)
14 (24, 0.014264840608264608)
15 (9, 0.011574123732522654)
16 (21, 0.01134978777003147)
17 (20, 0.011273720611861823)
18 (34, 0.010004445707907563)
19 (27, 0.00952105880756247)
20 (25, 0.008577717104133081)
21 (30, 0.007609989742905405)
22 (22, 0.00754442213284514)
23 (29, 0.00715742051181988)
24 (8, 0.006191471770226118)
25 (16, 0.0061203085165302245)
26 (4, 0.006056116809490792)
27 (26, 0.0059635551361351844)
28 (10, 0.005698520566259931)
29 (17, 0.005675019137168344)
30 (2, 0.005422827821557267)
31 (12, 0.005422827821557267)
32 (18, 0.005422827821557267)
33 (19, 0.005422827821557267)
34 (23, 0.005422827821557267)
35 (32, 0.005422827821557267)
4
user
1 (15, 0.11859926295232129)
2 (0, 0.047754995597729076)
3 (33, 0.04692800718398462)
4 (3, 0.04536933397403659)
5 (9, 0.04536933397403659)
6 (13, 0.04536933397403659)
7 (20, 0.04536933397403659)
8 (24, 0.04536933397403659)
9 (27, 0.04536933397403659)
10 (28, 0.04536933397403659)
11 (11, 0.043793959336807874)
12 (26, 0.04284657261940465)
13 (16, 0.04014625931083025)
14 (1, 0.03868685872435113)
15 (12, 0.03868685872435113)
16 (23, 0.03868685872435113)
17 (31, 0.03868685872435113)
18 (5, 0.036416004834768076)
19 (6, 0.026563691236247185)
20 (21, 0.02191977191104579)
21 (7, 0.017195254598163824)
22 (8, 0.007704548992556921)
23 (34, 0.00715561845008568)
24 (30, 0.006809963365214751)
25 (2, 0.005803028808652669)
26 (4, 0.005803028808652669)
27 (10, 0.005803028808652669)
28 (14, 0.005803028808652669)
29 (17, 0.005803028808652669)
30 (18, 0.005803028808652669)
31 (19, 0.005803028808652669)
32 (22, 0.005803028808652669)
33 (25, 0.005803028808652669)
34 (29, 0.005803028808652669)
35 (32, 0.005803028808652669)
5
user
1 (1, 0.12735900493198066)
2 (13, 0.11908178494732295)
3 (6, 0.08494426762133182)
4 (11, 0.08054946700991822)
5 (5, 0.07486808755575276)
6 (28, 0.06137751855306027)
7 (0, 0.051970769755640904)
8 (33, 0.045385031748368936)
9 (9, 0.04485033772206807)
10 (3, 0.04455683108993055)
11 (31, 0.04239343765931698)
12 (7, 0.03707588660853851)
13 (24, 0.014515701337170187)
14 (15, 0.01378243189512562)
15 (21, 0.013532909041317834)
16 (27, 0.012926515245236678)
17 (20, 0.01200621651243749)
18 (25, 0.009043329721489595)
19 (22, 0.008743885383922975)
20 (17, 0.007841165755209422)
21 (29, 0.007251591178563633)
22 (26, 0.00700386258523798)
23 (8, 0.006907976921352227)
24 (34, 0.0068368500092361945)
25 (16, 0.006758698645044241)
26 (30, 0.006720793406889274)
27 (4, 0.006104312355644029)
28 (10, 0.006029998381590901)
29 (2, 0.00565447663161445)
30 (12, 0.00565447663161445)
31 (14, 0.00565447663161445)
32 (18, 0.00565447663161445)
33 (19, 0.00565447663161445)
34 (23, 0.00565447663161445)
35 (32, 0.00565447663161445)
6
user
1 (7, 0.12482425662281604)
2 (22, 0.07841144162657165)
3 (26, 0.06937545370123384)
4 (15, 0.05534819282119391)
5 (33, 0.042913858599788975)
6 (3, 0.04165586072423774)
7 (9, 0.04165586072423774)
8 (13, 0.04165586072423774)
9 (20, 0.04165586072423774)
10 (24, 0.04165586072423774)
11 (28, 0.04165586072423774)
12 (27, 0.03919538452899205)
13 (16, 0.03711501666199892)
14 (1, 0.035884469737908965)
15 (12, 0.035884469737908965)
16 (23, 0.035884469737908965)
17 (31, 0.035884469737908965)
18 (11, 0.02680694313013611)
19 (21, 0.019982522323749842)
20 (5, 0.018226973760051387)
21 (0, 0.011969590000794556)
22 (8, 0.00956767002266499)
23 (34, 0.006552826890435369)
24 (30, 0.006268867803131966)
25 (6, 0.006141253602514602)
26 (2, 0.005382670460686346)
27 (4, 0.005382670460686346)
28 (10, 0.005382670460686346)
29 (14, 0.005382670460686346)
30 (17, 0.005382670460686346)
31 (18, 0.005382670460686346)
32 (19, 0.005382670460686346)
33 (25, 0.005382670460686346)
34 (29, 0.005382670460686346)
35 (32, 0.005382670460686346)
7
user
1 (24, 0.13150927257923495)
2 (25, 0.0975027954623269)
3 (28, 0.09052524069255512)
4 (29, 0.0896505267625375)
5 (15, 0.08883175730059478)
6 (5, 0.07906835542533698)
7 (0, 0.05420407039245873)
8 (3, 0.03935519213751806)
9 (9, 0.03790130409666776)
10 (13, 0.03765687642617038)
11 (6, 0.03616174034855369)
12 (31, 0.035514722256309236)
13 (7, 0.02852893646389559)
14 (33, 0.01570592619941005)
15 (11, 0.012485044336059225)
16 (21, 0.011263742467422809)
17 (20, 0.009695843413500644)
18 (34, 0.008477367121214984)
19 (27, 0.008350284051127328)
20 (22, 0.00680538567378481)
21 (1, 0.006471710858602838)
22 (30, 0.006407881957519148)
23 (4, 0.006270665705733842)
24 (8, 0.005638544426586814)
25 (16, 0.005632267640637167)
26 (26, 0.005415637104471483)
27 (17, 0.005239825494159952)
28 (10, 0.005188983601723193)
29 (2, 0.004934299943412307)
30 (12, 0.004934299943412307)
31 (14, 0.004934299943412307)
32 (18, 0.004934299943412307)
33 (19, 0.004934299943412307)
34 (23, 0.004934299943412307)
35 (32, 0.004934299943412307)
8
user
1 (15, 0.1263922969647909)
2 (0, 0.06299132494598265)
3 (26, 0.058510702110434534)
4 (27, 0.049774095742289484)
5 (24, 0.04957326626380099)
6 (11, 0.049356799089081166)
7 (28, 0.0484320271530778)
8 (5, 0.048415114363472546)
9 (31, 0.048235586644706854)
10 (9, 0.04752727079413839)
11 (33, 0.04736188236024989)
12 (3, 0.04711258887522961)
13 (13, 0.04650239544056269)
14 (1, 0.039530586840360024)
15 (12, 0.039530586840360024)
16 (6, 0.027047380440376214)
17 (21, 0.02249778974479956)
18 (22, 0.013947236388775045)
19 (20, 0.012901396626256676)
20 (7, 0.012184265783102294)
21 (30, 0.009110519912974006)
22 (25, 0.008539809932909898)
23 (16, 0.007971506353388296)
24 (8, 0.007967754263318404)
25 (29, 0.007568852325995676)
26 (34, 0.006660146787903144)
27 (4, 0.006448248810654398)
28 (10, 0.006401452018630895)
29 (2, 0.005929588026054004)
30 (14, 0.005929588026054004)
31 (17, 0.005929588026054004)
32 (18, 0.005929588026054004)
33 (19, 0.005929588026054004)
34 (23, 0.005929588026054004)
35 (32, 0.005929588026054004)
9
user
1 (13, 0.2119748996541553)
2 (11, 0.14892688179328634)
3 (5, 0.1033914794330766)
4 (7, 0.07766180138306203)
5 (0, 0.05349632036856602)
6 (15, 0.048187305432779964)
7 (9, 0.04482650413128519)
8 (31, 0.04185282789125092)
9 (1, 0.039550742568893224)
10 (33, 0.018794438837209687)
11 (28, 0.016516091262008002)
12 (24, 0.014664961849469227)
13 (21, 0.013962409000681738)
14 (3, 0.01260245804453143)
15 (20, 0.012113414540152759)
16 (6, 0.011319351933149258)
17 (27, 0.010390159558376173)
18 (34, 0.008932340982897509)
19 (22, 0.008805913632145496)
20 (30, 0.008563070088642682)
21 (25, 0.00848677400622717)
22 (29, 0.007023003827578636)
23 (8, 0.006732366397770002)
24 (16, 0.0065969750776859295)
25 (26, 0.006460529982668361)
26 (4, 0.006133119280880028)
27 (10, 0.0060759224633979685)
28 (17, 0.006072361954009783)
29 (2, 0.005697939232023221)
30 (12, 0.005697939232023221)
31 (14, 0.005697939232023221)
32 (18, 0.005697939232023221)
33 (19, 0.005697939232023221)
34 (23, 0.005697939232023221)
35 (32, 0.005697939232023221)
10
user
1 (7, 0.1392483427358133)
2 (15, 0.09150333425851512)
3 (11, 0.06978558991287884)
4 (28, 0.06159937948179331)
5 (26, 0.05189418756994619)
6 (31, 0.050235810166387646)
7 (33, 0.04433977922372912)
8 (27, 0.04390846408333093)
9 (3, 0.04310037283410189)
10 (10, 0.043017167111225774)
11 (14, 0.04255956990185593)
12 (0, 0.04114375536645846)
13 (1, 0.0365598542692815)
14 (12, 0.0365598542692815)
15 (5, 0.02774165015698052)
16 (29, 0.022553107447331442)
17 (21, 0.018569415975282205)
18 (24, 0.014388958898810958)
19 (6, 0.011899533038200091)
20 (20, 0.011483693772966654)
21 (22, 0.01116144617196989)
22 (25, 0.008117554188789369)
23 (30, 0.007721409262895756)
24 (34, 0.007097709221081833)
25 (16, 0.006806384217259425)
26 (8, 0.0067428395507789516)
27 (4, 0.005974207289049353)
28 (9, 0.005898782641258413)
29 (2, 0.005483978140392226)
30 (13, 0.005483978140392226)
31 (17, 0.005483978140392226)
32 (18, 0.005483978140392226)
33 (19, 0.005483978140392226)
34 (23, 0.005483978140392226)
35 (32, 0.005483978140392226)
-----one service finish-----
2
1
catalogue
1 (33, 0.14340603531372462)
2 (12, 0.07683251529282735)
3 (5, 0.06491221294792586)
4 (15, 0.05717414378653443)
5 (0, 0.05135482153130232)
6 (34, 0.05083926370362408)
7 (22, 0.047005410263823905)
8 (29, 0.04290166497151154)
9 (3, 0.041157300664369206)
10 (8, 0.040837096598528695)
11 (13, 0.040837096598528695)
12 (10, 0.04042971907599389)
13 (6, 0.035829061733292)
14 (1, 0.03513134627504949)
15 (27, 0.03513134627504949)
16 (32, 0.03513134627504949)
17 (11, 0.025769961902302824)
18 (35, 0.012462823235369569)
19 (21, 0.011808962681651726)
20 (19, 0.010975452264736623)
21 (25, 0.010975452264736623)
22 (31, 0.009077521236092562)
23 (30, 0.007191527973538783)
24 (2, 0.007099917065375305)
25 (17, 0.006464673537119225)
26 (16, 0.006069526013135375)
27 (23, 0.0057664830474895385)
28 (4, 0.005269701941257425)
29 (7, 0.005269701941257425)
30 (9, 0.005269701941257425)
31 (14, 0.005269701941257425)
32 (18, 0.005269701941257425)
33 (20, 0.005269701941257425)
34 (24, 0.005269701941257425)
35 (26, 0.005269701941257425)
36 (28, 0.005269701941257425)
2
catalogue
1 (34, 0.11308424982674532)
2 (15, 0.08664559970272605)
3 (21, 0.06845287168901776)
4 (0, 0.06624830665991215)
5 (29, 0.05724439514456382)
6 (10, 0.05400405646879375)
7 (33, 0.04823772625696388)
8 (8, 0.04132787773405802)
9 (13, 0.04132787773405802)
10 (19, 0.04132787773405802)
11 (25, 0.04132787773405802)
12 (35, 0.041151641145761225)
13 (11, 0.03749623526836951)
14 (6, 0.03638323625203999)
15 (22, 0.035509288183737914)
16 (32, 0.035509288183737914)
17 (30, 0.019865676198820795)
18 (5, 0.014101489111234006)
19 (12, 0.01302902082447404)
20 (3, 0.011144982777880797)
21 (31, 0.009421391998481668)
22 (2, 0.007984916349264827)
23 (17, 0.0075587684224507935)
24 (16, 0.007150367597176187)
25 (23, 0.005874655498447974)
26 (1, 0.005326393227560689)
27 (4, 0.005326393227560689)
28 (7, 0.005326393227560689)
29 (9, 0.005326393227560689)
30 (14, 0.005326393227560689)
31 (18, 0.005326393227560689)
32 (20, 0.005326393227560689)
33 (24, 0.005326393227560689)
34 (26, 0.005326393227560689)
35 (27, 0.005326393227560689)
36 (28, 0.005326393227560689)
3
catalogue
1 (33, 0.1695433039689575)
2 (34, 0.10474674356782511)
3 (0, 0.09765197630047058)
4 (10, 0.0822858485452712)
5 (11, 0.06039398330193846)
6 (32, 0.05638729367967914)
7 (3, 0.04738389045503903)
8 (22, 0.04097621907494531)
9 (6, 0.04076811731204318)
10 (1, 0.04002846656006831)
11 (29, 0.02065821094720529)
12 (35, 0.01913191615406114)
13 (15, 0.017694882750712876)
14 (8, 0.014589265731507223)
15 (25, 0.013701371436103888)
16 (13, 0.013359693878980974)
17 (19, 0.013359693878980974)
18 (5, 0.012937476431706691)
19 (12, 0.012056930476359884)
20 (21, 0.011639878434702267)
21 (30, 0.011184492252502329)
22 (31, 0.00972322168620658)
23 (17, 0.007983324963338671)
24 (2, 0.007807301177127308)
25 (9, 0.007008781495824328)
26 (23, 0.0065800684595895866)
27 (7, 0.006379217222760066)
28 (4, 0.006004269984010248)
29 (14, 0.006004269984010248)
30 (16, 0.006004269984010248)
31 (18, 0.006004269984010248)
32 (20, 0.006004269984010248)
33 (24, 0.006004269984010248)
34 (26, 0.006004269984010248)
35 (27, 0.006004269984010248)
36 (28, 0.006004269984010248)
4
catalogue
1 (33, 0.2811335762003492)
2 (13, 0.0905796021335816)
3 (0, 0.07912236949002446)
4 (12, 0.06768468338973671)
5 (3, 0.047000341077669004)
6 (34, 0.04576556073344566)
7 (11, 0.044867383160315126)
8 (1, 0.04084223545808821)
9 (5, 0.03901402295351252)
10 (10, 0.024414320301159635)
11 (35, 0.02171759622136641)
12 (29, 0.01933358402717463)
13 (15, 0.016539377186298984)
14 (8, 0.014353841863886403)
15 (25, 0.01410486821160678)
16 (19, 0.01308569877520574)
17 (21, 0.011743317571277098)
18 (30, 0.010522932547828184)
19 (17, 0.009059084816457749)
20 (31, 0.008371763241249679)
21 (2, 0.007382312332078159)
22 (9, 0.006972171989078528)
23 (22, 0.006767166351992958)
24 (6, 0.006568799494516639)
25 (26, 0.006441744019859445)
26 (23, 0.006424676509063993)
27 (7, 0.0062729989713346335)
28 (28, 0.006241386760008836)
29 (4, 0.006215527310081896)
30 (14, 0.005922436700250181)
31 (16, 0.005922436700250181)
32 (18, 0.005922436700250181)
33 (20, 0.005922436700250181)
34 (24, 0.005922436700250181)
35 (27, 0.005922436700250181)
36 (32, 0.005922436700250181)
5
catalogue
1 (34, 0.20104751383171468)
2 (5, 0.12296968356984539)
3 (0, 0.08948191237882482)
4 (11, 0.08494391632590874)
5 (10, 0.07964511177220279)
6 (13, 0.04483762671484027)
7 (22, 0.04066277943107671)
8 (6, 0.03882755582057277)
9 (32, 0.03815761139237969)
10 (29, 0.025252390250120917)
11 (33, 0.01779060484029112)
12 (30, 0.016015087484289044)
13 (12, 0.014388758702940053)
14 (35, 0.013993404365169973)
15 (8, 0.013563067252479789)
16 (25, 0.012719338851536907)
17 (3, 0.012403657031317536)
18 (19, 0.012403657031317536)
19 (15, 0.01179283859667871)
20 (31, 0.00833921717307545)
21 (21, 0.008107882203243868)
22 (2, 0.007961817228313376)
23 (17, 0.0075500786073767175)
24 (9, 0.006718807473700392)
25 (16, 0.0062952408734985865)
26 (23, 0.006238586457092047)
27 (7, 0.006076081543932923)
28 (28, 0.006026639125403479)
29 (1, 0.005723641708856955)
30 (4, 0.005723641708856955)
31 (14, 0.005723641708856955)
32 (18, 0.005723641708856955)
33 (20, 0.005723641708856955)
34 (24, 0.005723641708856955)
35 (26, 0.005723641708856955)
36 (27, 0.005723641708856955)
6
catalogue
1 (33, 0.11718789331869496)
2 (22, 0.1050994927200495)
3 (10, 0.07718851811390166)
4 (12, 0.06205378106116954)
5 (0, 0.059880994815828946)
6 (32, 0.048969787953520735)
7 (15, 0.04802974686020061)
8 (34, 0.046431565203745744)
9 (29, 0.045359705947478034)
10 (5, 0.042838989998357176)
11 (3, 0.042747150218729615)
12 (8, 0.04222052263779764)
13 (6, 0.03730259495211787)
14 (1, 0.03617903585870314)
15 (11, 0.02653192086995888)
16 (21, 0.013833641827679176)
17 (13, 0.011468342157899965)
18 (19, 0.011468342157899965)
19 (25, 0.011468342157899965)
20 (31, 0.011380286927750446)
21 (2, 0.010149088517821984)
22 (35, 0.009228419242991217)
23 (30, 0.00777412536649324)
24 (17, 0.007494549480221046)
25 (16, 0.007121439983496001)
26 (7, 0.005949337595627149)
27 (28, 0.005800685644716639)
28 (4, 0.005426855378805472)
29 (9, 0.005426855378805472)
30 (14, 0.005426855378805472)
31 (18, 0.005426855378805472)
32 (20, 0.005426855378805472)
33 (23, 0.005426855378805472)
34 (24, 0.005426855378805472)
35 (26, 0.005426855378805472)
36 (27, 0.005426855378805472)
7
catalogue
1 (33, 0.12123665117998414)
2 (15, 0.10579538157901414)
3 (34, 0.08797805200714436)
4 (12, 0.05715469402587317)
5 (29, 0.056944584466332306)
6 (22, 0.0493017459199466)
7 (35, 0.04665069070061307)
8 (8, 0.042483384636165585)
9 (19, 0.042483384636165585)
10 (25, 0.042483384636165585)
11 (16, 0.03913090951682613)
12 (6, 0.03811422274196752)
13 (32, 0.0363951560721306)
14 (5, 0.03273686258578137)
15 (0, 0.019288279410514714)
16 (30, 0.01836586325863559)
17 (21, 0.018190208400952493)
18 (2, 0.014079372177593086)
19 (10, 0.012371275126117628)
20 (3, 0.011547501974854567)
21 (13, 0.011547501974854567)
22 (31, 0.011493407169453768)
23 (17, 0.009208209238884496)
24 (27, 0.007947746914049113)
25 (23, 0.0062840474015926455)
26 (11, 0.006194748140191192)
27 (1, 0.005459273410819592)
28 (4, 0.005459273410819592)
29 (7, 0.005459273410819592)
30 (9, 0.005459273410819592)
31 (14, 0.005459273410819592)
32 (18, 0.005459273410819592)
33 (20, 0.005459273410819592)
34 (24, 0.005459273410819592)
35 (26, 0.005459273410819592)
36 (28, 0.005459273410819592)
8
catalogue
1 (12, 0.05918434368874702)
2 (15, 0.05545822400659566)
3 (31, 0.04650739220788583)
4 (4, 0.044402119942243766)
5 (6, 0.044402119942243766)
6 (8, 0.044402119942243766)
7 (13, 0.044402119942243766)
8 (19, 0.044402119942243766)
9 (25, 0.044402119942243766)
10 (29, 0.044402119942243766)
11 (34, 0.044402119942243766)
12 (28, 0.03914320590746869)
13 (1, 0.03783247081956943)
14 (5, 0.03783247081956943)
15 (16, 0.03783247081956943)
16 (17, 0.03783247081956943)
17 (18, 0.03783247081956943)
18 (22, 0.03783247081956943)
19 (27, 0.03783247081956943)
20 (32, 0.03783247081956943)
21 (33, 0.03783247081956943)
22 (0, 0.01609565309310599)
23 (21, 0.014128666083961423)
24 (2, 0.005674870622935416)
25 (3, 0.005674870622935416)
26 (7, 0.005674870622935416)
27 (9, 0.005674870622935416)
28 (10, 0.005674870622935416)
29 (11, 0.005674870622935416)
30 (14, 0.005674870622935416)
31 (20, 0.005674870622935416)
32 (23, 0.005674870622935416)
33 (24, 0.005674870622935416)
34 (26, 0.005674870622935416)
35 (30, 0.005674870622935416)
36 (35, 0.005674870622935416)
9
catalogue
1 (34, 0.18214429872383014)
2 (15, 0.13164472132050709)
3 (0, 0.11175803350751702)
4 (35, 0.07648886449125161)
5 (10, 0.07466515858847184)
6 (11, 0.0740383504879909)
7 (13, 0.06471438086506162)
8 (3, 0.03899178061078351)
9 (22, 0.03374303765428538)
10 (12, 0.02697595875801286)
11 (5, 0.015654629963093747)
12 (29, 0.012451718823477441)
13 (8, 0.011262435786445944)
14 (25, 0.010610293557755897)
15 (19, 0.010310198604640938)
16 (21, 0.009827462633105804)
17 (33, 0.008615502650174179)
18 (31, 0.0073456992404018675)
19 (30, 0.007105507709003269)
20 (17, 0.006497874662690105)
21 (2, 0.0063756959551828215)
22 (9, 0.0059711627993335285)
23 (16, 0.005763896825786453)
24 (6, 0.0056293249679226455)
25 (23, 0.005470663082204954)
26 (7, 0.005328791249640501)
27 (1, 0.005061455648142808)
28 (4, 0.005061455648142808)
29 (14, 0.005061455648142808)
30 (18, 0.005061455648142808)
31 (20, 0.005061455648142808)
32 (24, 0.005061455648142808)
33 (26, 0.005061455648142808)
34 (27, 0.005061455648142808)
35 (28, 0.005061455648142808)
36 (32, 0.005061455648142808)
10
catalogue
1 (34, 0.0998820641649045)
2 (15, 0.08240923084224461)
3 (22, 0.06972331622744635)
4 (33, 0.061905492153573216)
5 (0, 0.060289695772338746)
6 (29, 0.059108244167119774)
7 (10, 0.046385811863386445)
8 (13, 0.04202056977756385)
9 (19, 0.04202056977756385)
10 (25, 0.04202056977756385)
11 (8, 0.04202056977756384)
12 (5, 0.041830100114071976)
13 (6, 0.037069987595856446)
14 (32, 0.03603537653738466)
15 (11, 0.032245685235843494)
16 (35, 0.031212360128195428)
17 (21, 0.03068091906353214)
18 (30, 0.020819940969681407)
19 (12, 0.013474762312829885)
20 (3, 0.011390499720786882)
21 (2, 0.009027251747878986)
22 (31, 0.007799297764267206)
23 (17, 0.007660791322617038)
24 (16, 0.00710545740018945)
25 (23, 0.006001544266553317)
26 (28, 0.0058068267129655965)
27 (1, 0.005405306480607701)
28 (4, 0.005405306480607701)
29 (7, 0.005405306480607701)
30 (9, 0.005405306480607701)
31 (14, 0.005405306480607701)
32 (18, 0.005405306480607701)
33 (20, 0.005405306480607701)
34 (24, 0.005405306480607701)
35 (26, 0.005405306480607701)
36 (27, 0.005405306480607701)
-----one service finish-----
3
1
orders
1 (16, 0.10907151329776008)
2 (10, 0.06112449152618503)
3 (6, 0.058297209204890996)
4 (27, 0.056432800221870964)
5 (5, 0.0527261915787135)
6 (3, 0.04794272138440495)
7 (9, 0.04794272138440495)
8 (13, 0.04794272138440495)
9 (32, 0.04794272138440495)
10 (23, 0.04794272138440494)
11 (11, 0.047107998523112836)
12 (26, 0.04419183052874232)
13 (2, 0.04143942463219899)
14 (1, 0.04074231880484211)
15 (30, 0.04074231880484211)
16 (0, 0.03953991640552156)
17 (14, 0.028344599075695514)
18 (15, 0.017638634646682316)
19 (18, 0.013311750400289155)
20 (28, 0.013311750400289155)
21 (7, 0.01083331104347921)
22 (25, 0.00901406421194988)
23 (20, 0.007673091866193172)
24 (29, 0.0076296996974532785)
25 (4, 0.006111347820726317)
26 (8, 0.006111347820726317)
27 (12, 0.006111347820726317)
28 (17, 0.006111347820726317)
29 (19, 0.006111347820726317)
30 (21, 0.006111347820726317)
31 (22, 0.006111347820726317)
32 (24, 0.006111347820726317)
33 (31, 0.006111347820726317)
34 (33, 0.006111347820726317)
2
orders
1 (12, 0.13941494430652426)
2 (16, 0.13613212273819242)
3 (15, 0.10995302534123921)
4 (13, 0.09183808400705318)
5 (0, 0.07950480358775416)
6 (3, 0.053353039245081085)
7 (14, 0.05327143431348709)
8 (32, 0.04699626944123925)
9 (9, 0.04226468412380399)
10 (11, 0.034026289947096576)
11 (5, 0.029029843382125123)
12 (18, 0.020935685000521547)
13 (19, 0.013191158532720968)
14 (27, 0.012908837289178772)
15 (23, 0.011999602983605664)
16 (10, 0.008837688921181468)
17 (25, 0.008086976652887259)
18 (7, 0.008016642154167789)
19 (21, 0.007702236500386682)
20 (26, 0.007006308270824157)
21 (33, 0.006963721183400193)
22 (17, 0.00678443187184068)
23 (28, 0.006543565700464471)
24 (31, 0.006429708633012786)
25 (20, 0.006409211857179384)
26 (4, 0.006232995587882043)
27 (6, 0.00613558457040891)
28 (1, 0.005718729122391562)
29 (2, 0.005718729122391562)
30 (8, 0.005718729122391562)
31 (22, 0.005718729122391562)
32 (24, 0.005718729122391562)
33 (29, 0.005718729122391562)
34 (30, 0.005718729122391562)
3
orders
1 (12, 0.1533695945586329)
2 (13, 0.1267089892125285)
3 (16, 0.0894679366866631)
4 (0, 0.07896056913169157)
5 (15, 0.07108367199319596)
6 (14, 0.05829929046589518)
7 (5, 0.04088016581187569)
8 (3, 0.038814456237605564)
9 (9, 0.03727397478521121)
10 (26, 0.03497173404391773)
11 (6, 0.03431365168829269)
12 (8, 0.033629189023244875)
13 (18, 0.029627712512044883)
14 (19, 0.02519429169681099)
15 (11, 0.019794776772446832)
16 (32, 0.011773902734439429)
17 (27, 0.010946468037141383)
18 (23, 0.010130471814404825)
19 (10, 0.009227636090178666)
20 (25, 0.007087408911558351)
21 (29, 0.006516988228808887)
22 (21, 0.006426445981528228)
23 (7, 0.006355924303424514)
24 (20, 0.006258192004271901)
25 (33, 0.0062239863818353384)
26 (28, 0.005870735083561178)
27 (2, 0.005358678580129939)
28 (1, 0.0050618796040942495)
29 (4, 0.0050618796040942495)
30 (17, 0.0050618796040942495)
31 (22, 0.0050618796040942495)
32 (24, 0.0050618796040942495)
33 (30, 0.0050618796040942495)
34 (31, 0.0050618796040942495)
4
orders
1 (16, 0.17866587781976603)
2 (0, 0.11888410200317756)
3 (15, 0.09118986432849763)
4 (14, 0.06247151860484597)
5 (6, 0.0513363680580305)
6 (3, 0.047201350384573154)
7 (12, 0.04642334886594413)
8 (27, 0.04607346534965289)
9 (9, 0.044692106321373555)
10 (10, 0.04362989251898674)
11 (11, 0.04288387987346117)
12 (26, 0.038910548872591495)
13 (5, 0.03490657877295827)
14 (32, 0.012624849528156897)
15 (23, 0.012119911077370399)
16 (18, 0.01120863263751099)
17 (21, 0.007719083917826175)
18 (29, 0.0074332343253298416)
19 (13, 0.007293561584990204)
20 (7, 0.007199560555420912)
21 (25, 0.007150014790631977)
22 (19, 0.007033650693930964)
23 (28, 0.006985602856434809)
24 (4, 0.00694708937396035)
25 (20, 0.006481726535499743)
26 (33, 0.0062004120472231)
27 (2, 0.006097527118085749)
28 (1, 0.005748034454824089)
29 (8, 0.005748034454824089)
30 (17, 0.005748034454824089)
31 (22, 0.005748034454824089)
32 (24, 0.005748034454824089)
33 (30, 0.005748034454824089)
34 (31, 0.005748034454824089)
5
orders
1 (16, 0.11913435175484238)
2 (13, 0.10429668499703787)
3 (14, 0.06631814416120559)
4 (0, 0.06417256557709218)
5 (5, 0.06008769758271184)
6 (3, 0.05179563383600611)
7 (11, 0.05085492956011511)
8 (10, 0.04917065138883866)
9 (18, 0.04831355232125824)
10 (9, 0.04738587047113097)
11 (27, 0.0456741411930622)
12 (26, 0.044644922674275986)
13 (6, 0.0408532352760263)
14 (30, 0.04033474545045926)
15 (15, 0.025957446181657816)
16 (32, 0.013760929716069471)
17 (23, 0.013759167928537201)
18 (7, 0.008814445810162249)
19 (25, 0.007817046980137795)
20 (4, 0.007476182556655972)
21 (28, 0.007099645479742053)
22 (29, 0.006990019692316171)
23 (20, 0.006951755232830624)
24 (19, 0.006845324436831656)
25 (33, 0.006615546388538056)
26 (2, 0.006473668811907212)
27 (1, 0.00605021181756889)
28 (8, 0.00605021181756889)
29 (12, 0.00605021181756889)
30 (17, 0.00605021181756889)
31 (21, 0.00605021181756889)
32 (22, 0.00605021181756889)
33 (24, 0.00605021181756889)
34 (31, 0.00605021181756889)
6
orders
1 (16, 0.13434235316974358)
2 (0, 0.11755814893492754)
3 (3, 0.0891410615853324)
4 (15, 0.08714182936679213)
5 (13, 0.0642184158348277)
6 (11, 0.060534668212742)
7 (14, 0.05854319272707326)
8 (32, 0.0486116794551916)
9 (9, 0.04537071010745163)
10 (26, 0.040678950659002656)
11 (6, 0.03919245799633086)
12 (5, 0.029587257673208262)
13 (12, 0.02246331528116014)
14 (18, 0.013888833562715041)
15 (27, 0.013259390032585621)
16 (23, 0.01236134732796795)
17 (10, 0.011858798203930857)
18 (21, 0.009255461453112922)
19 (20, 0.007913380153764357)
20 (7, 0.007317427302422534)
21 (25, 0.00716278881982642)
22 (33, 0.007119195720423074)
23 (29, 0.00665122249173566)
24 (28, 0.006621929735779643)
25 (19, 0.00647528600532281)
26 (2, 0.006129444850887629)
27 (1, 0.00582518166696771)
28 (4, 0.00582518166696771)
29 (8, 0.00582518166696771)
30 (17, 0.00582518166696771)
31 (22, 0.00582518166696771)
32 (24, 0.00582518166696771)
33 (30, 0.00582518166696771)
34 (31, 0.00582518166696771)
7
orders
1 (11, 0.12385694419151631)
2 (10, 0.12186862559300367)
3 (5, 0.08738639165801917)
4 (16, 0.061149722826871526)
5 (6, 0.05640744967848402)
6 (0, 0.05633944663304657)
7 (3, 0.046665532361536824)
8 (9, 0.046665532361536824)
9 (13, 0.046665532361536824)
10 (32, 0.046665532361536824)
11 (26, 0.04207237989614993)
12 (14, 0.04142587295219722)
13 (30, 0.03978440849538843)
14 (15, 0.02495284774773138)
15 (27, 0.016943985666951527)
16 (18, 0.012848785140456656)
17 (23, 0.012848785140456656)
18 (7, 0.010107715468026461)
19 (28, 0.009494234134521003)
20 (25, 0.008691151315951391)
21 (20, 0.0074350979967818445)
22 (29, 0.0074347235860414375)
23 (2, 0.006645028414866588)
24 (1, 0.005967661274308265)
25 (4, 0.005967661274308265)
26 (8, 0.005967661274308265)
27 (12, 0.005967661274308265)
28 (17, 0.005967661274308265)
29 (19, 0.005967661274308265)
30 (21, 0.005967661274308265)
31 (22, 0.005967661274308265)
32 (24, 0.005967661274308265)
33 (31, 0.005967661274308265)
34 (33, 0.005967661274308265)
8
orders
1 (33, 0.20602023806695094)
2 (16, 0.10397848544956902)
3 (0, 0.08609105057300424)
4 (32, 0.07611965549831054)
5 (12, 0.07241745194519847)
6 (4, 0.06479349245357811)
7 (15, 0.06297208796875284)
8 (6, 0.05236102150239804)
9 (14, 0.03945268081377486)
10 (13, 0.02315609624689415)
11 (19, 0.017116799336863043)
12 (27, 0.015441587881104965)
13 (3, 0.015100885710615951)
14 (5, 0.014974034303749726)
15 (24, 0.013762622301402832)
16 (8, 0.012221103280914802)
17 (21, 0.012221103280914802)
18 (10, 0.010003009441683437)
19 (18, 0.008251136998656197)
20 (28, 0.007139410931074797)
21 (11, 0.007010205583184959)
22 (7, 0.007001075069368963)
23 (23, 0.006634116959147441)
24 (25, 0.0064861171838021085)
25 (20, 0.0064694197843196705)
26 (29, 0.006433798028027328)
27 (26, 0.005949990873670378)
28 (1, 0.005774474647581074)
29 (2, 0.005774474647581074)
30 (9, 0.005774474647581074)
31 (17, 0.005774474647581074)
32 (22, 0.005774474647581074)
33 (30, 0.005774474647581074)
34 (31, 0.005774474647581074)
9
orders
1 (10, 0.12232625298209435)
2 (12, 0.07011984729387294)
3 (5, 0.0566893347982938)
4 (11, 0.05563494248339176)
5 (27, 0.0540335392995057)
6 (16, 0.053323481774410285)
7 (3, 0.049453289074434685)
8 (9, 0.049453289074434685)
9 (18, 0.049453289074434685)
10 (32, 0.049453289074434685)
11 (23, 0.04945328907443468)
12 (0, 0.044164832311672356)
13 (26, 0.043838030589933026)
14 (6, 0.043723262235878815)
15 (30, 0.04185668041631899)
16 (15, 0.02880301892197451)
17 (14, 0.01522424688677)
18 (29, 0.010255331152449006)
19 (28, 0.01006199123467861)
20 (7, 0.0096798370862644)
21 (25, 0.0089688521976675)
22 (20, 0.007916324987508019)
23 (2, 0.007050225288216233)
24 (1, 0.00627850206244785)
25 (4, 0.00627850206244785)
26 (8, 0.00627850206244785)
27 (13, 0.00627850206244785)
28 (17, 0.00627850206244785)
29 (19, 0.00627850206244785)
30 (21, 0.00627850206244785)
31 (22, 0.00627850206244785)
32 (24, 0.00627850206244785)
33 (31, 0.00627850206244785)
34 (33, 0.00627850206244785)
10
orders
1 (10, 0.21012263583232568)
2 (5, 0.13243642359727978)
3 (0, 0.08630758921526033)
4 (12, 0.0828871647292305)
5 (15, 0.04859557054673664)
6 (27, 0.046413772687159835)
7 (9, 0.04543474563158528)
8 (26, 0.03960283423167289)
9 (6, 0.03954864699857139)
10 (13, 0.038932312019930075)
11 (11, 0.02817065359472288)
12 (14, 0.022984994595969525)
13 (19, 0.014926164666642736)
14 (32, 0.014288896560378038)
15 (16, 0.013607057122886517)
16 (4, 0.012372217313598066)
17 (23, 0.012372217313598066)
18 (25, 0.00827315096714737)
19 (20, 0.00809387687822281)
20 (21, 0.007593989709588118)
21 (7, 0.007328319829415709)
22 (33, 0.006996388193526855)
23 (28, 0.006710739274259812)
24 (29, 0.0066495606745130996)
25 (18, 0.00651075303547066)
26 (2, 0.006162814213737098)
27 (1, 0.005834563820821276)
28 (3, 0.005834563820821276)
29 (8, 0.005834563820821276)
30 (17, 0.005834563820821276)
31 (22, 0.005834563820821276)
32 (24, 0.005834563820821276)
33 (30, 0.005834563820821276)
34 (31, 0.005834563820821276)
-----one service finish-----
4
1
carts
1 (21, 0.06788562977531767)
2 (27, 0.04766697073227595)
3 (5, 0.03987010503640505)
4 (30, 0.03748634044821668)
5 (24, 0.036371988392026766)
6 (1, 0.03250318735281573)
7 (3, 0.03250318735281573)
8 (4, 0.03250318735281573)
9 (6, 0.03250318735281573)
10 (8, 0.03250318735281573)
11 (9, 0.03250318735281573)
12 (11, 0.03250318735281573)
13 (12, 0.03250318735281573)
14 (13, 0.03250318735281573)
15 (15, 0.03250318735281573)
16 (18, 0.03250318735281573)
17 (19, 0.03250318735281573)
18 (20, 0.03250318735281573)
19 (25, 0.03250318735281573)
20 (26, 0.03250318735281573)
21 (28, 0.03250318735281573)
22 (33, 0.03250318735281573)
23 (35, 0.03250318735281573)
24 (36, 0.03250318735281573)
25 (0, 0.029823949473951495)
26 (14, 0.02441223716396331)
27 (22, 0.019124063535979084)
28 (32, 0.01484178429372427)
29 (34, 0.013948131425655057)
30 (17, 0.009331787834161963)
31 (23, 0.00888009903850343)
32 (2, 0.0077055244421267875)
33 (7, 0.005588916292504069)
34 (10, 0.004875478102922361)
35 (16, 0.004875478102922361)
36 (29, 0.004875478102922361)
37 (31, 0.004875478102922361)
2
carts
1 (30, 0.09202148669343016)
2 (14, 0.08951565692556447)
3 (0, 0.08171241338871266)
4 (10, 0.0705164550357839)
5 (22, 0.06885941381464708)
6 (12, 0.06241208233921302)
7 (13, 0.06115609853127548)
8 (19, 0.039194369814933176)
9 (26, 0.0383820593214544)
10 (25, 0.0381156069367751)
11 (3, 0.035411424751585874)
12 (20, 0.03436082483706605)
13 (8, 0.033412008485314386)
14 (33, 0.03206844873458174)
15 (11, 0.030608187908671817)
16 (31, 0.029763233975721712)
17 (1, 0.0252248368166964)
18 (6, 0.02053742286307538)
19 (35, 0.015898608121258487)
20 (15, 0.012008059502708722)
21 (34, 0.00742905651324313)
22 (36, 0.006526768860054167)
23 (27, 0.006306073145844685)
24 (21, 0.00620452752595743)
25 (28, 0.005589152916799091)
26 (4, 0.005501041064547403)
27 (32, 0.005302452466091697)
28 (23, 0.0050363741771872325)
29 (5, 0.004861789953438878)
30 (18, 0.004779802545803056)
31 (9, 0.004618734515896166)
32 (2, 0.004592696961857925)
33 (17, 0.004554804616838856)
34 (7, 0.0043795064844925615)
35 (16, 0.0043795064844925615)
36 (24, 0.0043795064844925615)
37 (29, 0.0043795064844925615)
3
carts
1 (22, 0.07627300208409947)
2 (32, 0.07376372774578517)
3 (34, 0.07180947367229394)
4 (21, 0.07062365811591256)
5 (0, 0.0697019664505574)
6 (27, 0.06947836997233252)
7 (14, 0.06901021163663265)
8 (10, 0.06677926317870993)
9 (6, 0.0439623321591592)
10 (8, 0.04108835470789381)
11 (19, 0.040379608475076136)
12 (33, 0.039119525924607226)
13 (30, 0.034241241916106405)
14 (12, 0.03394866764373392)
15 (1, 0.03301186279287428)
16 (11, 0.03194676374166315)
17 (9, 0.013030011521110675)
18 (20, 0.010735427954711938)
19 (35, 0.010049264439894411)
20 (15, 0.009270776326571176)
21 (25, 0.009009359637945025)
22 (3, 0.00835787671841596)
23 (28, 0.006621939440973121)
24 (36, 0.005575907215387641)
25 (18, 0.005505269482197825)
26 (5, 0.005265916188577721)
27 (23, 0.005247763434609237)
28 (26, 0.005068578524969597)
29 (17, 0.004942451428149093)
30 (31, 0.004884725164730864)
31 (13, 0.004820963296392341)
32 (2, 0.004670324402044278)
33 (4, 0.004361082921176256)
34 (7, 0.004361082921176256)
35 (16, 0.004361082921176256)
36 (24, 0.004361082921176256)
37 (29, 0.004361082921176256)
4
carts
1 (32, 0.12891087759616146)
2 (21, 0.08674930095931668)
3 (14, 0.07696953148632912)
4 (10, 0.0708779750509653)
5 (0, 0.0600134936878202)
6 (15, 0.043792896300291)
7 (20, 0.04170313421183932)
8 (30, 0.04061183048987177)
9 (25, 0.038719223731747424)
10 (12, 0.03866042608957182)
11 (8, 0.03834917838112779)
12 (1, 0.037799348100906016)
13 (11, 0.0362846185513125)
14 (28, 0.03575376041079848)
15 (19, 0.034151728379854494)
16 (6, 0.030466968990661467)
17 (3, 0.01766157168752245)
18 (22, 0.016124990002826998)
19 (35, 0.0146444715387643)
20 (4, 0.011932519395098847)
21 (34, 0.010260185659451245)
22 (36, 0.007206502018012476)
23 (33, 0.006457690370220817)
24 (23, 0.006118984999700378)
25 (18, 0.005828621377630201)
26 (26, 0.005793638407037421)
27 (31, 0.005739014380003714)
28 (5, 0.005579577057186235)
29 (27, 0.005512764138549564)
30 (13, 0.005475575580690001)
31 (17, 0.005469364550264743)
32 (9, 0.005427337207042227)
33 (2, 0.00527067121299168)
34 (7, 0.004920556999607972)
35 (16, 0.004920556999607972)
36 (24, 0.004920556999607972)
37 (29, 0.004920556999607972)
5
carts
1 (27, 0.12310629527538287)
2 (32, 0.07809895259595477)
3 (3, 0.05163066076417492)
4 (10, 0.04998416377253983)
5 (6, 0.04415627188420276)
6 (21, 0.04275554127210312)
7 (35, 0.0423914580257424)
8 (19, 0.042025026672974024)
9 (12, 0.041729606065163995)
10 (30, 0.04161346173166222)
11 (25, 0.04128378112881764)
12 (11, 0.040977543707923725)
13 (14, 0.040678878128390064)
14 (1, 0.040597982880916435)
15 (8, 0.04043783968996997)
16 (28, 0.034767518030446115)
17 (0, 0.03165022803127939)
18 (22, 0.026158252069046244)
19 (34, 0.018745229767822412)
20 (15, 0.016393949164431425)
21 (33, 0.009202932496184807)
22 (18, 0.008317052519716452)
23 (5, 0.00787979070183327)
24 (17, 0.007349829797348309)
25 (23, 0.007202026290795414)
26 (24, 0.006823508392141291)
27 (20, 0.006697304685052032)
28 (2, 0.0063184338361517624)
29 (31, 0.006311588987939774)
30 (36, 0.006197142823256685)
31 (26, 0.00600599129778218)
32 (13, 0.005842213696284111)
33 (4, 0.005809032998301882)
34 (7, 0.005215127704566918)
35 (9, 0.005215127704566918)
36 (16, 0.005215127704566918)
37 (29, 0.005215127704566918)
6
carts
1 (19, 0.13375524858264443)
2 (20, 0.08718559891574712)
3 (33, 0.07430601465728659)
4 (32, 0.06733143466315246)
5 (21, 0.06226466857209776)
6 (0, 0.05766820967440725)
7 (14, 0.05500558364042972)
8 (35, 0.03727212285607904)
9 (30, 0.03722690430798424)
10 (12, 0.03629033735926229)
11 (1, 0.03610145453689156)
12 (25, 0.0359534655548842)
13 (3, 0.03566195709996276)
14 (6, 0.033775082658655024)
15 (28, 0.032941244987286185)
16 (15, 0.03045617595434716)
17 (10, 0.018091373872635846)
18 (22, 0.01759659042176742)
19 (34, 0.01148451742872466)
20 (8, 0.009165905383746172)
21 (11, 0.0074893436515349465)
22 (23, 0.006182549161820545)
23 (18, 0.006058413294939264)
24 (36, 0.005780917488622553)
25 (27, 0.005576497779960871)
26 (5, 0.005436859039587142)
27 (17, 0.00543467989173987)
28 (31, 0.005375871495497413)
29 (2, 0.005087730587636252)
30 (13, 0.0050046347356841915)
31 (26, 0.0049839687513439325)
32 (4, 0.004675773832273516)
33 (7, 0.004675773832273516)
34 (9, 0.004675773832273516)
35 (16, 0.004675773832273516)
36 (24, 0.004675773832273516)
37 (29, 0.004675773832273516)
7
carts
1 (12, 0.07145950645070473)
2 (27, 0.06173650750637028)
3 (21, 0.06112142275659203)
4 (6, 0.058191961157607566)
5 (32, 0.056893262440045084)
6 (0, 0.055325290936523004)
7 (22, 0.05385479222064522)
8 (14, 0.052464541731621114)
9 (10, 0.05009912397251903)
10 (34, 0.04548671637655416)
11 (1, 0.04274125562386068)
12 (33, 0.0422694621777871)
13 (13, 0.04193515277269426)
14 (25, 0.03882746400160504)
15 (26, 0.03643187266006745)
16 (11, 0.03337346240204593)
17 (19, 0.033230565153388285)
18 (20, 0.0291443953062483)
19 (15, 0.02428683207765028)
20 (35, 0.011002391815272131)
21 (30, 0.010228188630839467)
22 (8, 0.009295368784923659)
23 (3, 0.009107035941201836)
24 (28, 0.006371757038317486)
25 (36, 0.005943906923551833)
26 (18, 0.005498954627422137)
27 (23, 0.005385926195936871)
28 (31, 0.0051608040607650126)
29 (5, 0.005110414974385766)
30 (2, 0.0050801932758792875)
31 (17, 0.005075278046690004)
32 (9, 0.00497517662828759)
33 (4, 0.0047764985008403454)
34 (7, 0.004528629207789216)
35 (16, 0.004528629207789216)
36 (24, 0.004528629207789216)
37 (29, 0.004528629207789216)
8
carts
1 (0, 0.06686757255332838)
2 (14, 0.06353305916620373)
3 (28, 0.06351494783562668)
4 (32, 0.061820452884775175)
5 (27, 0.060635002925140444)
6 (10, 0.06037112716258936)
7 (22, 0.05818069408455407)
8 (1, 0.057989813336720555)
9 (21, 0.05736470654720431)
10 (30, 0.053371999458323355)
11 (34, 0.0505670090076932)
12 (33, 0.04291192942072418)
13 (12, 0.03557605529138087)
14 (8, 0.03515918239988042)
15 (6, 0.03284803754193367)
16 (15, 0.028759373394278226)
17 (19, 0.024631080111150835)
18 (20, 0.018789608938360056)
19 (11, 0.01706617237036528)
20 (35, 0.013310056534343423)
21 (25, 0.0099224786933211)
22 (3, 0.009847079676546796)
23 (36, 0.006962951119369475)
24 (31, 0.005488749082633811)
25 (23, 0.005475989356376609)
26 (26, 0.005459198282243839)
27 (18, 0.005309216712483671)
28 (5, 0.005240859389630862)
29 (2, 0.004994403890572187)
30 (13, 0.004976774546820049)
31 (17, 0.004960640950537013)
32 (9, 0.004959214160007735)
33 (4, 0.004889561508597842)
34 (7, 0.004561250416570675)
35 (16, 0.004561250416570675)
36 (24, 0.004561250416570675)
37 (29, 0.004561250416570675)
9
carts
1 (33, 0.14398617788738244)
2 (32, 0.09279172369445592)
3 (21, 0.08166476018340225)
4 (10, 0.06243260632509907)
5 (0, 0.05682670338507179)
6 (25, 0.04779076620574361)
7 (14, 0.046704377836481466)
8 (26, 0.041611553131264696)
9 (19, 0.03922967041224168)
10 (30, 0.03767177551578177)
11 (15, 0.0372723365415003)
12 (12, 0.03664054959005335)
13 (11, 0.034389109942549505)
14 (28, 0.03436302067005235)
15 (13, 0.03203239127930437)
16 (22, 0.02001433017988359)
17 (6, 0.019365399297184213)
18 (34, 0.01411207375510855)
19 (35, 0.012009868894873241)
20 (3, 0.009910332482206883)
21 (8, 0.00973048842532875)
22 (1, 0.009442598139419773)
23 (20, 0.0064205367132667565)
24 (36, 0.006056906271712634)
25 (23, 0.005902655860209869)
26 (5, 0.005677830689162405)
27 (18, 0.005652929675992911)
28 (27, 0.005446665226727957)
29 (17, 0.005312792230627012)
30 (31, 0.005308289070089254)
31 (9, 0.005149827099445839)
32 (4, 0.005106728212267607)
33 (2, 0.005085164642704051)
34 (7, 0.0047217651333510465)
35 (16, 0.0047217651333510465)
36 (24, 0.0047217651333510465)
37 (29, 0.0047217651333510465)
10
carts
1 (6, 0.06912514660141957)
2 (22, 0.05842574033373475)
3 (32, 0.05717405192356878)
4 (34, 0.05582636576980857)
5 (27, 0.054492902219956604)
6 (21, 0.05375997278708874)
7 (14, 0.0537461068071001)
8 (0, 0.05336728103755303)
9 (10, 0.05194504086709479)
10 (15, 0.043204409812080326)
11 (33, 0.03862965155288367)
12 (8, 0.036061667011026304)
13 (30, 0.033822603553064705)
14 (11, 0.03247634992674911)
15 (1, 0.032381148321558986)
16 (9, 0.03164878145538033)
17 (28, 0.03084901212225332)
18 (25, 0.029164522980164878)
19 (26, 0.027269032823265572)
20 (12, 0.024572080633858608)
21 (13, 0.02216615680090422)
22 (19, 0.019178379211937806)
23 (20, 0.014830759313828865)
24 (35, 0.009907035742039485)
25 (3, 0.008225088746664343)
26 (36, 0.005567893705218077)
27 (18, 0.0055519250612279195)
28 (23, 0.005329210582372533)
29 (5, 0.005253240515335951)
30 (17, 0.004961697195014377)
31 (31, 0.004858170406400587)
32 (2, 0.0046222593469670056)
33 (4, 0.004321262966495592)
34 (7, 0.004321262966495592)
35 (16, 0.004321262966495592)
36 (24, 0.004321262966495592)
37 (29, 0.004321262966495592)
-----one service finish-----
5
1
payment
1 (26, 0.14828017052369075)
2 (14, 0.08634361511881011)
3 (27, 0.06248002716899351)
4 (10, 0.06191906439562403)
5 (29, 0.05990398416710044)
6 (21, 0.056713965885074866)
7 (19, 0.04603566033666585)
8 (8, 0.043945171221886674)
9 (24, 0.043945171221886674)
10 (35, 0.043945171221886674)
11 (32, 0.04050545467079573)
12 (16, 0.037490145395509454)
13 (1, 0.022817773278592964)
14 (22, 0.02177914484667966)
15 (31, 0.020439535179417868)
16 (30, 0.019506429311225548)
17 (0, 0.019398336498086564)
18 (23, 0.01822415525696103)
19 (28, 0.018180811407990258)
20 (20, 0.017493678905230174)
21 (3, 0.012078547635703636)
22 (13, 0.012078547635703636)
23 (7, 0.010331956607126398)
24 (18, 0.0074402121949755425)
25 (2, 0.006864530011791416)
26 (4, 0.0056235218093264195)
27 (5, 0.0056235218093264195)
28 (6, 0.0056235218093264195)
29 (9, 0.0056235218093264195)
30 (11, 0.0056235218093264195)
31 (12, 0.0056235218093264195)
32 (15, 0.0056235218093264195)
33 (17, 0.0056235218093264195)
34 (25, 0.0056235218093264195)
35 (33, 0.0056235218093264195)
36 (34, 0.0056235218093264195)
2
payment
1 (26, 0.12253269690094873)
2 (14, 0.0716244500801941)
3 (2, 0.06267070445736875)
4 (27, 0.06196508084606259)
5 (22, 0.050344223155571646)
6 (0, 0.049480105356873694)
7 (1, 0.049273057018617804)
8 (28, 0.04422573202429726)
9 (8, 0.0413285375753517)
10 (13, 0.0413285375753517)
11 (19, 0.0413285375753517)
12 (24, 0.0413285375753517)
13 (29, 0.0413285375753517)
14 (35, 0.0413285375753517)
15 (21, 0.03904739942264016)
16 (32, 0.03738379302324556)
17 (10, 0.028907057658497076)
18 (16, 0.01835195455396212)
19 (31, 0.01200025390103348)
20 (7, 0.011350648227864447)
21 (3, 0.011123112545367717)
22 (20, 0.007123337654207763)
23 (4, 0.005330369122938352)
24 (5, 0.005330369122938352)
25 (6, 0.005330369122938352)
26 (9, 0.005330369122938352)
27 (11, 0.005330369122938352)
28 (12, 0.005330369122938352)
29 (15, 0.005330369122938352)
30 (17, 0.005330369122938352)
31 (18, 0.005330369122938352)
32 (23, 0.005330369122938352)
33 (25, 0.005330369122938352)
34 (30, 0.005330369122938352)
35 (33, 0.005330369122938352)
36 (34, 0.005330369122938352)
3
payment
1 (26, 0.20689564415536998)
2 (14, 0.13644895851270278)
3 (27, 0.09343285482849206)
4 (29, 0.08478756576260268)
5 (28, 0.05120106534483136)
6 (30, 0.04313790561978774)
7 (35, 0.04239322115423676)
8 (8, 0.041675057541573114)
9 (0, 0.026596234946825132)
10 (13, 0.024764208236142893)
11 (22, 0.02171401726940554)
12 (31, 0.019425248176755804)
13 (20, 0.019165516503623768)
14 (12, 0.01768969245408534)
15 (19, 0.014055475421028182)
16 (10, 0.012830318936399689)
17 (1, 0.012823861874158803)
18 (3, 0.011247615700133832)
19 (24, 0.011247615700133832)
20 (23, 0.010187273014560615)
21 (21, 0.010018711791777919)
22 (18, 0.007931577637081955)
23 (5, 0.007674077212897008)
24 (7, 0.0074784539996509925)
25 (2, 0.006112794042948534)
26 (4, 0.0053695485602539925)
27 (6, 0.0053695485602539925)
28 (9, 0.0053695485602539925)
29 (11, 0.0053695485602539925)
30 (15, 0.0053695485602539925)
31 (16, 0.0053695485602539925)
32 (17, 0.0053695485602539925)
33 (25, 0.0053695485602539925)
34 (32, 0.0053695485602539925)
35 (33, 0.0053695485602539925)
36 (34, 0.0053695485602539925)
4
payment
1 (29, 0.18103744455589552)
2 (26, 0.16075265814751274)
3 (14, 0.13831062991911616)
4 (27, 0.10029389310646195)
5 (28, 0.045729331273720766)
6 (8, 0.043796838154831465)
7 (22, 0.029810394364320054)
8 (30, 0.023989094516918785)
9 (0, 0.022834473982129188)
10 (20, 0.020517398243318417)
11 (31, 0.018663063017334145)
12 (10, 0.014511957912311538)
13 (1, 0.0132875651326739)
14 (35, 0.013046515936613563)
15 (5, 0.012872130851163299)
16 (19, 0.012725154273325094)
17 (24, 0.012564063816418272)
18 (3, 0.012021039630401324)
19 (13, 0.012021039630401324)
20 (23, 0.009986608670113157)
21 (21, 0.009241474256698386)
22 (16, 0.009134321059888574)
23 (7, 0.007496694089985659)
24 (2, 0.006550061948850001)
25 (18, 0.006223745123623893)
26 (25, 0.0060827564379505265)
27 (34, 0.006032207232750958)
28 (4, 0.005607493857252379)
29 (6, 0.005607493857252379)
30 (9, 0.005607493857252379)
31 (11, 0.005607493857252379)
32 (12, 0.005607493857252379)
33 (15, 0.005607493857252379)
34 (17, 0.005607493857252379)
35 (32, 0.005607493857252379)
36 (33, 0.005607493857252379)
5
payment
1 (29, 0.18307639798384692)
2 (26, 0.16291601139416984)
3 (14, 0.1414153092621089)
4 (27, 0.11297187104677751)
5 (28, 0.05777025275357147)
6 (22, 0.03176901373038082)
7 (0, 0.02305132218822336)
8 (30, 0.021118606882154195)
9 (21, 0.020631263861101055)
10 (31, 0.016798454319462863)
11 (10, 0.01605875200273222)
12 (20, 0.014011498489031543)
13 (1, 0.012994519381972169)
14 (19, 0.012476107547927546)
15 (24, 0.012319625654973122)
16 (35, 0.012269088890874526)
17 (3, 0.011777877750046137)
18 (8, 0.011777877750046137)
19 (13, 0.011777877750046137)
20 (5, 0.011323623136234187)
21 (16, 0.010516413042408359)
22 (23, 0.009852113106366973)
23 (7, 0.007404578879580615)
24 (2, 0.006495027172998118)
25 (18, 0.006144224859585944)
26 (25, 0.006006037326658431)
27 (4, 0.005527625383672077)
28 (6, 0.005527625383672077)
29 (9, 0.005527625383672077)
30 (11, 0.005527625383672077)
31 (12, 0.005527625383672077)
32 (15, 0.005527625383672077)
33 (17, 0.005527625383672077)
34 (32, 0.005527625383672077)
35 (33, 0.005527625383672077)
36 (34, 0.005527625383672077)
6
payment
1 (29, 0.2142389897442832)
2 (26, 0.1701354186107191)
3 (14, 0.14588290257918227)
4 (27, 0.07229016291918129)
5 (0, 0.03662546773465421)
6 (22, 0.0301607081648261)
7 (28, 0.02962033448872232)
8 (30, 0.025997303194769807)
9 (20, 0.0220282192882041)
10 (31, 0.018799594942144084)
11 (10, 0.017264098021405053)
12 (5, 0.014010285756933884)
13 (1, 0.013422786232005357)
14 (19, 0.013342901064283954)
15 (24, 0.013196451290083469)
16 (35, 0.013145162483744479)
17 (13, 0.013121673878956996)
18 (3, 0.012618225832111321)
19 (8, 0.012618225832111321)
20 (23, 0.010500245410469735)
21 (21, 0.009732933150476976)
22 (7, 0.007765496512334364)
23 (2, 0.0067427250705917865)
24 (18, 0.006399501318553369)
25 (25, 0.006275373584857725)
26 (12, 0.00621199383145469)
27 (4, 0.005785281906293896)
28 (6, 0.005785281906293896)
29 (9, 0.005785281906293896)
30 (11, 0.005785281906293896)
31 (15, 0.005785281906293896)
32 (16, 0.005785281906293896)
33 (17, 0.005785281906293896)
34 (32, 0.005785281906293896)
35 (33, 0.005785281906293896)
36 (34, 0.005785281906293896)
7
payment
1 (29, 0.2130216189088862)
2 (26, 0.1321845509247133)
3 (14, 0.12810843816307305)
4 (27, 0.10786881063779682)
5 (21, 0.04045921121276095)
6 (35, 0.031179504585255074)
7 (28, 0.029674573398691638)
8 (30, 0.02855233442048997)
9 (22, 0.024529101276865247)
10 (0, 0.023455556522648534)
11 (20, 0.01951735062640807)
12 (31, 0.01898847232465476)
13 (34, 0.016512571028206975)
14 (19, 0.013385618370627952)
15 (24, 0.012461280780013408)
16 (3, 0.012024123132953538)
17 (8, 0.012024123132953538)
18 (13, 0.012024123132953538)
19 (1, 0.011475157278143569)
20 (5, 0.01110001154374475)
21 (10, 0.00952909836875415)
22 (23, 0.009422525525213103)
23 (7, 0.007289762343369239)
24 (18, 0.006803365795823461)
25 (2, 0.006318670077017363)
26 (25, 0.005992974760209237)
27 (4, 0.005609707172777255)
28 (6, 0.005609707172777255)
29 (9, 0.005609707172777255)
30 (11, 0.005609707172777255)
31 (12, 0.005609707172777255)
32 (15, 0.005609707172777255)
33 (16, 0.005609707172777255)
34 (17, 0.005609707172777255)
35 (32, 0.005609707172777255)
36 (33, 0.005609707172777255)
8
payment
1 (26, 0.24108740421684394)
2 (14, 0.15443452391583506)
3 (29, 0.06454904619345356)
4 (28, 0.06244003461424887)
5 (27, 0.04687021874512097)
6 (19, 0.04436177826174875)
7 (24, 0.044220899929627404)
8 (8, 0.04360034828914867)
9 (22, 0.04147296981529616)
10 (31, 0.025232724465679583)
11 (0, 0.022476968532371994)
12 (30, 0.02102607675629941)
13 (20, 0.013184349785911495)
14 (23, 0.012930738857082066)
15 (3, 0.011955735344619484)
16 (13, 0.011955735344619484)
17 (35, 0.011955735344619484)
18 (10, 0.009516288400470618)
19 (21, 0.00934359041727917)
20 (1, 0.00899179717214037)
21 (5, 0.00827501488907463)
22 (16, 0.007935416172336446)
23 (7, 0.0075686672985133)
24 (2, 0.006393540319516046)
25 (18, 0.006250066569769349)
26 (25, 0.006126895740380932)
27 (4, 0.00558434346079927)
28 (6, 0.00558434346079927)
29 (9, 0.00558434346079927)
30 (11, 0.00558434346079927)
31 (12, 0.00558434346079927)
32 (15, 0.00558434346079927)
33 (17, 0.00558434346079927)
34 (32, 0.00558434346079927)
35 (33, 0.00558434346079927)
36 (34, 0.00558434346079927)
9
payment
1 (26, 0.14007441572672538)
2 (14, 0.09231508213168828)
3 (27, 0.08047463553880053)
4 (22, 0.06285072953757875)
5 (1, 0.04722774987850304)
6 (16, 0.04687707750923127)
7 (8, 0.0413948927489096)
8 (13, 0.0413948927489096)
9 (19, 0.0413948927489096)
10 (24, 0.0413948927489096)
11 (29, 0.0413948927489096)
12 (35, 0.0413948927489096)
13 (0, 0.0401406568073443)
14 (21, 0.0366053017313972)
15 (23, 0.035562035619316146)
16 (32, 0.035562035619316146)
17 (7, 0.01378410674137491)
18 (31, 0.012017811553328362)
19 (3, 0.011167162472490874)
20 (10, 0.010161534681346215)
21 (2, 0.006795727814639609)
22 (4, 0.005334305342897423)
23 (5, 0.005334305342897423)
24 (6, 0.005334305342897423)
25 (9, 0.005334305342897423)
26 (11, 0.005334305342897423)
27 (12, 0.005334305342897423)
28 (15, 0.005334305342897423)
29 (17, 0.005334305342897423)
30 (18, 0.005334305342897423)
31 (20, 0.005334305342897423)
32 (25, 0.005334305342897423)
33 (28, 0.005334305342897423)
34 (30, 0.005334305342897423)
35 (33, 0.005334305342897423)
36 (34, 0.005334305342897423)
10
payment
1 (21, 0.15448120371159846)
2 (26, 0.09249169846939437)
3 (14, 0.0757122344781482)
4 (29, 0.05673346847952478)
5 (19, 0.052741615400498015)
6 (16, 0.05218591438335363)
7 (1, 0.04563562770435114)
8 (8, 0.04241972765406198)
9 (24, 0.04241972765406198)
10 (35, 0.04241972765406198)
11 (15, 0.03634640367231079)
12 (22, 0.0360483149221189)
13 (27, 0.033198723669495826)
14 (28, 0.02755031517446513)
15 (0, 0.024969572177953626)
16 (30, 0.01830029074026653)
17 (31, 0.016728850803124754)
18 (20, 0.015258809806101654)
19 (18, 0.0147128412859944)
20 (10, 0.012789969210532723)
21 (13, 0.011525284532597813)
22 (3, 0.011525284532597812)
23 (7, 0.008798807459175507)
24 (32, 0.00830938448230866)
25 (2, 0.006724635882588591)
26 (4, 0.00545196055084662)
27 (5, 0.00545196055084662)
28 (6, 0.00545196055084662)
29 (9, 0.00545196055084662)
30 (11, 0.00545196055084662)
31 (12, 0.00545196055084662)
32 (17, 0.00545196055084662)
33 (23, 0.00545196055084662)
34 (25, 0.00545196055084662)
35 (33, 0.00545196055084662)
36 (34, 0.00545196055084662)
-----one service finish-----
6
1
shipping
1 (8, 0.1199754348095173)
2 (9, 0.08283320521671682)
3 (0, 0.08049697871111695)
4 (32, 0.0774959139445666)
5 (33, 0.07549552120855454)
6 (34, 0.07498225580338011)
7 (14, 0.07397348606703635)
8 (31, 0.05778271917645484)
9 (13, 0.0380265366274422)
10 (10, 0.034875878782585766)
11 (21, 0.03336395451832847)
12 (1, 0.03220867420535533)
13 (11, 0.031749877217227954)
14 (15, 0.031749877217227954)
15 (20, 0.016230567239061224)
16 (30, 0.012197410874448093)
17 (27, 0.01022708437577492)
18 (18, 0.009630403752108151)
19 (3, 0.00957826731679)
20 (28, 0.009552762715294342)
21 (24, 0.009207975522332084)
22 (22, 0.008053190724407328)
23 (2, 0.006915527756394711)
24 (6, 0.006805351624934515)
25 (12, 0.006783707849721112)
26 (7, 0.005345512472511285)
27 (19, 0.0052242630524171885)
28 (4, 0.005167269608238916)
29 (29, 0.005139389008563054)
30 (5, 0.005118594688571016)
31 (16, 0.004762481582584193)
32 (17, 0.004762481582584193)
33 (23, 0.004762481582584193)
34 (25, 0.004762481582584193)
35 (26, 0.004762481582584193)
2
shipping
1 (33, 0.17957642806225377)
2 (20, 0.09453915151638564)
3 (14, 0.08584985465109064)
4 (0, 0.07373237568996288)
5 (31, 0.061389633556669564)
6 (32, 0.06003191141669892)
7 (13, 0.044299169006069394)
8 (27, 0.042722123059042584)
9 (18, 0.04150798197644537)
10 (34, 0.03824836679243523)
11 (1, 0.03554532066990803)
12 (11, 0.03499543081720316)
13 (15, 0.03499543081720316)
14 (10, 0.014895799822655147)
15 (4, 0.013286309914454432)
16 (28, 0.011244756703920167)
17 (30, 0.010973832287005434)
18 (8, 0.010753044901404756)
19 (24, 0.010753044901404754)
20 (12, 0.00888121713392766)
21 (21, 0.00863865196803639)
22 (6, 0.00858455405245527)
23 (3, 0.007317126792927676)
24 (7, 0.006482171366621976)
25 (22, 0.006417023980382618)
26 (26, 0.005761692487467179)
27 (19, 0.005734750349035032)
28 (29, 0.005716507715276935)
29 (5, 0.005630449856173427)
30 (2, 0.005249314622580475)
31 (9, 0.005249314622580475)
32 (16, 0.005249314622580475)
33 (17, 0.005249314622580475)
34 (23, 0.005249314622580475)
35 (25, 0.005249314622580475)
3
shipping
1 (10, 0.19928441716698075)
2 (20, 0.13927878959735968)
3 (14, 0.11547897566662339)
4 (0, 0.0849537376615625)
5 (33, 0.05294154887832176)
6 (31, 0.04896071720569633)
7 (13, 0.045017483276850644)
8 (19, 0.041543241187912645)
9 (11, 0.03851125452544893)
10 (15, 0.03582124272430449)
11 (30, 0.01571935090836635)
12 (27, 0.014751427880040685)
13 (3, 0.011914970673538174)
14 (28, 0.011596633045215821)
15 (34, 0.011485684559615099)
16 (8, 0.011471569462227018)
17 (24, 0.011095184872253834)
18 (22, 0.0103518463127425)
19 (12, 0.008563341782542427)
20 (2, 0.006615122013831322)
21 (4, 0.0061334697068466506)
22 (7, 0.006125883428194627)
23 (32, 0.0060838048933099815)
24 (1, 0.005970340938055969)
25 (29, 0.005839199443851368)
26 (6, 0.005782297364713929)
27 (9, 0.005722973554427838)
28 (5, 0.005373186408645673)
29 (16, 0.005373186408645673)
30 (17, 0.005373186408645673)
31 (18, 0.005373186408645673)
32 (21, 0.005373186408645673)
33 (23, 0.005373186408645673)
34 (25, 0.005373186408645673)
35 (26, 0.005373186408645673)
4
shipping
1 (33, 0.1562510744976949)
2 (31, 0.09841062758064523)
3 (0, 0.07735322598699579)
4 (32, 0.07519648558634198)
5 (27, 0.052393732190726044)
6 (14, 0.04667001021445998)
7 (34, 0.04648961080441408)
8 (13, 0.04522458235540413)
9 (18, 0.04232842911857009)
10 (3, 0.041284350784697055)
11 (1, 0.03586365815380425)
12 (11, 0.03529354671848805)
13 (15, 0.03529354671848805)
14 (21, 0.03529354671848805)
15 (20, 0.025125740426419983)
16 (30, 0.014227512294944265)
17 (10, 0.01325426049333889)
18 (8, 0.01088452548806127)
19 (24, 0.01088452548806127)
20 (28, 0.01088452548806127)
21 (22, 0.010504308809863753)
22 (12, 0.009400696853084011)
23 (19, 0.006256811781383943)
24 (7, 0.005984664313333254)
25 (26, 0.005927600524772457)
26 (4, 0.005672112539499287)
27 (2, 0.005294032007773207)
28 (5, 0.005294032007773207)
29 (6, 0.005294032007773207)
30 (9, 0.005294032007773207)
31 (16, 0.005294032007773207)
32 (17, 0.005294032007773207)
33 (23, 0.005294032007773207)
34 (25, 0.005294032007773207)
35 (29, 0.005294032007773207)
5
shipping
1 (33, 0.26161252073836816)
2 (0, 0.08346986264658036)
3 (14, 0.07763458108074016)
4 (34, 0.06577192915918503)
5 (31, 0.061963419875701385)
6 (32, 0.057237012206869116)
7 (19, 0.05534920578810517)
8 (13, 0.046749105789971365)
9 (11, 0.04030436163199354)
10 (10, 0.027319115457586175)
11 (3, 0.020325437566397767)
12 (20, 0.018767756687117484)
13 (30, 0.012962024736152673)
14 (28, 0.012349806357948504)
15 (18, 0.01213688844208869)
16 (8, 0.012091099893253377)
17 (24, 0.012091099893253377)
18 (27, 0.010123827399398082)
19 (4, 0.009689750585499549)
20 (22, 0.009095936055059461)
21 (21, 0.008044502442904342)
22 (12, 0.007850053111558803)
23 (6, 0.007298577145673233)
24 (7, 0.006277233056077615)
25 (2, 0.006021469563704124)
26 (29, 0.005912619867169547)
27 (1, 0.005897935781452096)
28 (23, 0.005866683098716598)
29 (5, 0.005683740563067753)
30 (9, 0.005683740563067753)
31 (15, 0.005683740563067753)
32 (16, 0.005683740563067753)
33 (17, 0.005683740563067753)
34 (25, 0.005683740563067753)
35 (26, 0.005683740563067753)
6
shipping
1 (33, 0.12719859515207663)
2 (34, 0.09382859447707387)
3 (32, 0.09308930614782021)
4 (0, 0.0914003726630847)
5 (14, 0.08249194527215489)
6 (31, 0.06850479981352384)
7 (13, 0.04387124087329477)
8 (11, 0.043667542379807835)
9 (3, 0.038570325062611176)
10 (19, 0.03857032506261117)
11 (1, 0.03457016751072321)
12 (15, 0.03350082330523635)
13 (20, 0.02997780880650944)
14 (30, 0.023933562044860017)
15 (27, 0.020186487020433755)
16 (10, 0.012582955857884898)
17 (12, 0.010403658171721102)
18 (6, 0.01021229831136835)
19 (28, 0.01009462525316028)
20 (8, 0.010094625253160279)
21 (24, 0.010094625253160279)
22 (7, 0.006757714731292754)
23 (26, 0.0060961196270047325)
24 (2, 0.005025123495785452)
25 (4, 0.005025123495785452)
26 (5, 0.005025123495785452)
27 (9, 0.005025123495785452)
28 (16, 0.005025123495785452)
29 (17, 0.005025123495785452)
30 (18, 0.005025123495785452)
31 (21, 0.005025123495785452)
32 (22, 0.005025123495785452)
33 (23, 0.005025123495785452)
34 (25, 0.005025123495785452)
35 (29, 0.005025123495785452)
7
shipping
1 (34, 0.1819159243052786)
2 (31, 0.1073601036584012)
3 (33, 0.09841784351238851)
4 (32, 0.08398084207170466)
5 (0, 0.0637129999389538)
6 (4, 0.04877271981701897)
7 (13, 0.04321897429851213)
8 (18, 0.04134372366088473)
9 (14, 0.04087744142340504)
10 (1, 0.03525977226340974)
11 (15, 0.034894139899881015)
12 (27, 0.02659551199498801)
13 (20, 0.02149317781984182)
14 (3, 0.013261806148201664)
15 (10, 0.011338153912100968)
16 (30, 0.011236296855228315)
17 (28, 0.010993967374182649)
18 (6, 0.010967763176872413)
19 (9, 0.010685428415580032)
20 (24, 0.010685428415580032)
21 (22, 0.008774389123356726)
22 (11, 0.008644926946030534)
23 (12, 0.007967437917951788)
24 (21, 0.007684685184118664)
25 (7, 0.005907173035902434)
26 (19, 0.00589470540443765)
27 (26, 0.005722764448828536)
28 (29, 0.005528090397350944)
29 (2, 0.005459082669715584)
30 (5, 0.005234120984982152)
31 (8, 0.005234120984982152)
32 (16, 0.005234120984982152)
33 (17, 0.005234120984982152)
34 (23, 0.005234120984982152)
35 (25, 0.005234120984982152)
8
shipping
1 (32, 0.17139321690900716)
2 (0, 0.1208082837224593)
3 (14, 0.07514724821211477)
4 (10, 0.05360097385536303)
5 (20, 0.05157991452357091)
6 (31, 0.048139926074491544)
7 (13, 0.04672969026706282)
8 (19, 0.043290203343612964)
9 (21, 0.03970215698863143)
10 (33, 0.039273633970175276)
11 (34, 0.03786881756921556)
12 (11, 0.03713484983000918)
13 (15, 0.03713484983000918)
14 (30, 0.01849876270427411)
15 (27, 0.01830345020514161)
16 (28, 0.012401846289787738)
17 (3, 0.012394296623048981)
18 (2, 0.011725580988105156)
19 (8, 0.011725580988105156)
20 (24, 0.011725580988105156)
21 (6, 0.01164576489846937)
22 (22, 0.010707814063946533)
23 (12, 0.008663155502622092)
24 (7, 0.006547304401666824)
25 (1, 0.006380148617258796)
26 (29, 0.006180061070545477)
27 (4, 0.006173253031740624)
28 (5, 0.006132042209949499)
29 (9, 0.005570227474501378)
30 (16, 0.005570227474501378)
31 (17, 0.005570227474501378)
32 (18, 0.005570227474501378)
33 (23, 0.005570227474501378)
34 (25, 0.005570227474501378)
35 (26, 0.005570227474501378)
9
shipping
1 (33, 0.2156846913056198)
2 (0, 0.11932916119808021)
3 (14, 0.10990528581607253)
4 (31, 0.08640994340713866)
5 (32, 0.05663590179365167)
6 (18, 0.04485195896521285)
7 (13, 0.0436475766480046)
8 (20, 0.041649392569661)
9 (34, 0.03896901986857086)
10 (11, 0.03532843694297774)
11 (10, 0.023908619506025137)
12 (3, 0.018153092147113355)
13 (30, 0.01284832926882485)
14 (28, 0.011132801290726753)
15 (8, 0.010891842939577973)
16 (24, 0.010891842939577972)
17 (4, 0.009768424730501723)
18 (27, 0.009701787983739609)
19 (22, 0.009386463557883832)
20 (12, 0.007868295660493355)
21 (19, 0.007317471552095316)
22 (7, 0.005902437279343902)
23 (21, 0.005574458580280535)
24 (1, 0.005532299249683322)
25 (29, 0.005526937092030873)
26 (26, 0.0054901378340916915)
27 (2, 0.005299265541446661)
28 (5, 0.005299265541446661)
29 (6, 0.005299265541446661)
30 (9, 0.005299265541446661)
31 (15, 0.005299265541446661)
32 (16, 0.005299265541446661)
33 (17, 0.005299265541446661)
34 (23, 0.005299265541446661)
35 (25, 0.005299265541446661)
10
shipping
1 (33, 0.15048451796547163)
2 (32, 0.11158778206636018)
3 (20, 0.10955866005617154)
4 (0, 0.09756022318953979)
5 (14, 0.07251862245631463)
6 (34, 0.06422052005104446)
7 (31, 0.05147883981626429)
8 (15, 0.04118461554237302)
9 (13, 0.040594408382271484)
10 (19, 0.04042549054112387)
11 (11, 0.03576453450661754)
12 (10, 0.017346089037055045)
13 (30, 0.012822750934162493)
14 (27, 0.012200279159559879)
15 (3, 0.010946364476514472)
16 (28, 0.010430592906058116)
17 (8, 0.010306419041503033)
18 (24, 0.010092773109905969)
19 (22, 0.00879147887154058)
20 (6, 0.008332953545912103)
21 (21, 0.007091160003044335)
22 (12, 0.007065436137268408)
23 (18, 0.006653151195681414)
24 (4, 0.0056177691998686545)
25 (7, 0.005520430555699666)
26 (1, 0.005422973979941882)
27 (29, 0.005351860734135375)
28 (26, 0.00527942684598157)
29 (9, 0.005229877176535297)
30 (2, 0.005019999752679881)
31 (5, 0.005019999752679881)
32 (16, 0.005019999752679881)
33 (17, 0.005019999752679881)
34 (23, 0.005019999752679881)
35 (25, 0.005019999752679881)
-----one service finish-----
2023-03-14 14:29:15
