2023-03-14 15:09:46
0
1
front-end
1 (23, 0.12815660301278525)
2 (10, 0.07795888480261323)
3 (29, 0.07571963565748879)
4 (25, 0.050616207614922804)
5 (3, 0.049662008212226)
6 (6, 0.03822929652934006)
7 (13, 0.0369076599388977)
8 (14, 0.0369076599388977)
9 (19, 0.0369076599388977)
10 (20, 0.0369076599388977)
11 (27, 0.0369076599388977)
12 (32, 0.0369076599388977)
13 (33, 0.0369076599388977)
14 (34, 0.0369076599388977)
15 (30, 0.03534073784642526)
16 (2, 0.031174908061478594)
17 (26, 0.028833096216377804)
18 (11, 0.025667387792378166)
19 (5, 0.02246947054050936)
20 (9, 0.018290497264162958)
21 (21, 0.01540375497643984)
22 (24, 0.01247616296852164)
23 (4, 0.01161234526289709)
24 (8, 0.01161234526289709)
25 (0, 0.011119453141700625)
26 (15, 0.0074918618531441775)
27 (12, 0.0069377704562976)
28 (31, 0.0064272952351275775)
29 (16, 0.006322103836076648)
30 (1, 0.005536148990834655)
31 (7, 0.005536148990834655)
32 (17, 0.005536148990834655)
33 (18, 0.005536148990834655)
34 (22, 0.005536148990834655)
35 (28, 0.005536148990834655)
2
front-end
1 (10, 0.10768133632155967)
2 (9, 0.06404130317854029)
3 (24, 0.05651523339291946)
4 (27, 0.0542816205550307)
5 (23, 0.051292906818118794)
6 (16, 0.0475287590575666)
7 (29, 0.046220713769569155)
8 (26, 0.042133709225322634)
9 (11, 0.03984928204594066)
10 (32, 0.039805948032667904)
11 (6, 0.039662688027088513)
12 (20, 0.03919696551006707)
13 (25, 0.039077290383729237)
14 (22, 0.038801563544789544)
15 (19, 0.03874713439943711)
16 (2, 0.03737773535098588)
17 (0, 0.02780393418444942)
18 (5, 0.026807857611598415)
19 (8, 0.02120371279282355)
20 (21, 0.017491554486245686)
21 (12, 0.017298208201462523)
22 (33, 0.014853286599573582)
23 (14, 0.013078645103900343)
24 (3, 0.012381202354365321)
25 (34, 0.006887753669537965)
26 (1, 0.0067761547522204165)
27 (30, 0.0064319915456628905)
28 (13, 0.0060910112578237635)
29 (15, 0.006052223125820577)
30 (4, 0.005771379116863718)
31 (7, 0.005771379116863718)
32 (17, 0.005771379116863718)
33 (18, 0.005771379116863718)
34 (28, 0.005771379116863718)
35 (31, 0.005771379116863718)
3
front-end
1 (23, 0.13485058092847452)
2 (10, 0.08251905200477719)
3 (22, 0.06080746979058349)
4 (11, 0.05224917012828919)
5 (1, 0.04605072042220562)
6 (19, 0.044211450719908486)
7 (33, 0.044211450719908486)
8 (30, 0.0389563781064822)
9 (2, 0.03892691227510359)
10 (6, 0.03879319485688243)
11 (29, 0.03850091764598969)
12 (32, 0.038162561338135434)
13 (13, 0.037828139631421065)
14 (14, 0.037828139631421065)
15 (24, 0.037828139631421065)
16 (25, 0.037828139631421065)
17 (26, 0.025253705240748034)
18 (5, 0.022873000877678358)
19 (3, 0.020022140299149872)
20 (21, 0.01313289510231603)
21 (4, 0.012749493084810944)
22 (9, 0.012057532033200577)
23 (0, 0.01152049921318047)
24 (27, 0.00688347387313558)
25 (12, 0.006727609882176627)
26 (15, 0.006645601765273806)
27 (31, 0.006573022256246753)
28 (16, 0.006289062296666219)
29 (7, 0.00567422094471316)
30 (8, 0.00567422094471316)
31 (17, 0.00567422094471316)
32 (18, 0.00567422094471316)
33 (20, 0.00567422094471316)
34 (28, 0.00567422094471316)
35 (34, 0.00567422094471316)
4
front-end
1 (10, 0.08754177769444862)
2 (24, 0.07271697187938246)
3 (23, 0.048958778269170125)
4 (30, 0.03620686246905959)
5 (6, 0.03620501859776773)
6 (32, 0.03613536128351519)
7 (27, 0.036125944339975284)
8 (16, 0.0359770699781164)
9 (11, 0.03597399034042269)
10 (33, 0.035885892413357275)
11 (29, 0.0358152110960534)
12 (1, 0.035805665607835956)
13 (26, 0.03558757877327096)
14 (13, 0.0352920804503009)
15 (14, 0.0352920804503009)
16 (19, 0.0352920804503009)
17 (20, 0.0352920804503009)
18 (22, 0.0352920804503009)
19 (25, 0.0352920804503009)
20 (34, 0.029274828661192624)
21 (0, 0.02448505626229802)
22 (9, 0.0228705152788612)
23 (12, 0.02249957756351959)
24 (2, 0.021667436225654296)
25 (21, 0.01713765026457664)
26 (8, 0.016716765681948017)
27 (5, 0.014719654462006156)
28 (3, 0.010859175763325308)
29 (15, 0.006414140860679337)
30 (28, 0.006197533194032212)
31 (4, 0.005293812067545134)
32 (7, 0.005293812067545134)
33 (17, 0.005293812067545134)
34 (18, 0.005293812067545134)
35 (31, 0.005293812067545134)
5
front-end
1 (10, 0.10608682561185738)
2 (16, 0.07332789576315994)
3 (9, 0.07256103586208469)
4 (27, 0.06511126526238858)
5 (32, 0.051921038429295)
6 (33, 0.051046822550587644)
7 (29, 0.0506022619149414)
8 (23, 0.04782457612933734)
9 (21, 0.04704287999114976)
10 (1, 0.042257297609944774)
11 (22, 0.04148903185391352)
12 (19, 0.04117983539085131)
13 (20, 0.04117983539085131)
14 (2, 0.03354250830564937)
15 (6, 0.02569513276887688)
16 (8, 0.02442393298729095)
17 (26, 0.02390922322104772)
18 (14, 0.01880543017409296)
19 (25, 0.014890887874782882)
20 (5, 0.014630272151712599)
21 (3, 0.013745184515005558)
22 (13, 0.010023955827743052)
23 (0, 0.009174186250753393)
24 (11, 0.007670927228241072)
25 (34, 0.0075726851165719734)
26 (30, 0.007215838259030694)
27 (24, 0.006749160807209515)
28 (15, 0.0067125604047827475)
29 (28, 0.006545660495079851)
30 (4, 0.006176975308627697)
31 (7, 0.006176975308627697)
32 (12, 0.006176975308627697)
33 (17, 0.006176975308627697)
34 (18, 0.006176975308627697)
35 (31, 0.006176975308627697)
6
front-end
1 (14, 0.10441026554233979)
2 (27, 0.09350316210451105)
3 (13, 0.06704305022079729)
4 (1, 0.061203377146989424)
5 (23, 0.056426778024726384)
6 (11, 0.05615892584361914)
7 (25, 0.050546656674342695)
8 (9, 0.05040944192950919)
9 (10, 0.05015406540472269)
10 (19, 0.040647769991356004)
11 (20, 0.036391426236921876)
12 (32, 0.034569121367318614)
13 (22, 0.03359450670149376)
14 (3, 0.03183052352967002)
15 (8, 0.028083315208219526)
16 (4, 0.02719692903191137)
17 (2, 0.023474552432614513)
18 (26, 0.01839865878140559)
19 (24, 0.017050378223781373)
20 (16, 0.016611371846571764)
21 (33, 0.011766987507043136)
22 (29, 0.010776091319182194)
23 (0, 0.010310245448466194)
24 (21, 0.008632507507882055)
25 (28, 0.006298096173345567)
26 (34, 0.005996817557385241)
27 (6, 0.005970330473888428)
28 (31, 0.005725307977399744)
29 (15, 0.005723984474413399)
30 (30, 0.005576371785347952)
31 (5, 0.005493737379419112)
32 (7, 0.005006311538351261)
33 (12, 0.005006311538351261)
34 (17, 0.005006311538351261)
35 (18, 0.005006311538351261)
7
front-end
1 (10, 0.053152175531244225)
2 (15, 0.04343449729407048)
3 (21, 0.038388053330082515)
4 (23, 0.038388053330082515)
5 (1, 0.03340759351699299)
6 (3, 0.03340759351699299)
7 (4, 0.03340759351699299)
8 (6, 0.03340759351699299)
9 (8, 0.03340759351699299)
10 (9, 0.03340759351699299)
11 (11, 0.03340759351699299)
12 (13, 0.03340759351699299)
13 (14, 0.03340759351699299)
14 (16, 0.03340759351699299)
15 (18, 0.03340759351699299)
16 (19, 0.03340759351699299)
17 (20, 0.03340759351699299)
18 (22, 0.03340759351699299)
19 (24, 0.03340759351699299)
20 (25, 0.03340759351699299)
21 (27, 0.03340759351699299)
22 (29, 0.03340759351699299)
23 (30, 0.03340759351699299)
24 (31, 0.03340759351699299)
25 (32, 0.03340759351699299)
26 (33, 0.03340759351699299)
27 (34, 0.03340759351699299)
28 (26, 0.013223676804660037)
29 (0, 0.009991598840638476)
30 (2, 0.009991598840638476)
31 (5, 0.005011139027548949)
32 (7, 0.005011139027548949)
33 (12, 0.005011139027548949)
34 (17, 0.005011139027548949)
35 (28, 0.005011139027548949)
8
front-end
1 (23, 0.12544894739721066)
2 (10, 0.07642515924859085)
3 (20, 0.06755767869633925)
4 (6, 0.06755767869633923)
5 (29, 0.05213087987636669)
6 (15, 0.03906025337247068)
7 (16, 0.03839648238033052)
8 (1, 0.0375775810479656)
9 (3, 0.0375775810479656)
10 (4, 0.0375775810479656)
11 (8, 0.0375775810479656)
12 (9, 0.0375775810479656)
13 (22, 0.0375775810479656)
14 (32, 0.0375775810479656)
15 (26, 0.02811764151211694)
16 (2, 0.027442353859411375)
17 (19, 0.026796572209658715)
18 (25, 0.026796572209658715)
19 (13, 0.018955683233122703)
20 (24, 0.018955683233122703)
21 (0, 0.01309245108411797)
22 (30, 0.013039532136398326)
23 (14, 0.011932948898689153)
24 (33, 0.01193294889868915)
25 (21, 0.011755213061562702)
26 (31, 0.00793369266343456)
27 (5, 0.00741484013158551)
28 (12, 0.006757259764660604)
29 (7, 0.005636637157194841)
30 (11, 0.005636637157194841)
31 (17, 0.005636637157194841)
32 (18, 0.005636637157194841)
33 (27, 0.005636637157194841)
34 (28, 0.005636637157194841)
35 (34, 0.005636637157194841)
9
front-end
1 (15, 0.06450289376773888)
2 (10, 0.047283128777125226)
3 (21, 0.039751553150471436)
4 (23, 0.03942547351439196)
5 (30, 0.036043628935838366)
6 (6, 0.035849413038573405)
7 (16, 0.035365962988752435)
8 (1, 0.03477635653000846)
9 (3, 0.03477635653000846)
10 (4, 0.03477635653000846)
11 (8, 0.03477635653000846)
12 (9, 0.03477635653000846)
13 (11, 0.03477635653000846)
14 (12, 0.03477635653000846)
15 (13, 0.03477635653000846)
16 (14, 0.03477635653000846)
17 (20, 0.03477635653000846)
18 (22, 0.03477635653000846)
19 (24, 0.03477635653000846)
20 (25, 0.03477635653000846)
21 (27, 0.03477635653000846)
22 (29, 0.03477635653000846)
23 (32, 0.03477635653000846)
24 (33, 0.03477635653000846)
25 (34, 0.03477635653000846)
26 (26, 0.017073270151589277)
27 (2, 0.014267045299903466)
28 (5, 0.006879393345184494)
29 (0, 0.006285098613271323)
30 (7, 0.00521645347950127)
31 (17, 0.00521645347950127)
32 (18, 0.00521645347950127)
33 (19, 0.00521645347950127)
34 (28, 0.00521645347950127)
35 (31, 0.00521645347950127)
10
front-end
1 (10, 0.07761550765651659)
2 (8, 0.05170296713385661)
3 (23, 0.05017298274908936)
4 (21, 0.04986932479369151)
5 (29, 0.04493135928525101)
6 (33, 0.04487410384292938)
7 (11, 0.038771861881825596)
8 (32, 0.03867540275719767)
9 (6, 0.038626253490297226)
10 (9, 0.03850234556035188)
11 (27, 0.03824143603881475)
12 (16, 0.03809841279086898)
13 (1, 0.03796914050726405)
14 (24, 0.0379612196916062)
15 (22, 0.03781653029070461)
16 (13, 0.03748936825351712)
17 (14, 0.03748936825351712)
18 (19, 0.03748936825351712)
19 (20, 0.03748936825351712)
20 (25, 0.03748936825351712)
21 (2, 0.023818873536179352)
22 (26, 0.01956919534824295)
23 (12, 0.0170534832808401)
24 (5, 0.01566316681061773)
25 (3, 0.01189533606407599)
26 (0, 0.007387584441055786)
27 (15, 0.006755240377915942)
28 (30, 0.006672459297688642)
29 (34, 0.006168539677367422)
30 (4, 0.005623405238027568)
31 (7, 0.005623405238027568)
32 (17, 0.005623405238027568)
33 (18, 0.005623405238027568)
34 (28, 0.005623405238027568)
35 (31, 0.005623405238027568)
-----one service finish-----
1
1
user
1 (19, 0.07656485506825504)
2 (29, 0.07612188272252063)
3 (27, 0.058928682053616704)
4 (32, 0.054493357070591344)
5 (15, 0.054011085723903354)
6 (30, 0.05350794179892638)
7 (26, 0.05151030843841956)
8 (8, 0.05068673279529747)
9 (12, 0.05068673279529747)
10 (23, 0.05068673279529747)
11 (6, 0.04859666830464564)
12 (22, 0.04601967834534319)
13 (1, 0.042931777598968934)
14 (21, 0.042931777598968934)
15 (31, 0.042931777598968934)
16 (0, 0.027561852934408295)
17 (18, 0.02725240920564535)
18 (14, 0.016788498288838598)
19 (3, 0.016681286919312806)
20 (2, 0.01218877589374169)
21 (28, 0.012139338273685065)
22 (7, 0.009528924669023928)
23 (25, 0.009438996988086517)
24 (4, 0.008014036023697541)
25 (5, 0.007673321790737746)
26 (10, 0.007044201824883853)
27 (9, 0.00643976663984534)
28 (11, 0.00643976663984534)
29 (13, 0.00643976663984534)
30 (16, 0.00643976663984534)
31 (17, 0.00643976663984534)
32 (20, 0.00643976663984534)
33 (24, 0.00643976663984534)
2
user
1 (7, 0.059746045061328176)
2 (30, 0.053683937316615284)
3 (27, 0.04716840677013535)
4 (32, 0.04592450644004675)
5 (23, 0.04538795853201411)
6 (22, 0.043893585465995436)
7 (26, 0.042778591629549584)
8 (4, 0.03953962597231015)
9 (1, 0.03945388314900645)
10 (19, 0.03877103302903691)
11 (6, 0.0387640715167429)
12 (3, 0.03803064139327955)
13 (8, 0.03803064139327955)
14 (9, 0.03803064139327955)
15 (11, 0.03803064139327955)
16 (12, 0.03803064139327955)
17 (13, 0.03803064139327955)
18 (15, 0.03803064139327955)
19 (18, 0.03803064139327955)
20 (21, 0.03803064139327955)
21 (31, 0.03803064139327955)
22 (25, 0.03047816683223675)
23 (14, 0.02112164819790162)
24 (0, 0.01381202504150558)
25 (28, 0.008565673481605125)
26 (2, 0.0074838393919578194)
27 (29, 0.007277849316833192)
28 (5, 0.006788645209010103)
29 (10, 0.006235708877405483)
30 (16, 0.005704596208991933)
31 (17, 0.005704596208991933)
32 (20, 0.005704596208991933)
33 (24, 0.005704596208991933)
3
user
1 (29, 0.044047494175587884)
2 (1, 0.03209962317392318)
3 (2, 0.03209962317392318)
4 (3, 0.03209962317392318)
5 (4, 0.03209962317392318)
6 (6, 0.03209962317392318)
7 (7, 0.03209962317392318)
8 (8, 0.03209962317392318)
9 (9, 0.03209962317392318)
10 (10, 0.03209962317392318)
11 (11, 0.03209962317392318)
12 (12, 0.03209962317392318)
13 (13, 0.03209962317392318)
14 (14, 0.03209962317392318)
15 (15, 0.03209962317392318)
16 (16, 0.03209962317392318)
17 (17, 0.03209962317392318)
18 (18, 0.03209962317392318)
19 (19, 0.03209962317392318)
20 (20, 0.03209962317392318)
21 (21, 0.03209962317392318)
22 (22, 0.03209962317392318)
23 (23, 0.03209962317392318)
24 (24, 0.03209962317392318)
25 (26, 0.03209962317392318)
26 (27, 0.03209962317392318)
27 (28, 0.03209962317392318)
28 (30, 0.03209962317392318)
29 (31, 0.03209962317392318)
30 (32, 0.03209962317392318)
31 (25, 0.01327008880463569)
32 (0, 0.006978401499915653)
33 (5, 0.004814943476088478)
4
user
1 (13, 0.13294483227546902)
2 (12, 0.07991435839883214)
3 (28, 0.07365176306610324)
4 (15, 0.07312377630130547)
5 (11, 0.06715027413812086)
6 (24, 0.0630141136394715)
7 (23, 0.05318308558691273)
8 (32, 0.04795900784246859)
9 (6, 0.04212156774881993)
10 (9, 0.04182693961622541)
11 (19, 0.04037767065596779)
12 (26, 0.039227213438880186)
13 (18, 0.03479249193444752)
14 (14, 0.031015802074524007)
15 (5, 0.024867999086961506)
16 (0, 0.01897715793481873)
17 (4, 0.01738643226455349)
18 (25, 0.012935167872082987)
19 (1, 0.011641111873482412)
20 (3, 0.010921177160596025)
21 (29, 0.00936195517111073)
22 (30, 0.008029884263039662)
23 (10, 0.007960467437767517)
24 (7, 0.006529416102375306)
25 (27, 0.006442553394740647)
26 (2, 0.006183173174781631)
27 (31, 0.005736859063709853)
28 (8, 0.005453958080405186)
29 (16, 0.005453958080405186)
30 (17, 0.005453958080405186)
31 (20, 0.005453958080405186)
32 (21, 0.005453958080405186)
33 (22, 0.005453958080405186)
5
user
1 (22, 0.09905288513847281)
2 (15, 0.07291831836362161)
3 (31, 0.05721778357035004)
4 (27, 0.05346848769094293)
5 (29, 0.050313877406121574)
6 (4, 0.0499492220782154)
7 (19, 0.04966095051769396)
8 (8, 0.048257164929504645)
9 (30, 0.04786611407265171)
10 (6, 0.04509025072984655)
11 (26, 0.04393898926634165)
12 (1, 0.042885305753574)
13 (21, 0.04149310265664457)
14 (12, 0.041135878254665144)
15 (13, 0.041135878254665144)
16 (25, 0.03824236722549393)
17 (11, 0.025461367141928946)
18 (14, 0.02525152900205655)
19 (0, 0.01566173529281015)
20 (23, 0.015460430745998599)
21 (32, 0.013648764212781626)
22 (28, 0.009240487744448803)
23 (2, 0.008466859331829266)
24 (5, 0.00734664025471774)
25 (18, 0.006780642008932883)
26 (3, 0.006524729811321878)
27 (7, 0.006507948115169235)
28 (9, 0.006170381738199772)
29 (10, 0.006170381738199772)
30 (16, 0.006170381738199772)
31 (17, 0.006170381738199772)
32 (20, 0.006170381738199772)
33 (24, 0.006170381738199772)
6
user
1 (8, 0.076560689364876)
2 (21, 0.06921234639691175)
3 (4, 0.0660370116956493)
4 (9, 0.06500435366952337)
5 (3, 0.06413058595843592)
6 (13, 0.06352352910996736)
7 (31, 0.0634268428027605)
8 (18, 0.06337645030703797)
9 (19, 0.06302621806823615)
10 (12, 0.06296381708640632)
11 (27, 0.04384460585873769)
12 (6, 0.04352654728301882)
13 (15, 0.038449691754315694)
14 (23, 0.03788005879405511)
15 (1, 0.03305352326284282)
16 (25, 0.01881552195338435)
17 (32, 0.016228078265057167)
18 (14, 0.014451301303317867)
19 (30, 0.010975453827771682)
20 (5, 0.010092363637341402)
21 (29, 0.00913841728478414)
22 (28, 0.008371898861766813)
23 (26, 0.006255533061970117)
24 (24, 0.005860118841043301)
25 (11, 0.0057377350693130665)
26 (22, 0.005498148344352627)
27 (0, 0.005277471030987736)
28 (17, 0.005057460159440468)
29 (10, 0.004930721958153059)
30 (2, 0.004892381270669978)
31 (7, 0.00484220896398668)
32 (16, 0.004779457376942424)
33 (20, 0.004779457376942424)
7
user
1 (25, 0.06824882146445495)
2 (7, 0.04067184368093516)
3 (28, 0.04067184368093516)
4 (2, 0.039047763336313615)
5 (1, 0.035399179233239104)
6 (3, 0.035399179233239104)
7 (4, 0.035399179233239104)
8 (6, 0.035399179233239104)
9 (8, 0.035399179233239104)
10 (9, 0.035399179233239104)
11 (11, 0.035399179233239104)
12 (12, 0.035399179233239104)
13 (13, 0.035399179233239104)
14 (15, 0.035399179233239104)
15 (18, 0.035399179233239104)
16 (19, 0.035399179233239104)
17 (21, 0.035399179233239104)
18 (22, 0.035399179233239104)
19 (23, 0.035399179233239104)
20 (24, 0.035399179233239104)
21 (26, 0.035399179233239104)
22 (27, 0.035399179233239104)
23 (31, 0.035399179233239104)
24 (32, 0.035399179233239104)
25 (14, 0.02778911295765343)
26 (5, 0.02264142119067115)
27 (0, 0.016394584007525276)
28 (10, 0.010001640591799879)
29 (16, 0.0053098768849858665)
30 (17, 0.0053098768849858665)
31 (20, 0.0053098768849858665)
32 (29, 0.0053098768849858665)
33 (30, 0.0053098768849858665)
8
user
1 (32, 0.10118897391957608)
2 (31, 0.06465985669182532)
3 (27, 0.059301455907843734)
4 (28, 0.05456278953811757)
5 (6, 0.05000903449267619)
6 (25, 0.04885910711008023)
7 (11, 0.047224711746552725)
8 (19, 0.041630417834419044)
9 (4, 0.03710287765743517)
10 (30, 0.03698661745598899)
11 (26, 0.03689998543611898)
12 (1, 0.03611806497438841)
13 (3, 0.03611806497438841)
14 (8, 0.03611806497438841)
15 (9, 0.03611806497438841)
16 (12, 0.03611806497438841)
17 (13, 0.03611806497438841)
18 (21, 0.03611806497438841)
19 (22, 0.03611806497438841)
20 (2, 0.022663872635163777)
21 (14, 0.01942349546505108)
22 (29, 0.015986759058087774)
23 (23, 0.010930062606188902)
24 (5, 0.008916662699714816)
25 (7, 0.008248085413644813)
26 (10, 0.0071018331866701)
27 (0, 0.006196810173605426)
28 (17, 0.006073522445340859)
29 (15, 0.005417709746158262)
30 (16, 0.005417709746158262)
31 (18, 0.005417709746158262)
32 (20, 0.005417709746158262)
33 (24, 0.005417709746158262)
9
user
1 (30, 0.148866720875538)
2 (31, 0.09753689560622657)
3 (15, 0.07355922904255205)
4 (27, 0.07277104581855433)
5 (28, 0.06494715972659408)
6 (32, 0.051159999065656284)
7 (8, 0.04302869513014622)
8 (12, 0.04302869513014622)
9 (19, 0.0406332134543422)
10 (1, 0.03879023535952158)
11 (26, 0.03863366701096218)
12 (21, 0.03746411693712423)
13 (11, 0.03336422478128768)
14 (18, 0.03233569025684354)
15 (25, 0.025402731871832104)
16 (14, 0.021871963507160027)
17 (23, 0.01550734014690449)
18 (5, 0.014926357793587794)
19 (3, 0.012641290914974072)
20 (6, 0.010350450904602359)
21 (0, 0.008547333047123226)
22 (10, 0.008300038218301194)
23 (24, 0.00747377560907257)
24 (29, 0.006988399630638227)
25 (4, 0.006502795939599079)
26 (2, 0.005864835368974615)
27 (7, 0.00581943442280511)
28 (17, 0.0058185312136767725)
29 (9, 0.005573026643050611)
30 (13, 0.005573026643050611)
31 (16, 0.005573026643050611)
32 (20, 0.005573026643050611)
33 (22, 0.005573026643050611)
10
user
1 (22, 0.09036510280084635)
2 (15, 0.06775389677131115)
3 (27, 0.05005588243382035)
4 (4, 0.048799184163690605)
5 (19, 0.048180758444263526)
6 (32, 0.04773801099457192)
7 (26, 0.0455437281354742)
8 (6, 0.04503153002829428)
9 (29, 0.04502523581085125)
10 (30, 0.044393418551693)
11 (1, 0.04190923202985327)
12 (8, 0.039984388619794496)
13 (9, 0.039984388619794496)
14 (12, 0.039984388619794496)
15 (13, 0.039984388619794496)
16 (21, 0.039984388619794496)
17 (31, 0.039984388619794496)
18 (25, 0.03480051636744511)
19 (14, 0.023628144881722254)
20 (11, 0.022069502517670855)
21 (0, 0.015002261575784038)
22 (23, 0.014321152094569781)
23 (28, 0.008975679941283277)
24 (2, 0.008922972628791038)
25 (5, 0.007134116673798699)
26 (10, 0.006667348094747319)
27 (18, 0.0066540898527815)
28 (7, 0.0065703109129470185)
29 (3, 0.006560959403145616)
30 (16, 0.005997658292969175)
31 (17, 0.005997658292969175)
32 (20, 0.005997658292969175)
33 (24, 0.005997658292969175)
-----one service finish-----
2
1
catalogue
1 (27, 0.048296201520598096)
2 (24, 0.04297886448055946)
3 (2, 0.04036285512531663)
4 (6, 0.03794879169829831)
5 (8, 0.036786980971318835)
6 (31, 0.03551291443908791)
7 (16, 0.03390523690473803)
8 (1, 0.0329618111120944)
9 (3, 0.0329618111120944)
10 (4, 0.0329618111120944)
11 (9, 0.0329618111120944)
12 (10, 0.0329618111120944)
13 (12, 0.0329618111120944)
14 (14, 0.0329618111120944)
15 (15, 0.0329618111120944)
16 (19, 0.0329618111120944)
17 (20, 0.0329618111120944)
18 (21, 0.0329618111120944)
19 (23, 0.0329618111120944)
20 (25, 0.0329618111120944)
21 (26, 0.0329618111120944)
22 (28, 0.0329618111120944)
23 (29, 0.0329618111120944)
24 (30, 0.0329618111120944)
25 (32, 0.0329618111120944)
26 (34, 0.0329618111120944)
27 (35, 0.0329618111120944)
28 (11, 0.015203599344745616)
29 (0, 0.010171451019545998)
30 (13, 0.009931252253018073)
31 (5, 0.004944271666814161)
32 (7, 0.004944271666814161)
33 (17, 0.004944271666814161)
34 (18, 0.004944271666814161)
35 (22, 0.004944271666814161)
36 (33, 0.004944271666814161)
2
catalogue
1 (6, 0.12648740661175936)
2 (9, 0.0732898685380634)
3 (14, 0.06993282506395838)
4 (10, 0.06517119330932027)
5 (25, 0.05862832083912048)
6 (12, 0.05340741821525583)
7 (26, 0.05163895594875691)
8 (17, 0.03940510394227024)
9 (32, 0.03823445693245887)
10 (23, 0.037923850264942875)
11 (35, 0.03656141910280367)
12 (21, 0.035613072360432596)
13 (15, 0.03510965732448062)
14 (34, 0.03453688864105717)
15 (27, 0.032360430180708166)
16 (1, 0.029221418421325095)
17 (20, 0.024970992883136815)
18 (3, 0.02239224026712949)
19 (11, 0.02033932342202518)
20 (29, 0.012738943935070494)
21 (2, 0.009471684198017258)
22 (0, 0.008942869809165022)
23 (28, 0.008486476057382529)
24 (4, 0.007153323418098362)
25 (31, 0.006846281760575206)
26 (30, 0.006769147050087857)
27 (13, 0.006160494405036769)
28 (24, 0.005920908747498647)
29 (33, 0.005703791374187362)
30 (8, 0.005418070287926311)
31 (7, 0.00540146210151455)
32 (16, 0.0053591853943278)
33 (5, 0.0051006297980266185)
34 (18, 0.0051006297980266185)
35 (19, 0.0051006297980266185)
36 (22, 0.0051006297980266185)
3
catalogue
1 (27, 0.08837943711208779)
2 (29, 0.05437051417100039)
3 (17, 0.05394167576250142)
4 (2, 0.05286365421687522)
5 (10, 0.0464098859449683)
6 (14, 0.04488871594645523)
7 (21, 0.04488871594645523)
8 (28, 0.04316221268013634)
9 (4, 0.04176665732944856)
10 (13, 0.04131529662354604)
11 (6, 0.04007060105798086)
12 (12, 0.03961313496195654)
13 (1, 0.03819323800653937)
14 (3, 0.03819323800653937)
15 (23, 0.03819323800653937)
16 (24, 0.03819323800653937)
17 (32, 0.03819323800653937)
18 (34, 0.03819323800653937)
19 (11, 0.038111914961652706)
20 (0, 0.023529959457795655)
21 (26, 0.013475123074767933)
22 (30, 0.01242446364089677)
23 (31, 0.010013706456716792)
24 (8, 0.009347061976713818)
25 (16, 0.007212573272997401)
26 (22, 0.0068664082554352026)
27 (25, 0.006627987801547379)
28 (5, 0.005728985700980907)
29 (7, 0.005728985700980907)
30 (9, 0.005728985700980907)
31 (15, 0.005728985700980907)
32 (18, 0.005728985700980907)
33 (19, 0.005728985700980907)
34 (20, 0.005728985700980907)
35 (33, 0.005728985700980907)
36 (35, 0.005728985700980907)
4
catalogue
1 (32, 0.12423956847600492)
2 (12, 0.11321313657817707)
3 (23, 0.08344837547457364)
4 (17, 0.07160613140526895)
5 (34, 0.07095636914002929)
6 (25, 0.05856159995259275)
7 (26, 0.04707048968252932)
8 (9, 0.04348039934251196)
9 (21, 0.04177272886443738)
10 (6, 0.038502320690548396)
11 (28, 0.037707094885423224)
12 (1, 0.03696217369969206)
13 (20, 0.02375637925847334)
14 (0, 0.02275145762461088)
15 (3, 0.01790299830070211)
16 (29, 0.01706682043156785)
17 (14, 0.016130513274279862)
18 (11, 0.015057906578473551)
19 (4, 0.010559665397970534)
20 (2, 0.009450269931989334)
21 (35, 0.008806132940821117)
22 (30, 0.008542665936474245)
23 (27, 0.008229002960280844)
24 (15, 0.0078037251656724255)
25 (10, 0.007329076739289021)
26 (31, 0.006301711393855485)
27 (33, 0.005583467830754346)
28 (24, 0.00538574135698067)
29 (8, 0.005345656757563011)
30 (16, 0.0053414368104085464)
31 (5, 0.0052903257799432595)
32 (7, 0.005269686458740496)
33 (13, 0.005255231611209841)
34 (18, 0.005106579756050072)
35 (19, 0.005106579756050072)
36 (22, 0.005106579756050072)
5
catalogue
1 (27, 0.06975529430975604)
2 (29, 0.0630309069970235)
3 (2, 0.05743481742579219)
4 (17, 0.05331659515323968)
5 (14, 0.04449092329381861)
6 (21, 0.04449092329381861)
7 (8, 0.04184557881093852)
8 (4, 0.04123996362586185)
9 (13, 0.041149322581536314)
10 (6, 0.04036735016850023)
11 (28, 0.03999294328562372)
12 (12, 0.03954471633380771)
13 (1, 0.037898362913579564)
14 (3, 0.037898362913579564)
15 (9, 0.037898362913579564)
16 (10, 0.037898362913579564)
17 (23, 0.037898362913579564)
18 (24, 0.037898362913579564)
19 (32, 0.037898362913579564)
20 (11, 0.025441627649373414)
21 (30, 0.019922566318992523)
22 (26, 0.013295234480391641)
23 (0, 0.012305767434510045)
24 (35, 0.012277314817275974)
25 (31, 0.00883561215113762)
26 (16, 0.007119362955635567)
27 (22, 0.006814088469057125)
28 (25, 0.00656251455255647)
29 (5, 0.005684754437036936)
30 (7, 0.005684754437036936)
31 (15, 0.005684754437036936)
32 (18, 0.005684754437036936)
33 (19, 0.005684754437036936)
34 (20, 0.005684754437036936)
35 (33, 0.005684754437036936)
36 (34, 0.005684754437036936)
6
catalogue
1 (27, 0.03906899230704991)
2 (8, 0.036412989826568286)
3 (33, 0.03501002497172505)
4 (31, 0.032811059371146215)
5 (16, 0.03148351131792436)
6 (1, 0.030687510572188784)
7 (2, 0.030687510572188784)
8 (3, 0.030687510572188784)
9 (4, 0.030687510572188784)
10 (5, 0.030687510572188784)
11 (6, 0.030687510572188784)
12 (9, 0.030687510572188784)
13 (10, 0.030687510572188784)
14 (12, 0.030687510572188784)
15 (14, 0.030687510572188784)
16 (15, 0.030687510572188784)
17 (17, 0.030687510572188784)
18 (18, 0.030687510572188784)
19 (19, 0.030687510572188784)
20 (20, 0.030687510572188784)
21 (21, 0.030687510572188784)
22 (23, 0.030687510572188784)
23 (24, 0.030687510572188784)
24 (25, 0.030687510572188784)
25 (26, 0.030687510572188784)
26 (28, 0.030687510572188784)
27 (29, 0.030687510572188784)
28 (30, 0.030687510572188784)
29 (32, 0.030687510572188784)
30 (34, 0.030687510572188784)
31 (35, 0.030687510572188784)
32 (11, 0.008925640985364577)
33 (0, 0.004603126585828318)
34 (7, 0.004603126585828318)
35 (13, 0.004603126585828318)
36 (22, 0.004603126585828318)
7
catalogue
1 (21, 0.09655012062624328)
2 (20, 0.05449231755890903)
3 (6, 0.05434866665173107)
4 (34, 0.04670177750471509)
5 (29, 0.045323225377099555)
6 (17, 0.04399087020334871)
7 (2, 0.0432934537711521)
8 (32, 0.04249320144538511)
9 (4, 0.03884942659408833)
10 (23, 0.038672969542510635)
11 (35, 0.03817905346914604)
12 (1, 0.037814561467324884)
13 (24, 0.037724288879975455)
14 (25, 0.0373886338627589)
15 (26, 0.03720238475267375)
16 (10, 0.03677221109231549)
17 (15, 0.03648441354213141)
18 (14, 0.036474618423797525)
19 (3, 0.03599417537721803)
20 (27, 0.03471769660782773)
21 (11, 0.020894527789917117)
22 (28, 0.01021827778612344)
23 (0, 0.010010636604696635)
24 (12, 0.009706985534912175)
25 (31, 0.00949522912411733)
26 (30, 0.00741236387712953)
27 (13, 0.007188676838833341)
28 (7, 0.006277446110131184)
29 (8, 0.006231624542879412)
30 (9, 0.006125992694476161)
31 (16, 0.005974540813518006)
32 (5, 0.005399126306582706)
33 (18, 0.005399126306582706)
34 (19, 0.005399126306582706)
35 (22, 0.005399126306582706)
36 (33, 0.005399126306582706)
8
catalogue
1 (27, 0.059487969760312155)
2 (2, 0.04911874668458445)
3 (12, 0.04859389870951304)
4 (32, 0.0446892588877102)
5 (28, 0.04140502895258946)
6 (4, 0.041257690659998056)
7 (29, 0.041257690659998056)
8 (35, 0.03627151624102521)
9 (1, 0.03547974749783066)
10 (3, 0.03547974749783066)
11 (6, 0.03547974749783066)
12 (9, 0.03547974749783066)
13 (10, 0.03547974749783066)
14 (14, 0.03547974749783066)
15 (15, 0.03547974749783066)
16 (17, 0.03547974749783066)
17 (20, 0.03547974749783066)
18 (21, 0.03547974749783066)
19 (23, 0.03547974749783066)
20 (24, 0.03547974749783066)
21 (25, 0.03547974749783066)
22 (26, 0.03547974749783066)
23 (34, 0.03547974749783066)
24 (11, 0.021109908990758798)
25 (0, 0.011466602972222724)
26 (33, 0.011099905286842)
27 (31, 0.009788227255290455)
28 (8, 0.00848272451547586)
29 (16, 0.0065208830834972385)
30 (5, 0.0053219621246746)
31 (7, 0.0053219621246746)
32 (13, 0.0053219621246746)
33 (18, 0.0053219621246746)
34 (19, 0.0053219621246746)
35 (22, 0.0053219621246746)
36 (30, 0.0053219621246746)
9
catalogue
1 (28, 0.10309511969462079)
2 (2, 0.07805660952364658)
3 (3, 0.0677786731792585)
4 (26, 0.055600098463502855)
5 (10, 0.05246985424789451)
6 (34, 0.047135289410832226)
7 (1, 0.045935833150964736)
8 (32, 0.04261548263844885)
9 (12, 0.04051157985669729)
10 (9, 0.040291432478667226)
11 (23, 0.0401899719123193)
12 (21, 0.03808909743953985)
13 (20, 0.03797247304822052)
14 (17, 0.03731318124116622)
15 (27, 0.03726426055588359)
16 (6, 0.0296147289920307)
17 (4, 0.02671032483486035)
18 (11, 0.023789390875800738)
19 (14, 0.017972504422962398)
20 (25, 0.015042132666697641)
21 (29, 0.014182683800120258)
22 (0, 0.013038357689861522)
23 (35, 0.008590699167846737)
24 (15, 0.008455452910280995)
25 (31, 0.00807538595961205)
26 (13, 0.008071792658786318)
27 (24, 0.008071388336892164)
28 (8, 0.007483421054500093)
29 (30, 0.006340534091145041)
30 (16, 0.0062005242303485)
31 (22, 0.006056835535716733)
32 (5, 0.005596977186174934)
33 (7, 0.005596977186174934)
34 (18, 0.005596977186174934)
35 (19, 0.005596977186174934)
36 (33, 0.005596977186174934)
10
catalogue
1 (28, 0.10325359209195345)
2 (34, 0.08163661645542214)
3 (10, 0.07871256105408916)
4 (6, 0.07767845653214173)
5 (9, 0.07753063623798916)
6 (35, 0.0768214456127748)
7 (4, 0.06713978768464372)
8 (3, 0.05489253458579071)
9 (12, 0.04313839393307472)
10 (17, 0.035826449644467344)
11 (1, 0.03370972459764427)
12 (32, 0.03076848666164858)
13 (23, 0.025970987633787298)
14 (27, 0.023079800431279426)
15 (26, 0.021039932700890444)
16 (21, 0.01839331322459252)
17 (11, 0.01748296571743925)
18 (25, 0.014892026790854008)
19 (20, 0.014352509824456544)
20 (2, 0.01061867798491611)
21 (14, 0.010591069216643142)
22 (29, 0.009926063561731972)
23 (0, 0.009597482772920135)
24 (15, 0.005581404475861116)
25 (31, 0.005322440543351627)
26 (13, 0.005099598724147049)
27 (33, 0.005055671068122821)
28 (8, 0.004939504093361046)
29 (30, 0.004920680577680487)
30 (5, 0.004752205739180274)
31 (16, 0.0046538899862095)
32 (22, 0.004636843211287586)
33 (7, 0.004496061657411984)
34 (18, 0.004496061657411984)
35 (19, 0.004496061657411984)
36 (24, 0.004496061657411984)
-----one service finish-----
3
1
orders
1 (2, 0.06642384637382036)
2 (29, 0.061537253686507414)
3 (26, 0.05490466256547412)
4 (23, 0.05213624715379035)
5 (3, 0.04976741019619591)
6 (12, 0.04976741019619591)
7 (18, 0.04976741019619591)
8 (27, 0.04976741019619591)
9 (31, 0.04976741019619591)
10 (5, 0.04638048379467887)
11 (6, 0.044413203128190346)
12 (30, 0.044228236271197936)
13 (1, 0.044084335321905456)
14 (11, 0.04349275427890513)
15 (9, 0.04330593233125716)
16 (8, 0.04326106464307142)
17 (15, 0.04296342974748101)
18 (21, 0.0422549799760116)
19 (7, 0.01928070319301316)
20 (0, 0.01385067721658606)
21 (25, 0.009971614073645881)
22 (24, 0.00747079430704452)
23 (10, 0.0071310007256527915)
24 (16, 0.007027507263171139)
25 (4, 0.00633824699640174)
26 (13, 0.00633824699640174)
27 (14, 0.00633824699640174)
28 (17, 0.00633824699640174)
29 (19, 0.00633824699640174)
30 (20, 0.00633824699640174)
31 (22, 0.00633824699640174)
32 (28, 0.00633824699640174)
33 (32, 0.00633824699640174)
2
orders
1 (15, 0.08145519797682933)
2 (21, 0.07958168905278161)
3 (11, 0.07907605499757238)
4 (30, 0.07488123150051092)
5 (4, 0.07312197849023294)
6 (6, 0.07231637594546216)
7 (3, 0.07051102554463559)
8 (13, 0.06636386030526148)
9 (12, 0.0658942365068893)
10 (1, 0.04600540034749326)
11 (26, 0.04098652355348872)
12 (25, 0.036133851395010526)
13 (24, 0.035506022865370954)
14 (5, 0.01949308202194396)
15 (8, 0.0178937718578939)
16 (31, 0.017409683667739005)
17 (29, 0.015447329459247105)
18 (9, 0.01501444283299182)
19 (27, 0.01166841459611099)
20 (18, 0.00921320507487639)
21 (14, 0.009180008787952608)
22 (32, 0.00916207975442058)
23 (2, 0.0051618265110678655)
24 (28, 0.005081378587672791)
25 (10, 0.005045673081261552)
26 (0, 0.004981724458365331)
27 (19, 0.004973083886281486)
28 (7, 0.004964794635512675)
29 (23, 0.004951624586278347)
30 (16, 0.004631106929711122)
31 (17, 0.004631106929711122)
32 (20, 0.004631106929711122)
33 (22, 0.004631106929711122)
3
orders
1 (15, 0.17285735768189697)
2 (4, 0.0864082742744519)
3 (3, 0.07626843233723025)
4 (13, 0.07135593835264993)
5 (12, 0.06789760711437921)
6 (24, 0.0668111233131297)
7 (1, 0.06467952935334963)
8 (6, 0.05497879839382384)
9 (21, 0.0361243006474535)
10 (11, 0.03225612496701546)
11 (23, 0.03172790414068234)
12 (26, 0.026985847921833433)
13 (14, 0.02340128894443302)
14 (28, 0.01943253701748461)
15 (9, 0.018608177311325334)
16 (31, 0.01835477764298399)
17 (0, 0.015892624468256386)
18 (18, 0.01151475212604128)
19 (27, 0.011462499864714839)
20 (8, 0.00964370316229297)
21 (29, 0.008741877044157208)
22 (5, 0.0082662906330236)
23 (32, 0.007606380263948049)
24 (30, 0.0073582420178366)
25 (25, 0.00672438678998256)
26 (19, 0.005988337471102388)
27 (2, 0.005766608475717656)
28 (7, 0.005638967712785925)
29 (10, 0.0056072701507317)
30 (20, 0.005535579323808362)
31 (16, 0.005368153693825832)
32 (17, 0.005368153693825832)
33 (22, 0.005368153693825832)
4
orders
1 (25, 0.063033447301293)
2 (29, 0.04298125511051197)
3 (24, 0.04284342060017383)
4 (26, 0.04284342060017383)
5 (27, 0.04284342060017383)
6 (31, 0.04284342060017383)
7 (2, 0.03917199382996253)
8 (7, 0.03904854863360747)
9 (1, 0.03706354242084542)
10 (3, 0.03706354242084542)
11 (4, 0.03706354242084542)
12 (6, 0.03706354242084542)
13 (8, 0.03706354242084542)
14 (9, 0.03706354242084542)
15 (11, 0.03706354242084542)
16 (12, 0.03706354242084542)
17 (13, 0.03706354242084542)
18 (15, 0.03706354242084542)
19 (18, 0.03706354242084542)
20 (19, 0.03706354242084542)
21 (21, 0.03706354242084542)
22 (22, 0.03706354242084542)
23 (30, 0.03706354242084542)
24 (0, 0.018997425232563498)
25 (14, 0.016651739332188983)
26 (5, 0.012925520362681377)
27 (10, 0.006506063305053548)
28 (16, 0.005559531363126814)
29 (17, 0.005559531363126814)
30 (20, 0.005559531363126814)
31 (23, 0.005559531363126814)
32 (28, 0.005559531363126814)
33 (32, 0.005559531363126814)
5
orders
1 (15, 0.13697343507898335)
2 (3, 0.10646377603249674)
3 (12, 0.09429028650627269)
4 (13, 0.08751387826473563)
5 (1, 0.08445024464939062)
6 (6, 0.05493068992110734)
7 (25, 0.051470173171862095)
8 (21, 0.04936778735399538)
9 (11, 0.04536732876899097)
10 (30, 0.0332127704563662)
11 (24, 0.027433782190324833)
12 (8, 0.026453336710203383)
13 (23, 0.021906215660267268)
14 (31, 0.017189070966738856)
15 (27, 0.017071139777017796)
16 (26, 0.016823786759682154)
17 (14, 0.01603251640981349)
18 (9, 0.013953984290651466)
19 (18, 0.010963990798525941)
20 (29, 0.008973956874477414)
21 (0, 0.008018469789887493)
22 (32, 0.007969888989366802)
23 (4, 0.0074299208258611004)
24 (5, 0.007100069897308891)
25 (28, 0.005915637568778838)
26 (10, 0.005639941513836887)
27 (2, 0.00554722003967645)
28 (7, 0.00540558238031458)
29 (19, 0.005401628238052675)
30 (16, 0.005182372528753192)
31 (17, 0.005182372528753192)
32 (20, 0.005182372528753192)
33 (22, 0.005182372528753192)
6
orders
1 (12, 0.10100214601357212)
2 (24, 0.10007393071408581)
3 (11, 0.09262614019836127)
4 (8, 0.08090862991957468)
5 (25, 0.07142494267527186)
6 (29, 0.06940873500279235)
7 (26, 0.05523396245214237)
8 (18, 0.05386831472780735)
9 (13, 0.0445340913511678)
10 (23, 0.0431280727315795)
11 (3, 0.030037785761399555)
12 (9, 0.028631435582592436)
13 (31, 0.027747060418382832)
14 (6, 0.020616965686496583)
15 (4, 0.017962407226584994)
16 (27, 0.016847910574185103)
17 (14, 0.014630283766098828)
18 (32, 0.012561875585601663)
19 (5, 0.01109807324050568)
20 (15, 0.009479263203555502)
21 (0, 0.00907789864785465)
22 (30, 0.008920999281546252)
23 (21, 0.00835515800188633)
24 (2, 0.007758410792941033)
25 (1, 0.007649002311724464)
26 (28, 0.007495094933021086)
27 (7, 0.007461373315787014)
28 (10, 0.007393540638693918)
29 (19, 0.0071350273652433256)
30 (16, 0.006732866969885915)
31 (17, 0.006732866969885915)
32 (20, 0.006732866969885915)
33 (22, 0.006732866969885915)
7
orders
1 (25, 0.10074142759762307)
2 (29, 0.045857444689782645)
3 (8, 0.044392418676065415)
4 (27, 0.044392418676065415)
5 (31, 0.044392418676065415)
6 (7, 0.041569390501118464)
7 (16, 0.039395366359929636)
8 (3, 0.038239906941431104)
9 (4, 0.038239906941431104)
10 (6, 0.038239906941431104)
11 (11, 0.038239906941431104)
12 (12, 0.038239906941431104)
13 (13, 0.038239906941431104)
14 (15, 0.038239906941431104)
15 (18, 0.038239906941431104)
16 (19, 0.038239906941431104)
17 (21, 0.038239906941431104)
18 (23, 0.038239906941431104)
19 (24, 0.038239906941431104)
20 (26, 0.038239906941431104)
21 (30, 0.038239906941431104)
22 (14, 0.018487599971735658)
23 (5, 0.01813027280018748)
24 (0, 0.011888497775848977)
25 (2, 0.00821896961510462)
26 (10, 0.007023175191935232)
27 (1, 0.005735986041214666)
28 (9, 0.005735986041214666)
29 (17, 0.005735986041214666)
30 (20, 0.005735986041214666)
31 (22, 0.005735986041214666)
32 (28, 0.005735986041214666)
33 (32, 0.005735986041214666)
8
orders
1 (25, 0.12156002817198305)
2 (1, 0.07784057012374505)
3 (30, 0.06198881758465648)
4 (0, 0.05579764182640168)
5 (26, 0.052526493768017136)
6 (31, 0.050385097639911884)
7 (4, 0.04852326524073371)
8 (12, 0.04852326524073371)
9 (18, 0.04852326524073371)
10 (14, 0.04397151678888338)
11 (6, 0.04279249158397372)
12 (11, 0.042107313819658765)
13 (15, 0.04195314303190543)
14 (29, 0.041899566462468237)
15 (21, 0.04133964766436384)
16 (8, 0.03138815333555207)
17 (9, 0.021709244107929196)
18 (24, 0.01610987201573)
19 (27, 0.013384564726024438)
20 (5, 0.011671786209340857)
21 (2, 0.0076746455551896416)
22 (7, 0.00757890568939194)
23 (23, 0.007398304262936014)
24 (10, 0.006981450999571114)
25 (16, 0.006763371712928461)
26 (3, 0.006200947149654577)
27 (13, 0.006200947149654577)
28 (17, 0.006200947149654577)
29 (19, 0.006200947149654577)
30 (20, 0.006200947149654577)
31 (22, 0.006200947149654577)
32 (28, 0.006200947149654577)
33 (32, 0.006200947149654577)
9
orders
1 (29, 0.08433412332298144)
2 (5, 0.053977444196118794)
3 (3, 0.04678935491187568)
4 (12, 0.04678935491187568)
5 (27, 0.04678935491187568)
6 (31, 0.04678935491187568)
7 (26, 0.044033091431235676)
8 (2, 0.04220366387814702)
9 (1, 0.040042908378390835)
10 (6, 0.040042908378390835)
11 (8, 0.040042908378390835)
12 (9, 0.040042908378390835)
13 (11, 0.040042908378390835)
14 (15, 0.040042908378390835)
15 (18, 0.040042908378390835)
16 (19, 0.040042908378390835)
17 (21, 0.040042908378390835)
18 (23, 0.040042908378390835)
19 (24, 0.040042908378390835)
20 (30, 0.040042908378390835)
21 (25, 0.023186227398886688)
22 (0, 0.012752882790243465)
23 (7, 0.009482181939508621)
24 (10, 0.007235642141105016)
25 (16, 0.007070932659511539)
26 (4, 0.006006436256758626)
27 (13, 0.006006436256758626)
28 (14, 0.006006436256758626)
29 (17, 0.006006436256758626)
30 (20, 0.006006436256758626)
31 (22, 0.006006436256758626)
32 (28, 0.006006436256758626)
33 (32, 0.006006436256758626)
10
orders
1 (31, 0.10140542355539427)
2 (29, 0.06224930690424064)
3 (30, 0.058867810662940126)
4 (25, 0.05813390862180784)
5 (32, 0.05463109945861056)
6 (26, 0.052319869048183476)
7 (18, 0.04693123649048185)
8 (7, 0.04149420793224993)
9 (3, 0.04014570854904052)
10 (4, 0.04014570854904052)
11 (6, 0.04014570854904052)
12 (11, 0.04014570854904052)
13 (12, 0.04014570854904052)
14 (13, 0.04014570854904052)
15 (15, 0.04014570854904052)
16 (21, 0.04014570854904052)
17 (1, 0.0386710789523433)
18 (8, 0.02908033712329474)
19 (9, 0.020458648038988773)
20 (24, 0.014820111346638132)
21 (27, 0.012807384223797411)
22 (5, 0.011668476069397981)
23 (14, 0.010920074532221482)
24 (2, 0.007563375127822267)
25 (0, 0.007123207399901492)
26 (10, 0.00693255349227958)
27 (16, 0.006625084932945601)
28 (17, 0.006021856282356078)
29 (19, 0.006021856282356078)
30 (20, 0.006021856282356078)
31 (22, 0.006021856282356078)
32 (23, 0.006021856282356078)
33 (28, 0.006021856282356078)
-----one service finish-----
4
1
carts
1 (3, 0.1522873858159269)
2 (11, 0.10588237017924777)
3 (24, 0.08029367334000427)
4 (23, 0.0734893570624939)
5 (15, 0.06908825482131505)
6 (28, 0.06587865229905991)
7 (1, 0.06181685212373012)
8 (32, 0.051421020347726734)
9 (13, 0.041183200369415265)
10 (21, 0.03730304957877919)
11 (29, 0.028847482328292075)
12 (6, 0.028672101124114405)
13 (19, 0.020019704006373665)
14 (9, 0.016021386388143818)
15 (14, 0.014188119722173083)
16 (18, 0.013631872951585914)
17 (20, 0.012873214933064522)
18 (26, 0.012167368015154521)
19 (33, 0.01129306212421621)
20 (31, 0.010943436087280203)
21 (8, 0.010349395933034033)
22 (0, 0.009597822952225287)
23 (10, 0.008678234440993478)
24 (4, 0.007838624382206871)
25 (17, 0.006455851006895316)
26 (2, 0.006298694111938353)
27 (5, 0.0056803449386561575)
28 (12, 0.005529522011681686)
29 (7, 0.00549762543157512)
30 (25, 0.0054745315421943185)
31 (22, 0.005410708076119907)
32 (16, 0.005295693851460648)
33 (27, 0.005295693851460648)
34 (30, 0.005295693851460648)
2
carts
1 (6, 0.11074055353572239)
2 (11, 0.087062146512055)
3 (15, 0.07254023366705739)
4 (17, 0.07122930660381192)
5 (28, 0.06230162012490611)
6 (3, 0.06086578113164955)
7 (1, 0.05074823031120269)
8 (29, 0.0492166810606479)
9 (31, 0.043052810464715936)
10 (26, 0.04157676520258622)
11 (32, 0.03946353884101629)
12 (18, 0.02943132796036742)
13 (14, 0.02873450404667073)
14 (33, 0.028589193306177253)
15 (2, 0.02527615545563814)
16 (19, 0.02046615267939154)
17 (21, 0.02046615267939154)
18 (10, 0.020075864096332687)
19 (20, 0.018663244095815126)
20 (8, 0.01271036992600104)
21 (12, 0.01271036992600104)
22 (23, 0.01271036992600104)
23 (0, 0.009510931677582246)
24 (25, 0.008705909587641756)
25 (5, 0.00772966893057653)
26 (7, 0.007314852052548885)
27 (22, 0.006573378409106214)
28 (4, 0.005933412541340781)
29 (9, 0.005933412541340781)
30 (13, 0.005933412541340781)
31 (16, 0.005933412541340781)
32 (24, 0.005933412541340781)
33 (27, 0.005933412541340781)
34 (30, 0.005933412541340781)
3
carts
1 (23, 0.08264507779389027)
2 (15, 0.07834366765113274)
3 (1, 0.07686386802123446)
4 (24, 0.07637699538450843)
5 (18, 0.0705623446516095)
6 (8, 0.0694696769263569)
7 (21, 0.06686706126330653)
8 (11, 0.06366214181674396)
9 (32, 0.050299636349255675)
10 (19, 0.04876075123411327)
11 (13, 0.04625684958201586)
12 (9, 0.04568643290555857)
13 (12, 0.04269090680112586)
14 (6, 0.02143616175421409)
15 (20, 0.015025113147739324)
16 (28, 0.014986020244703534)
17 (3, 0.012186918139270444)
18 (29, 0.011797938046610562)
19 (14, 0.01176412127889223)
20 (26, 0.009205934245777427)
21 (33, 0.008888013110821973)
22 (4, 0.008353850316177544)
23 (10, 0.0080928383972125)
24 (31, 0.00735155832890354)
25 (0, 0.006793059104664833)
26 (17, 0.0063565544907211655)
27 (5, 0.006127813461193407)
28 (2, 0.005081864558795593)
29 (7, 0.004947375662858649)
30 (25, 0.004768339007580732)
31 (22, 0.00471332506666733)
32 (16, 0.004545930418780983)
33 (27, 0.004545930418780983)
34 (30, 0.004545930418780983)
4
carts
1 (23, 0.13434912071005278)
2 (24, 0.09196522307373237)
3 (15, 0.08758991044964261)
4 (11, 0.07543466389275572)
5 (9, 0.07444627900899843)
6 (8, 0.07399362945055991)
7 (28, 0.05303455600376356)
8 (1, 0.04687728264500336)
9 (18, 0.03827415994100951)
10 (6, 0.033450140224440775)
11 (21, 0.03331404530002293)
12 (32, 0.028095510243983136)
13 (31, 0.027534569222061562)
14 (29, 0.020794962025851564)
15 (20, 0.01881471618279361)
16 (26, 0.017783288398878407)
17 (14, 0.014581531932414437)
18 (10, 0.012541654306764374)
19 (12, 0.012124121816877144)
20 (3, 0.011397318052280838)
21 (33, 0.011319370091092512)
22 (17, 0.00955932266289057)
23 (0, 0.00905911265698366)
24 (2, 0.007675439361780666)
25 (4, 0.006669767259068022)
26 (5, 0.006237517533002841)
27 (13, 0.00620318606718624)
28 (7, 0.005760425917824917)
29 (25, 0.005713476704505009)
30 (22, 0.005335614729114217)
31 (16, 0.005017521033666117)
32 (19, 0.005017521033666117)
33 (27, 0.005017521033666117)
34 (30, 0.005017521033666117)
5
carts
1 (17, 0.09067333164608532)
2 (20, 0.05459296236488818)
3 (1, 0.043620669862010235)
4 (32, 0.043620669862010235)
5 (31, 0.03904699081309661)
6 (3, 0.0375185456428229)
7 (4, 0.0375185456428229)
8 (6, 0.0375185456428229)
9 (8, 0.0375185456428229)
10 (9, 0.0375185456428229)
11 (11, 0.0375185456428229)
12 (12, 0.0375185456428229)
13 (13, 0.0375185456428229)
14 (15, 0.0375185456428229)
15 (18, 0.0375185456428229)
16 (19, 0.0375185456428229)
17 (23, 0.0375185456428229)
18 (24, 0.0375185456428229)
19 (26, 0.0375185456428229)
20 (28, 0.0375185456428229)
21 (29, 0.0375185456428229)
22 (10, 0.028201274860806157)
23 (14, 0.015128127363352976)
24 (2, 0.014017182275683346)
25 (25, 0.01223495526744997)
26 (5, 0.008209701055306676)
27 (0, 0.008039845999815878)
28 (7, 0.007374054456725823)
29 (22, 0.006804594655484867)
30 (16, 0.005627781846423435)
31 (21, 0.005627781846423435)
32 (27, 0.005627781846423435)
33 (30, 0.005627781846423435)
34 (33, 0.005627781846423435)
6
carts
1 (15, 0.10002890685719312)
2 (28, 0.09578136308834627)
3 (29, 0.08809218324460309)
4 (6, 0.0846806044861883)
5 (1, 0.06579258545528346)
6 (3, 0.05764591887455281)
7 (4, 0.05481342183655457)
8 (11, 0.05198521362395101)
9 (9, 0.0490827530668526)
10 (8, 0.048131072297474944)
11 (21, 0.046525220100028346)
12 (26, 0.03717185911874247)
13 (23, 0.03692500591069331)
14 (32, 0.030110501190441903)
15 (20, 0.01638625120291649)
16 (14, 0.012212896328134803)
17 (31, 0.011656599193948094)
18 (18, 0.011635869136834287)
19 (33, 0.010934087748412442)
20 (12, 0.010043022003393133)
21 (10, 0.009362048426167547)
22 (17, 0.006917151122569715)
23 (0, 0.0068299442723418315)
24 (2, 0.006575234848522838)
25 (24, 0.005525196501280396)
26 (5, 0.0053155895978143795)
27 (7, 0.005305394753204772)
28 (13, 0.00524459012684453)
29 (25, 0.005168272076243332)
30 (22, 0.004930289377630821)
31 (19, 0.004924921559872097)
32 (16, 0.004755344190987422)
33 (27, 0.004755344190987422)
34 (30, 0.004755344190987422)
7
carts
1 (8, 0.11383544877114535)
2 (17, 0.07519640176442341)
3 (15, 0.06890251082379058)
4 (9, 0.06660220359474146)
5 (32, 0.06330533798540404)
6 (31, 0.05381414051298611)
7 (28, 0.048461911527611624)
8 (12, 0.04577377603167096)
9 (18, 0.04577377603167096)
10 (23, 0.04577377603167096)
11 (11, 0.03987592023417334)
12 (6, 0.03912438008707747)
13 (1, 0.028630321549834095)
14 (10, 0.027293723363265462)
15 (20, 0.026326924313494142)
16 (26, 0.026182172105501205)
17 (2, 0.025248364934323256)
18 (33, 0.020728428346449224)
19 (3, 0.020085177808164652)
20 (14, 0.017632777949130162)
21 (4, 0.012518052957655113)
22 (0, 0.00902002123711335)
23 (29, 0.008234188569825862)
24 (25, 0.00822405530065527)
25 (5, 0.007922258596226495)
26 (7, 0.007802484916317538)
27 (22, 0.0066308655642467185)
28 (13, 0.005868657013061621)
29 (16, 0.005868657013061621)
30 (19, 0.005868657013061621)
31 (21, 0.005868657013061621)
32 (24, 0.005868657013061621)
33 (27, 0.005868657013061621)
34 (30, 0.005868657013061621)
8
carts
1 (17, 0.1056645867744083)
2 (2, 0.06617714640018599)
3 (11, 0.04811056164144507)
4 (10, 0.047845023933332946)
5 (1, 0.04208070672450919)
6 (8, 0.04208070672450919)
7 (32, 0.04208070672450919)
8 (22, 0.03756003105151353)
9 (3, 0.03634940005598036)
10 (4, 0.03634940005598036)
11 (6, 0.03634940005598036)
12 (12, 0.03634940005598036)
13 (13, 0.03634940005598036)
14 (18, 0.03634940005598036)
15 (19, 0.03634940005598036)
16 (26, 0.03634940005598036)
17 (28, 0.03634940005598036)
18 (29, 0.03634940005598036)
19 (31, 0.03634940005598036)
20 (33, 0.03634940005598036)
21 (25, 0.03166905750805535)
22 (14, 0.01948220635532966)
23 (23, 0.011183716676925887)
24 (20, 0.009939678037846627)
25 (5, 0.008603298945344383)
26 (0, 0.0066115646400523595)
27 (7, 0.006551337131488766)
28 (9, 0.005452410008397055)
29 (15, 0.005452410008397055)
30 (16, 0.005452410008397055)
31 (21, 0.005452410008397055)
32 (24, 0.005452410008397055)
33 (27, 0.005452410008397055)
34 (30, 0.005452410008397055)
9
carts
1 (19, 0.13545179533000454)
2 (18, 0.09820805748223836)
3 (24, 0.08132648889422214)
4 (23, 0.07903467052299017)
5 (3, 0.07713497289016256)
6 (15, 0.06718622464219441)
7 (26, 0.048127763840785216)
8 (31, 0.04340649551657902)
9 (13, 0.039900309934572636)
10 (11, 0.038498424419712844)
11 (1, 0.03732288304379823)
12 (6, 0.034614072472490716)
13 (20, 0.02429152645951855)
14 (32, 0.022111494170966025)
15 (29, 0.019798433745182614)
16 (14, 0.018491065985779834)
17 (10, 0.013703752752865454)
18 (9, 0.010446704754336575)
19 (17, 0.010015199198863617)
20 (0, 0.01001114660919319)
21 (7, 0.009906422341300661)
22 (33, 0.009630746070302405)
23 (4, 0.007381799084360999)
24 (21, 0.007366175469376469)
25 (25, 0.007168593362078713)
26 (2, 0.0069420126409278395)
27 (5, 0.005867734281347651)
28 (22, 0.005468863893010362)
29 (8, 0.005197695031806366)
30 (12, 0.005197695031806366)
31 (16, 0.005197695031806366)
32 (27, 0.005197695031806366)
33 (28, 0.005197695031806366)
34 (30, 0.005197695031806366)
10
carts
1 (17, 0.08073067902244827)
2 (10, 0.04237674852924583)
3 (2, 0.0397733731502648)
4 (31, 0.03804372093169296)
5 (1, 0.034637245252097756)
6 (3, 0.034637245252097756)
7 (4, 0.034637245252097756)
8 (6, 0.034637245252097756)
9 (8, 0.034637245252097756)
10 (9, 0.034637245252097756)
11 (11, 0.034637245252097756)
12 (12, 0.034637245252097756)
13 (13, 0.034637245252097756)
14 (15, 0.034637245252097756)
15 (18, 0.034637245252097756)
16 (19, 0.034637245252097756)
17 (21, 0.034637245252097756)
18 (23, 0.034637245252097756)
19 (24, 0.034637245252097756)
20 (26, 0.034637245252097756)
21 (28, 0.034637245252097756)
22 (29, 0.034637245252097756)
23 (32, 0.034637245252097756)
24 (33, 0.034637245252097756)
25 (25, 0.026036888314732425)
26 (14, 0.019074359907796323)
27 (0, 0.013864868618313155)
28 (5, 0.010252182260332369)
29 (20, 0.007410109549997442)
30 (7, 0.007074464149731389)
31 (22, 0.0063081936145659625)
32 (27, 0.0059183333332946675)
33 (16, 0.005195586787814664)
34 (30, 0.005195586787814664)
-----one service finish-----
5
1
payment
1 (12, 0.14129969097347958)
2 (32, 0.11046088606758846)
3 (1, 0.08308624597431614)
4 (16, 0.0646959646390271)
5 (24, 0.05480315858492539)
6 (28, 0.05288861817941086)
7 (19, 0.05251209028318723)
8 (3, 0.049427175026350245)
9 (9, 0.04894375659479677)
10 (13, 0.04753691190030374)
11 (22, 0.047393627966311094)
12 (0, 0.03458771835698266)
13 (33, 0.03272038464766618)
14 (6, 0.02202468948032727)
15 (15, 0.020184796004221413)
16 (26, 0.010547584463488482)
17 (20, 0.010312334570151243)
18 (25, 0.009671926959570629)
19 (5, 0.008403797314376097)
20 (7, 0.007812550267025887)
21 (11, 0.007782980508405545)
22 (21, 0.007278443250697566)
23 (4, 0.007078487991853326)
24 (10, 0.0066977401508586335)
25 (31, 0.00669251448145978)
26 (2, 0.006615567364363256)
27 (8, 0.006067544749856938)
28 (14, 0.006067544749856938)
29 (17, 0.006067544749856938)
30 (18, 0.006067544749856938)
31 (23, 0.006067544749856938)
32 (27, 0.006067544749856938)
33 (29, 0.006067544749856938)
34 (30, 0.006067544749856938)
2
payment
1 (9, 0.104756345944513)
2 (22, 0.07068384905716876)
3 (6, 0.06224460864375599)
4 (7, 0.05951770570185264)
5 (12, 0.055136392430900155)
6 (19, 0.05418866323712784)
7 (32, 0.053568180281811296)
8 (3, 0.053083219692579196)
9 (13, 0.051552886810536075)
10 (24, 0.051552886810536075)
11 (28, 0.051552886810536075)
12 (16, 0.050187821615255895)
13 (10, 0.04891391531964104)
14 (27, 0.04339167312627393)
15 (15, 0.033800477476238225)
16 (0, 0.020756975790525097)
17 (26, 0.011151275507681175)
18 (5, 0.010239892088855153)
19 (11, 0.008778720354867323)
20 (20, 0.008610105419685269)
21 (4, 0.007728857527617164)
22 (21, 0.007719678399187411)
23 (31, 0.0076772577314418965)
24 (33, 0.0075134164547015995)
25 (1, 0.007113549046241849)
26 (2, 0.00650875096894109)
27 (8, 0.00650875096894109)
28 (14, 0.00650875096894109)
29 (17, 0.00650875096894109)
30 (18, 0.00650875096894109)
31 (23, 0.00650875096894109)
32 (25, 0.00650875096894109)
33 (29, 0.00650875096894109)
34 (30, 0.00650875096894109)
3
payment
1 (32, 0.11485464597817824)
2 (0, 0.08334224772616515)
3 (15, 0.07748903264001729)
4 (7, 0.07348813061661645)
5 (1, 0.07045465590301023)
6 (22, 0.06755761784740781)
7 (6, 0.05509947164179972)
8 (28, 0.05409709300745982)
9 (19, 0.041225340222116186)
10 (3, 0.04075009070529207)
11 (13, 0.04003688910087488)
12 (24, 0.04003688910087488)
13 (12, 0.03633553289923721)
14 (33, 0.036146825806629194)
15 (31, 0.03546601069099282)
16 (16, 0.01763507218517758)
17 (9, 0.011757355343745021)
18 (27, 0.009257875471113345)
19 (26, 0.008987186755282458)
20 (5, 0.007553594073791307)
21 (11, 0.006908262881652464)
22 (20, 0.00643288486088613)
23 (4, 0.005944447764080575)
24 (10, 0.005911748349784634)
25 (21, 0.005846189053592286)
26 (2, 0.00566017357218182)
27 (8, 0.005215591975255065)
28 (14, 0.005215591975255065)
29 (17, 0.005215591975255065)
30 (18, 0.005215591975255065)
31 (23, 0.005215591975255065)
32 (25, 0.005215591975255065)
33 (29, 0.005215591975255065)
34 (30, 0.005215591975255065)
4
payment
1 (32, 0.11520572118175901)
2 (12, 0.11079357647152925)
3 (22, 0.08429234734957884)
4 (19, 0.05295734596614763)
5 (9, 0.05285549673147352)
6 (3, 0.05226185183225475)
7 (13, 0.05095902110360449)
8 (24, 0.05095902110360449)
9 (28, 0.05095902110360449)
10 (31, 0.04395037689260907)
11 (0, 0.043909516731488324)
12 (6, 0.03925264785793774)
13 (1, 0.034070044796921405)
14 (33, 0.032616409742463666)
15 (15, 0.026374442386109084)
16 (7, 0.014246521788608099)
17 (26, 0.013481377281478087)
18 (27, 0.011650596794170473)
19 (16, 0.010281255532143594)
20 (11, 0.009889825374258532)
21 (5, 0.009500014519579604)
22 (20, 0.00805327956697665)
23 (4, 0.007493231555312264)
24 (10, 0.007350771530305984)
25 (21, 0.007344043488255992)
26 (2, 0.007119580590631098)
27 (8, 0.007065197467885593)
28 (14, 0.006443923322758331)
29 (17, 0.006443923322758331)
30 (18, 0.006443923322758331)
31 (23, 0.006443923322758331)
32 (25, 0.006443923322758331)
33 (29, 0.006443923322758331)
34 (30, 0.006443923322758331)
5
payment
1 (22, 0.07064387175982374)
2 (26, 0.06479049164375418)
3 (16, 0.053312765879011285)
4 (3, 0.04579484905924715)
5 (24, 0.04579484905924715)
6 (28, 0.04579484905924715)
7 (32, 0.04579484905924715)
8 (2, 0.03915036816547131)
9 (5, 0.03915036816547131)
10 (9, 0.03915036816547131)
11 (10, 0.03915036816547131)
12 (13, 0.03915036816547131)
13 (14, 0.03915036816547131)
14 (17, 0.03915036816547131)
15 (18, 0.03915036816547131)
16 (19, 0.03915036816547131)
17 (20, 0.03915036816547131)
18 (23, 0.03915036816547131)
19 (27, 0.03915036816547131)
20 (31, 0.03915036816547131)
21 (0, 0.016511333229388445)
22 (6, 0.015317493253147654)
23 (1, 0.012517036118596525)
24 (11, 0.012517036118596525)
25 (15, 0.00940279258617973)
26 (4, 0.005872555224820697)
27 (7, 0.005872555224820697)
28 (8, 0.005872555224820697)
29 (12, 0.005872555224820697)
30 (21, 0.005872555224820697)
31 (25, 0.005872555224820697)
32 (29, 0.005872555224820697)
33 (30, 0.005872555224820697)
34 (33, 0.005872555224820697)
6
payment
7
payment
1 (9, 0.10067538908583958)
2 (0, 0.08992873439127007)
3 (10, 0.051715997258711545)
4 (22, 0.05074339594779727)
5 (3, 0.048055996725495397)
6 (6, 0.04798324536986059)
7 (13, 0.04668344028982248)
8 (24, 0.04668344028982248)
9 (28, 0.04668344028982248)
10 (32, 0.04668344028982248)
11 (5, 0.04430886439099391)
12 (31, 0.041513941654729984)
13 (1, 0.039807886619928526)
14 (27, 0.039807886619928526)
15 (15, 0.03887233200064441)
16 (19, 0.0383423175366458)
17 (20, 0.028094975458355407)
18 (7, 0.02690839402207421)
19 (12, 0.01917622826781943)
20 (26, 0.014695130505932298)
21 (16, 0.010591269434777008)
22 (11, 0.008008317276434744)
23 (21, 0.007163183682832303)
24 (4, 0.007160922660746317)
25 (2, 0.00597118299298928)
26 (8, 0.00597118299298928)
27 (14, 0.00597118299298928)
28 (17, 0.00597118299298928)
29 (18, 0.00597118299298928)
30 (23, 0.00597118299298928)
31 (25, 0.00597118299298928)
32 (29, 0.00597118299298928)
33 (30, 0.00597118299298928)
34 (33, 0.00597118299298928)
8
payment
1 (6, 0.09626927302453654)
2 (19, 0.08052973631782412)
3 (26, 0.055158096819931585)
4 (22, 0.054883941578945994)
5 (9, 0.05435207914138104)
6 (3, 0.05211378024283532)
7 (13, 0.05006524883344308)
8 (24, 0.05006524883344308)
9 (28, 0.05006524883344308)
10 (32, 0.05006524883344308)
11 (5, 0.04780990261876597)
12 (31, 0.044365294572325936)
13 (1, 0.042306960218053344)
14 (27, 0.042306960218053344)
15 (0, 0.03659422793586771)
16 (20, 0.03125273843318218)
17 (15, 0.0222293397139664)
18 (12, 0.020370992922723458)
19 (16, 0.011472219188029018)
20 (7, 0.011243474327961401)
21 (11, 0.0087749876515461)
22 (10, 0.008312186316802354)
23 (4, 0.00802175810615815)
24 (21, 0.007910614990257641)
25 (2, 0.006346044032708002)
26 (8, 0.006346044032708002)
27 (14, 0.006346044032708002)
28 (17, 0.006346044032708002)
29 (18, 0.006346044032708002)
30 (23, 0.006346044032708002)
31 (25, 0.006346044032708002)
32 (29, 0.006346044032708002)
33 (30, 0.006346044032708002)
34 (33, 0.006346044032708002)
9
payment
1 (32, 0.1491157501776157)
2 (22, 0.09444715635770262)
3 (0, 0.06826097698404454)
4 (27, 0.05880335794141854)
5 (19, 0.058385448832790024)
6 (24, 0.05457810628821285)
7 (9, 0.05338516314792355)
8 (3, 0.05313971716293794)
9 (28, 0.052383346865692966)
10 (13, 0.05167040481938787)
11 (12, 0.04883208458198845)
12 (15, 0.0445443042050457)
13 (6, 0.02974940282569146)
14 (1, 0.01820596930354114)
15 (33, 0.012495582484853931)
16 (26, 0.012200712731839305)
17 (20, 0.011867698200976827)
18 (16, 0.010202890791625285)
19 (25, 0.008836609021673145)
20 (5, 0.008803264770275458)
21 (7, 0.00874422945108862)
22 (11, 0.0085498055463964)
23 (4, 0.007691460599147036)
24 (21, 0.007493066190939297)
25 (31, 0.007379912813517371)
26 (10, 0.007346531355912966)
27 (2, 0.007235697740688009)
28 (8, 0.006521621258153301)
29 (14, 0.006521621258153301)
30 (17, 0.006521621258153301)
31 (18, 0.006521621258153301)
32 (23, 0.006521621258153301)
33 (29, 0.006521621258153301)
34 (30, 0.006521621258153301)
10
payment
1 (19, 0.10265842109601493)
2 (13, 0.0921312284243813)
3 (0, 0.07734713317953132)
4 (15, 0.05894369173743044)
5 (20, 0.05698800282250251)
6 (32, 0.05336249987938924)
7 (16, 0.05323807490620672)
8 (6, 0.051677768820647355)
9 (14, 0.04765355802659633)
10 (24, 0.047616262535903106)
11 (9, 0.04712027092595117)
12 (3, 0.04677797086339725)
13 (28, 0.04569154762377882)
14 (12, 0.044866271654382395)
15 (22, 0.025625659212903978)
16 (1, 0.01382361175068059)
17 (7, 0.011858620510906703)
18 (26, 0.01099276045044608)
19 (33, 0.009995328256167084)
20 (27, 0.009810406704355812)
21 (5, 0.0076884122988160036)
22 (11, 0.0076449641494675084)
23 (25, 0.0075471603910243655)
24 (4, 0.00681252567719818)
25 (21, 0.006668105063928018)
26 (31, 0.006636147429803499)
27 (10, 0.00659963917962105)
28 (2, 0.006506086474599087)
29 (8, 0.006423107864298049)
30 (17, 0.005858952417934228)
31 (18, 0.005858952417934228)
32 (23, 0.005858952417934228)
33 (29, 0.005858952417934228)
34 (30, 0.005858952417934228)
-----one service finish-----
6
1
shipping
1 (17, 0.16557695078892404)
2 (30, 0.1303732579227903)
3 (33, 0.10694916796127982)
4 (23, 0.06285343885784045)
5 (20, 0.044898248295627094)
6 (14, 0.04423287036059265)
7 (31, 0.04418276668329306)
8 (25, 0.03876936535664565)
9 (6, 0.038522530128879934)
10 (16, 0.03678499420331288)
11 (12, 0.036777267237293854)
12 (0, 0.02339139983148196)
13 (1, 0.020908245829162505)
14 (3, 0.01889577296431794)
15 (34, 0.015531150900508836)
16 (2, 0.014262679293473161)
17 (13, 0.01220202973995174)
18 (9, 0.012193299743826764)
19 (32, 0.011617698359128383)
20 (4, 0.011035226860813378)
21 (26, 0.010422705966262226)
22 (5, 0.010390639076121987)
23 (27, 0.008035655690066756)
24 (28, 0.00770892807882907)
25 (24, 0.007480820340079013)
26 (35, 0.006859540101324964)
27 (8, 0.0068542442833797144)
28 (22, 0.006480291167994287)
29 (21, 0.006230520861969241)
30 (7, 0.005654041873546921)
31 (10, 0.005654041873546921)
32 (11, 0.005654041873546921)
33 (15, 0.005654041873546921)
34 (18, 0.005654041873546921)
35 (19, 0.005654041873546921)
36 (29, 0.005654041873546921)
2
shipping
1 (33, 0.18105322444936534)
2 (12, 0.09421069587888044)
3 (23, 0.07196287176608517)
4 (1, 0.07103769728718232)
5 (17, 0.0608448215340539)
6 (6, 0.05128019453145329)
7 (30, 0.04959545463655528)
8 (34, 0.04523196643372581)
9 (25, 0.04496997579614622)
10 (20, 0.044748566104775865)
11 (28, 0.04069556140282978)
12 (0, 0.02939594182508683)
13 (16, 0.020332171061655472)
14 (32, 0.016250231623543915)
15 (3, 0.013306751606121613)
16 (9, 0.01238254331359016)
17 (14, 0.01238254331359016)
18 (13, 0.01228734801662317)
19 (2, 0.011325792103386816)
20 (5, 0.010570214633624609)
21 (31, 0.009368186555150967)
22 (27, 0.008282857884029243)
23 (24, 0.00815729154803253)
24 (8, 0.007883722488466706)
25 (11, 0.007627384091471039)
26 (22, 0.0069121899550357935)
27 (4, 0.006498940432360277)
28 (7, 0.005711651080797478)
29 (10, 0.005711651080797478)
30 (15, 0.005711651080797478)
31 (18, 0.005711651080797478)
32 (19, 0.005711651080797478)
33 (21, 0.005711651080797478)
34 (26, 0.005711651080797478)
35 (29, 0.005711651080797478)
36 (35, 0.005711651080797478)
3
shipping
1 (20, 0.1430477986488272)
2 (21, 0.10226526374439102)
3 (17, 0.0923515440755745)
4 (30, 0.08130320910021677)
5 (33, 0.07852594880641077)
6 (23, 0.04885419423237079)
7 (3, 0.046272936377116186)
8 (12, 0.04003180626791398)
9 (9, 0.040023513963971025)
10 (28, 0.036715283259702435)
11 (6, 0.029448048595695827)
12 (1, 0.028834103844687556)
13 (0, 0.0272306033998831)
14 (31, 0.023092836703795205)
15 (16, 0.020631054657258292)
16 (34, 0.01333230435383481)
17 (32, 0.013270306492065108)
18 (2, 0.012808511951133283)
19 (25, 0.011638339050648953)
20 (14, 0.010674448300463346)
21 (13, 0.00911060615387481)
22 (5, 0.009010797680475401)
23 (27, 0.0068236177868877075)
24 (24, 0.006783177524972839)
25 (11, 0.006730317260830948)
26 (8, 0.006455489006642985)
27 (35, 0.0061291086588602045)
28 (22, 0.0058685083297275835)
29 (4, 0.00584242985172107)
30 (26, 0.005818410629273605)
31 (7, 0.005179246881795474)
32 (10, 0.005179246881795474)
33 (15, 0.005179246881795474)
34 (18, 0.005179246881795474)
35 (19, 0.005179246881795474)
36 (29, 0.005179246881795474)
4
shipping
1 (1, 0.12151927317310646)
2 (32, 0.05942513338508202)
3 (23, 0.05763267815670889)
4 (6, 0.057245681021578565)
5 (12, 0.05711481996937321)
6 (9, 0.0466788154391407)
7 (14, 0.0466788154391407)
8 (20, 0.0466788154391407)
9 (25, 0.0466788154391407)
10 (30, 0.0466788154391407)
11 (34, 0.0466788154391407)
12 (24, 0.04397005444391609)
13 (17, 0.03951306585675453)
14 (28, 0.03951306585675453)
15 (33, 0.03951306585675453)
16 (5, 0.03205940233731771)
17 (8, 0.01869313469956227)
18 (2, 0.01807470403771478)
19 (0, 0.017416369884209363)
20 (3, 0.013092709460899353)
21 (27, 0.010015408705455838)
22 (13, 0.009504031564153333)
23 (22, 0.007479807361755767)
24 (7, 0.00647435766516927)
25 (16, 0.006473785265244335)
26 (4, 0.0059269598785131805)
27 (10, 0.0059269598785131805)
28 (11, 0.0059269598785131805)
29 (15, 0.0059269598785131805)
30 (18, 0.0059269598785131805)
31 (19, 0.0059269598785131805)
32 (21, 0.0059269598785131805)
33 (26, 0.0059269598785131805)
34 (29, 0.0059269598785131805)
35 (31, 0.0059269598785131805)
36 (35, 0.0059269598785131805)
5
shipping
1 (17, 0.13026125932059468)
2 (30, 0.07383425371781055)
3 (33, 0.0716427608826606)
4 (28, 0.0576227458396075)
5 (32, 0.0536273601462867)
6 (3, 0.048019530024837116)
7 (1, 0.04764433570149614)
8 (14, 0.04707459738810399)
9 (20, 0.04707459738810399)
10 (25, 0.04707459738810399)
11 (34, 0.04707459738810399)
12 (23, 0.045134695172088686)
13 (2, 0.044354338299111215)
14 (16, 0.024730937635281496)
15 (12, 0.021209946059679383)
16 (31, 0.020596421298275013)
17 (6, 0.019376439233791575)
18 (0, 0.015395908581456291)
19 (24, 0.013606218255815957)
20 (9, 0.013242193068639248)
21 (5, 0.013166613202412141)
22 (27, 0.01022825169762101)
23 (13, 0.007737983369340577)
24 (22, 0.007390423267493345)
25 (4, 0.006745932593442174)
26 (8, 0.0064288201631400406)
27 (7, 0.005970424291670251)
28 (10, 0.005970424291670251)
29 (11, 0.005970424291670251)
30 (15, 0.005970424291670251)
31 (18, 0.005970424291670251)
32 (19, 0.005970424291670251)
33 (21, 0.005970424291670251)
34 (26, 0.005970424291670251)
35 (29, 0.005970424291670251)
36 (35, 0.005970424291670251)
6
shipping
1 (17, 0.1198913033220393)
2 (28, 0.06748392419980327)
3 (33, 0.06511142484301394)
4 (1, 0.04984799460583182)
5 (30, 0.04896189781340046)
6 (32, 0.04784762615469242)
7 (3, 0.04705943956451305)
8 (9, 0.04587986977797211)
9 (14, 0.04587986977797211)
10 (20, 0.04587986977797211)
11 (25, 0.04587986977797211)
12 (34, 0.04587986977797211)
13 (2, 0.045170662838692234)
14 (23, 0.04207119617573787)
15 (12, 0.04204060564156455)
16 (0, 0.02426984450646686)
17 (6, 0.02142757980664733)
18 (5, 0.01546775441786365)
19 (16, 0.015462830654982017)
20 (24, 0.014991796694260186)
21 (27, 0.00875714595426182)
22 (31, 0.00842173647956115)
23 (13, 0.008073570645898712)
24 (4, 0.0068270469653828264)
25 (22, 0.006758074477022316)
26 (8, 0.006274183518985009)
27 (7, 0.005838301182951878)
28 (10, 0.005838301182951878)
29 (11, 0.005838301182951878)
30 (15, 0.005838301182951878)
31 (18, 0.005838301182951878)
32 (19, 0.005838301182951878)
33 (21, 0.005838301182951878)
34 (26, 0.005838301182951878)
35 (29, 0.005838301182951878)
36 (35, 0.005838301182951878)
7
shipping
1 (5, 0.06131681800505852)
2 (24, 0.05342859197256008)
3 (6, 0.05187620779323821)
4 (3, 0.04455020327373318)
5 (9, 0.04455020327373318)
6 (14, 0.04455020327373318)
7 (20, 0.04455020327373318)
8 (25, 0.04455020327373318)
9 (30, 0.04455020327373318)
10 (32, 0.04455020327373318)
11 (34, 0.04455020327373318)
12 (2, 0.04087186061309515)
13 (22, 0.03969829318420178)
14 (1, 0.038796234389048945)
15 (23, 0.038624825086119814)
16 (12, 0.037942344127337706)
17 (17, 0.037942344127337706)
18 (19, 0.037942344127337706)
19 (28, 0.037942344127337706)
20 (33, 0.037942344127337706)
21 (16, 0.02217132795514826)
22 (27, 0.016296992819363774)
23 (0, 0.014194220688035546)
24 (13, 0.006727653580827178)
25 (8, 0.006548857396973993)
26 (7, 0.006421253498768354)
27 (4, 0.005691351619100657)
28 (10, 0.005691351619100657)
29 (11, 0.005691351619100657)
30 (15, 0.005691351619100657)
31 (18, 0.005691351619100657)
32 (21, 0.005691351619100657)
33 (26, 0.005691351619100657)
34 (29, 0.005691351619100657)
35 (31, 0.005691351619100657)
36 (35, 0.005691351619100657)
8
shipping
1 (17, 0.18999010038773612)
2 (33, 0.1223580206524778)
3 (30, 0.06948566362021204)
4 (12, 0.06805642073942254)
5 (23, 0.05835863934731127)
6 (1, 0.0481510849543867)
7 (6, 0.04787675090889787)
8 (3, 0.0462540252597772)
9 (34, 0.04625160085267886)
10 (16, 0.045582801362332684)
11 (0, 0.02995019141216732)
12 (31, 0.025064029286000593)
13 (25, 0.01378240148741221)
14 (9, 0.01266500406930508)
15 (14, 0.01266500406930508)
16 (20, 0.01266500406930508)
17 (5, 0.01247700627616825)
18 (2, 0.01110019159987451)
19 (32, 0.011063866231984432)
20 (13, 0.01030505933339551)
21 (28, 0.009771921206683224)
22 (27, 0.008375165827319895)
23 (24, 0.008033781364418345)
24 (8, 0.007467990634317429)
25 (22, 0.007078743588656664)
26 (26, 0.0065440583070912285)
27 (4, 0.006398403960119712)
28 (7, 0.005803007687915819)
29 (10, 0.005803007687915819)
30 (11, 0.005803007687915819)
31 (15, 0.005803007687915819)
32 (18, 0.005803007687915819)
33 (19, 0.005803007687915819)
34 (21, 0.005803007687915819)
35 (29, 0.005803007687915819)
36 (35, 0.005803007687915819)
9
shipping
1 (1, 0.09682373888689746)
2 (12, 0.05898194826263572)
3 (30, 0.058851401747354405)
4 (32, 0.05032372393375879)
5 (6, 0.05014250375212058)
6 (3, 0.044558557289421534)
7 (14, 0.044558557289421534)
8 (20, 0.044558557289421534)
9 (25, 0.044558557289421534)
10 (34, 0.044558557289421534)
11 (24, 0.041915589399841975)
12 (22, 0.03953746705613426)
13 (23, 0.038682968885930216)
14 (17, 0.037947516095931055)
15 (19, 0.037947516095931055)
16 (28, 0.037947516095931055)
17 (33, 0.037947516095931055)
18 (0, 0.02553829062910607)
19 (2, 0.02494717718877333)
20 (5, 0.018104297248117355)
21 (16, 0.017080711992852056)
22 (27, 0.013332718884810845)
23 (9, 0.01230316860788014)
24 (13, 0.00923485116156119)
25 (8, 0.0063967286343115555)
26 (7, 0.006298588753185659)
27 (4, 0.00569212741438966)
28 (10, 0.00569212741438966)
29 (11, 0.00569212741438966)
30 (15, 0.00569212741438966)
31 (18, 0.00569212741438966)
32 (21, 0.00569212741438966)
33 (26, 0.00569212741438966)
34 (29, 0.00569212741438966)
35 (31, 0.00569212741438966)
36 (35, 0.00569212741438966)
10
shipping
1 (1, 0.0437583817109313)
2 (16, 0.04019177611299025)
3 (5, 0.03937971259770425)
4 (24, 0.03852384517332107)
5 (27, 0.03852384517332107)
6 (32, 0.03852384517332107)
7 (34, 0.03852384517332107)
8 (22, 0.03525378037575678)
9 (2, 0.034185891286896225)
10 (3, 0.03340260373579533)
11 (4, 0.03340260373579533)
12 (9, 0.03340260373579533)
13 (10, 0.03340260373579533)
14 (12, 0.03340260373579533)
15 (14, 0.03340260373579533)
16 (15, 0.03340260373579533)
17 (17, 0.03340260373579533)
18 (19, 0.03340260373579533)
19 (20, 0.03340260373579533)
20 (21, 0.03340260373579533)
21 (23, 0.03340260373579533)
22 (25, 0.03340260373579533)
23 (26, 0.03340260373579533)
24 (28, 0.03340260373579533)
25 (30, 0.03340260373579533)
26 (31, 0.03340260373579533)
27 (33, 0.03340260373579533)
28 (6, 0.010131631997895041)
29 (8, 0.00584773378785218)
30 (13, 0.0058465008301579425)
31 (0, 0.0050103905603693)
32 (7, 0.0050103905603693)
33 (11, 0.0050103905603693)
34 (18, 0.0050103905603693)
35 (29, 0.0050103905603693)
36 (35, 0.0050103905603693)
-----one service finish-----
2023-03-14 16:07:32
