2023-03-14 16:07:32
0
1
front-end
1 (11, 0.12522466210969832)
2 (23, 0.12260387503022453)
3 (8, 0.08132915673433425)
4 (9, 0.06826731168303656)
5 (22, 0.05560324081373222)
6 (10, 0.05348057151779353)
7 (1, 0.051027141411929745)
8 (21, 0.050302680326524046)
9 (13, 0.049302573008327015)
10 (19, 0.043203180203020955)
11 (33, 0.0431971426964856)
12 (6, 0.03336214684472121)
13 (26, 0.026994916319311942)
14 (2, 0.022862101028212414)
15 (15, 0.01636151226476111)
16 (0, 0.013819425934082077)
17 (16, 0.012902655315991298)
18 (29, 0.012455932827280476)
19 (3, 0.011510297162308218)
20 (14, 0.011510297162308218)
21 (24, 0.011510297162308218)
22 (31, 0.0077827089534540095)
23 (5, 0.007116839347718509)
24 (12, 0.006254622496383764)
25 (30, 0.0060264973605441)
26 (34, 0.005950329135715418)
27 (20, 0.0057497184364366715)
28 (28, 0.005748834764151453)
29 (4, 0.00550561884988632)
30 (7, 0.00550561884988632)
31 (17, 0.00550561884988632)
32 (18, 0.00550561884988632)
33 (25, 0.00550561884988632)
34 (27, 0.00550561884988632)
35 (32, 0.00550561884988632)
2
front-end
1 (1, 0.13249018848452085)
2 (32, 0.09686875421030908)
3 (27, 0.06840719583943697)
4 (22, 0.06038290869288597)
5 (34, 0.059656999550221385)
6 (30, 0.053162070136058344)
7 (19, 0.05309137560013279)
8 (16, 0.046272801024338464)
9 (9, 0.04454808568558725)
10 (6, 0.04296775975914187)
11 (11, 0.04237346942304585)
12 (10, 0.03362666710801794)
13 (25, 0.033034594629140754)
14 (8, 0.031181922011364854)
15 (0, 0.025272730126018116)
16 (4, 0.020054508155624904)
17 (14, 0.014041063874525363)
18 (24, 0.011852758895163018)
19 (26, 0.01177134346652932)
20 (33, 0.011053379547457482)
21 (2, 0.010083645664927563)
22 (29, 0.00976265876431507)
23 (21, 0.008840815221248719)
24 (23, 0.0080350162917085)
25 (3, 0.007875102026097341)
26 (20, 0.007560118191287438)
27 (15, 0.006710678869852301)
28 (12, 0.006510428134336886)
29 (13, 0.006400241488071171)
30 (5, 0.006018453188105759)
31 (7, 0.006018453188105759)
32 (17, 0.006018453188105759)
33 (18, 0.006018453188105759)
34 (28, 0.006018453188105759)
35 (31, 0.006018453188105759)
3
front-end
1 (31, 0.04619362766444232)
2 (10, 0.04178356126531821)
3 (15, 0.04178356126531821)
4 (1, 0.03250733270399871)
5 (3, 0.03250733270399871)
6 (4, 0.03250733270399871)
7 (6, 0.03250733270399871)
8 (7, 0.03250733270399871)
9 (8, 0.03250733270399871)
10 (9, 0.03250733270399871)
11 (11, 0.03250733270399871)
12 (13, 0.03250733270399871)
13 (14, 0.03250733270399871)
14 (16, 0.03250733270399871)
15 (17, 0.03250733270399871)
16 (18, 0.03250733270399871)
17 (19, 0.03250733270399871)
18 (20, 0.03250733270399871)
19 (22, 0.03250733270399871)
20 (23, 0.03250733270399871)
21 (24, 0.03250733270399871)
22 (25, 0.03250733270399871)
23 (27, 0.03250733270399871)
24 (29, 0.03250733270399871)
25 (30, 0.03250733270399871)
26 (32, 0.03250733270399871)
27 (33, 0.03250733270399871)
28 (34, 0.03250733270399871)
29 (12, 0.0141523284669193)
30 (2, 0.009591768007078234)
31 (21, 0.009591768007078234)
32 (26, 0.009591768007078234)
33 (0, 0.004876099905599807)
34 (5, 0.004876099905599807)
35 (28, 0.004876099905599807)
4
front-end
1 (10, 0.05169941437730751)
2 (31, 0.044824343405053334)
3 (12, 0.04053821956054376)
4 (1, 0.032964181823118575)
5 (3, 0.032964181823118575)
6 (4, 0.032964181823118575)
7 (6, 0.032964181823118575)
8 (8, 0.032964181823118575)
9 (9, 0.032964181823118575)
10 (11, 0.032964181823118575)
11 (13, 0.032964181823118575)
12 (14, 0.032964181823118575)
13 (16, 0.032964181823118575)
14 (17, 0.032964181823118575)
15 (18, 0.032964181823118575)
16 (19, 0.032964181823118575)
17 (20, 0.032964181823118575)
18 (22, 0.032964181823118575)
19 (23, 0.032964181823118575)
20 (24, 0.032964181823118575)
21 (25, 0.032964181823118575)
22 (27, 0.032964181823118575)
23 (29, 0.032964181823118575)
24 (30, 0.032964181823118575)
25 (32, 0.032964181823118575)
26 (33, 0.032964181823118575)
27 (34, 0.032964181823118575)
28 (21, 0.01501406559065695)
29 (28, 0.012094434218838376)
30 (15, 0.01026776123462463)
31 (2, 0.009793758018863211)
32 (26, 0.009793758018863211)
33 (0, 0.004944627273467787)
34 (5, 0.004944627273467787)
35 (7, 0.004944627273467787)
5
front-end
1 (10, 0.07637099869200593)
2 (21, 0.03871169908864528)
3 (23, 0.037493863007521694)
4 (30, 0.03521815901276514)
5 (6, 0.03510562621440888)
6 (15, 0.03502295955094782)
7 (16, 0.03467972212734818)
8 (1, 0.03459331039093868)
9 (3, 0.034258952175180414)
10 (4, 0.034258952175180414)
11 (8, 0.034258952175180414)
12 (9, 0.034258952175180414)
13 (11, 0.034258952175180414)
14 (13, 0.034258952175180414)
15 (14, 0.034258952175180414)
16 (19, 0.034258952175180414)
17 (20, 0.034258952175180414)
18 (22, 0.034258952175180414)
19 (24, 0.034258952175180414)
20 (25, 0.034258952175180414)
21 (27, 0.034258952175180414)
22 (29, 0.034258952175180414)
23 (32, 0.034258952175180414)
24 (33, 0.034258952175180414)
25 (34, 0.034258952175180414)
26 (26, 0.025861378671429198)
27 (0, 0.01456384572787038)
28 (2, 0.012517680406792176)
29 (5, 0.0062756208403234376)
30 (28, 0.005488735159550937)
31 (7, 0.005138842826277063)
32 (12, 0.005138842826277063)
33 (17, 0.005138842826277063)
34 (18, 0.005138842826277063)
35 (31, 0.005138842826277063)
6
front-end
1 (10, 0.09955631598198747)
2 (16, 0.05485824904194072)
3 (1, 0.0514296303440777)
4 (33, 0.04747050245033589)
5 (3, 0.044643939122563675)
6 (9, 0.044643939122563675)
7 (23, 0.04188454307626812)
8 (11, 0.03951372643864061)
9 (32, 0.039377463674699464)
10 (30, 0.03908047239005685)
11 (27, 0.03885106223299397)
12 (25, 0.03870665919189406)
13 (14, 0.03851870381815486)
14 (13, 0.03850050451933716)
15 (19, 0.03814915827419984)
16 (20, 0.03814915827419984)
17 (22, 0.03814915827419984)
18 (29, 0.03814915827419984)
19 (2, 0.035953298773905754)
20 (26, 0.024451573784803324)
21 (15, 0.01641130981453912)
22 (5, 0.014621202355108154)
23 (6, 0.014080663150477266)
24 (0, 0.012375807805159367)
25 (21, 0.011169381255194694)
26 (34, 0.007667610327011337)
27 (12, 0.006728962942088408)
28 (24, 0.0063534795484122076)
29 (28, 0.006220123294207053)
30 (4, 0.005722373741129976)
31 (7, 0.005722373741129976)
32 (8, 0.005722373741129976)
33 (17, 0.005722373741129976)
34 (18, 0.005722373741129976)
35 (31, 0.005722373741129976)
7
front-end
1 (10, 0.08697468500437734)
2 (3, 0.06999521326643608)
3 (9, 0.04361962235942674)
4 (25, 0.04361962235942674)
5 (21, 0.04225015776639464)
6 (23, 0.04091393005541792)
7 (32, 0.038964669169035515)
8 (6, 0.03859122559247517)
9 (15, 0.0384503447392777)
10 (27, 0.03841063584101228)
11 (11, 0.03836578499442816)
12 (1, 0.037922430113964456)
13 (22, 0.037804160946742875)
14 (13, 0.03738335727147907)
15 (14, 0.03738335727147907)
16 (19, 0.03738335727147907)
17 (20, 0.03738335727147907)
18 (33, 0.03738335727147907)
19 (34, 0.03738335727147907)
20 (4, 0.029317091754012578)
21 (26, 0.02349469799311887)
22 (16, 0.02131615414328758)
23 (2, 0.01787609361024991)
24 (29, 0.013538439728890767)
25 (0, 0.011973670007562045)
26 (5, 0.009837005457722477)
27 (30, 0.006620032599737606)
28 (31, 0.006591663733075186)
29 (7, 0.00560750359072186)
30 (8, 0.00560750359072186)
31 (12, 0.00560750359072186)
32 (17, 0.00560750359072186)
33 (18, 0.00560750359072186)
34 (24, 0.00560750359072186)
35 (28, 0.00560750359072186)
8
front-end
1 (23, 0.11674009262802983)
2 (10, 0.0712740123738873)
3 (6, 0.05629395241092954)
4 (20, 0.049165739737930196)
5 (3, 0.04263482893892415)
6 (15, 0.0387654936494743)
7 (30, 0.03764280237978384)
8 (16, 0.03729748254210224)
9 (1, 0.036643821035294455)
10 (8, 0.036643821035294455)
11 (9, 0.036643821035294455)
12 (11, 0.036643821035294455)
13 (14, 0.036643821035294455)
14 (22, 0.036643821035294455)
15 (27, 0.036643821035294455)
16 (29, 0.036643821035294455)
17 (32, 0.036643821035294455)
18 (34, 0.036643821035294455)
19 (26, 0.030754900739975922)
20 (2, 0.021942848516152875)
21 (25, 0.018018491857929912)
22 (0, 0.01676035804525371)
23 (5, 0.012366172117704162)
24 (19, 0.011487581058923864)
25 (24, 0.011487581058923864)
26 (21, 0.008384087358433028)
27 (31, 0.00756968633173227)
28 (12, 0.006499665813905267)
29 (4, 0.005496573155294168)
30 (7, 0.005496573155294168)
31 (13, 0.005496573155294168)
32 (17, 0.005496573155294168)
33 (18, 0.005496573155294168)
34 (28, 0.005496573155294168)
35 (33, 0.005496573155294168)
9
front-end
1 (1, 0.10634345988458019)
2 (9, 0.08017905059715258)
3 (25, 0.07324987935872608)
4 (4, 0.06172668791082084)
5 (10, 0.059153533611118685)
6 (30, 0.04645277806379769)
7 (23, 0.041395835604523555)
8 (6, 0.03916386752150348)
9 (11, 0.039104033518378475)
10 (16, 0.03908389344992093)
11 (12, 0.039043911689842774)
12 (19, 0.03834138214420437)
13 (20, 0.03834138214420437)
14 (8, 0.03587079613722544)
15 (24, 0.030550699111739237)
16 (27, 0.025721847005783834)
17 (0, 0.021906412366958453)
18 (34, 0.021760793404938646)
19 (3, 0.020503172036121703)
20 (21, 0.01449901571839277)
21 (33, 0.014058321952820533)
22 (26, 0.013229439155956915)
23 (22, 0.01294924072796248)
24 (2, 0.012655762048179529)
25 (14, 0.012306413404466072)
26 (32, 0.007290782620020884)
27 (5, 0.007066675744473989)
28 (28, 0.006485064234675268)
29 (15, 0.006440226228740496)
30 (29, 0.006369605994616395)
31 (7, 0.005751207321630656)
32 (13, 0.005751207321630656)
33 (17, 0.005751207321630656)
34 (18, 0.005751207321630656)
35 (31, 0.005751207321630656)
10
front-end
1 (12, 0.05950844192050453)
2 (10, 0.04181774376795165)
3 (1, 0.03252735999138544)
4 (3, 0.03252735999138544)
5 (4, 0.03252735999138544)
6 (6, 0.03252735999138544)
7 (8, 0.03252735999138544)
8 (9, 0.03252735999138544)
9 (11, 0.03252735999138544)
10 (13, 0.03252735999138544)
11 (14, 0.03252735999138544)
12 (16, 0.03252735999138544)
13 (17, 0.03252735999138544)
14 (18, 0.03252735999138544)
15 (19, 0.03252735999138544)
16 (20, 0.03252735999138544)
17 (22, 0.03252735999138544)
18 (23, 0.03252735999138544)
19 (24, 0.03252735999138544)
20 (25, 0.03252735999138544)
21 (27, 0.03252735999138544)
22 (29, 0.03252735999138544)
23 (30, 0.03252735999138544)
24 (31, 0.03252735999138544)
25 (32, 0.03252735999138544)
26 (33, 0.03252735999138544)
27 (34, 0.03252735999138544)
28 (21, 0.02788135022813167)
29 (15, 0.01889093861902579)
30 (26, 0.009600554842459575)
31 (2, 0.009600554842459573)
32 (0, 0.004879103998707815)
33 (5, 0.004879103998707815)
34 (7, 0.004879103998707815)
35 (28, 0.004879103998707815)
-----one service finish-----
1
1
user
1 (32, 0.06951401173571607)
2 (25, 0.06529247003399143)
3 (14, 0.06431525912831977)
4 (11, 0.05886370240289026)
5 (4, 0.051672171118645326)
6 (6, 0.049898374222686524)
7 (19, 0.049898374222686524)
8 (28, 0.049898374222686524)
9 (10, 0.04864187939006714)
10 (26, 0.04538830686830546)
11 (8, 0.04235156453870796)
12 (9, 0.04235156453870796)
13 (12, 0.04235156453870796)
14 (13, 0.04235156453870796)
15 (15, 0.04235156453870796)
16 (22, 0.04235156453870796)
17 (30, 0.04235156453870796)
18 (31, 0.02286487254498849)
19 (5, 0.01637549579314163)
20 (21, 0.013899544364784756)
21 (24, 0.013899544364784756)
22 (29, 0.009358923292912463)
23 (2, 0.009061238912528797)
24 (0, 0.00752189348265258)
25 (1, 0.006352734680806195)
26 (3, 0.006352734680806195)
27 (7, 0.006352734680806195)
28 (16, 0.006352734680806195)
29 (17, 0.006352734680806195)
30 (18, 0.006352734680806195)
31 (20, 0.006352734680806195)
32 (23, 0.006352734680806195)
33 (27, 0.006352734680806195)
2
user
1 (25, 0.06489309477927833)
2 (27, 0.050794858842177305)
3 (30, 0.046129840829256946)
4 (32, 0.045761200962172725)
5 (15, 0.04522656333589681)
6 (22, 0.04522656333589681)
7 (23, 0.04522656333589681)
8 (26, 0.042685611210396664)
9 (4, 0.040134429474523725)
10 (19, 0.03953205239759837)
11 (7, 0.03952521878971684)
12 (6, 0.039501831449370875)
13 (3, 0.039469925235911786)
14 (18, 0.03945557860813596)
15 (1, 0.03886966320519299)
16 (8, 0.03886966320519299)
17 (9, 0.03886966320519299)
18 (12, 0.03886966320519299)
19 (13, 0.03886966320519299)
20 (21, 0.03886966320519299)
21 (31, 0.03886966320519299)
22 (14, 0.022171344290155902)
23 (0, 0.014273458998964813)
24 (28, 0.010937528357008147)
25 (2, 0.008593521763301058)
26 (5, 0.006865944167327868)
27 (10, 0.006524530515987709)
28 (11, 0.0058304494807789485)
29 (16, 0.0058304494807789485)
30 (17, 0.0058304494807789485)
31 (20, 0.0058304494807789485)
32 (24, 0.0058304494807789485)
33 (29, 0.0058304494807789485)
3
user
1 (29, 0.04970836742474184)
2 (1, 0.0327535067994376)
3 (2, 0.0327535067994376)
4 (3, 0.0327535067994376)
5 (4, 0.0327535067994376)
6 (6, 0.0327535067994376)
7 (7, 0.0327535067994376)
8 (8, 0.0327535067994376)
9 (9, 0.0327535067994376)
10 (10, 0.0327535067994376)
11 (11, 0.0327535067994376)
12 (12, 0.0327535067994376)
13 (13, 0.0327535067994376)
14 (15, 0.0327535067994376)
15 (16, 0.0327535067994376)
16 (17, 0.0327535067994376)
17 (18, 0.0327535067994376)
18 (19, 0.0327535067994376)
19 (20, 0.0327535067994376)
20 (21, 0.0327535067994376)
21 (22, 0.0327535067994376)
22 (23, 0.0327535067994376)
23 (24, 0.0327535067994376)
24 (26, 0.0327535067994376)
25 (27, 0.0327535067994376)
26 (28, 0.0327535067994376)
27 (30, 0.0327535067994376)
28 (31, 0.0327535067994376)
29 (32, 0.0327535067994376)
30 (25, 0.018454364131258512)
31 (0, 0.00491302601991564)
32 (5, 0.00491302601991564)
33 (14, 0.00491302601991564)
4
user
1 (25, 0.07629517027482086)
2 (6, 0.04583928496095601)
3 (28, 0.04366643161016)
4 (10, 0.03912790687458331)
5 (30, 0.03867395519429611)
6 (4, 0.0382237829981029)
7 (26, 0.03798567906390553)
8 (31, 0.03777963415490988)
9 (1, 0.03724673290098837)
10 (3, 0.03724673290098837)
11 (8, 0.03724673290098837)
12 (9, 0.03724673290098837)
13 (11, 0.03724673290098837)
14 (12, 0.03724673290098837)
15 (13, 0.03724673290098837)
16 (15, 0.03724673290098837)
17 (18, 0.03724673290098837)
18 (19, 0.03724673290098837)
19 (21, 0.03724673290098837)
20 (22, 0.03724673290098837)
21 (23, 0.03724673290098837)
22 (24, 0.03724673290098837)
23 (32, 0.03724673290098837)
24 (14, 0.015790552747115258)
25 (2, 0.011529807330044337)
26 (5, 0.009504941581972794)
27 (29, 0.009388564016155735)
28 (7, 0.008224316887731046)
29 (0, 0.006345013832290213)
30 (17, 0.006162935152685752)
31 (16, 0.005587009935148256)
32 (20, 0.005587009935148256)
33 (27, 0.005587009935148256)
5
user
1 (29, 0.049708367424741835)
2 (1, 0.032753506799437594)
3 (2, 0.032753506799437594)
4 (3, 0.032753506799437594)
5 (4, 0.032753506799437594)
6 (6, 0.032753506799437594)
7 (7, 0.032753506799437594)
8 (8, 0.032753506799437594)
9 (9, 0.032753506799437594)
10 (10, 0.032753506799437594)
11 (11, 0.032753506799437594)
12 (12, 0.032753506799437594)
13 (13, 0.032753506799437594)
14 (15, 0.032753506799437594)
15 (16, 0.032753506799437594)
16 (17, 0.032753506799437594)
17 (18, 0.032753506799437594)
18 (19, 0.032753506799437594)
19 (20, 0.032753506799437594)
20 (21, 0.032753506799437594)
21 (22, 0.032753506799437594)
22 (23, 0.032753506799437594)
23 (24, 0.032753506799437594)
24 (26, 0.032753506799437594)
25 (27, 0.032753506799437594)
26 (28, 0.032753506799437594)
27 (30, 0.032753506799437594)
28 (31, 0.032753506799437594)
29 (32, 0.032753506799437594)
30 (25, 0.018454364131258512)
31 (0, 0.0049130260199156395)
32 (5, 0.0049130260199156395)
33 (14, 0.0049130260199156395)
6
user
1 (31, 0.09867204730690508)
2 (21, 0.08970406043586722)
3 (18, 0.07737069030373096)
4 (27, 0.07231089279849567)
5 (1, 0.06296120751177263)
6 (8, 0.05002299811489967)
7 (6, 0.04975603191410614)
8 (30, 0.04836707352336267)
9 (32, 0.04696818173286477)
10 (26, 0.045444138902780505)
11 (22, 0.04517029346597619)
12 (25, 0.04092862618068064)
13 (15, 0.03939809642847021)
14 (19, 0.028350606916335144)
15 (0, 0.026730120377536068)
16 (11, 0.017690233589392108)
17 (3, 0.017296791407829363)
18 (23, 0.01704587884796838)
19 (14, 0.016577467959992476)
20 (12, 0.01494716857655728)
21 (4, 0.009182838875161227)
22 (28, 0.008896134099013867)
23 (2, 0.008681951283249402)
24 (24, 0.0076963491082223355)
25 (5, 0.007419712499871944)
26 (29, 0.007087541708309307)
27 (13, 0.006848754444929293)
28 (7, 0.006639899986839744)
29 (9, 0.006366842339775936)
30 (10, 0.006366842339775936)
31 (16, 0.006366842339775936)
32 (17, 0.006366842339775936)
33 (20, 0.006366842339775936)
7
user
1 (22, 0.046935271446834015)
2 (7, 0.04106065095379787)
3 (1, 0.03320856205472337)
4 (2, 0.03320856205472337)
5 (3, 0.03320856205472337)
6 (4, 0.03320856205472337)
7 (6, 0.03320856205472337)
8 (8, 0.03320856205472337)
9 (9, 0.03320856205472337)
10 (10, 0.03320856205472337)
11 (11, 0.03320856205472337)
12 (12, 0.03320856205472337)
13 (13, 0.03320856205472337)
14 (15, 0.03320856205472337)
15 (16, 0.03320856205472337)
16 (17, 0.03320856205472337)
17 (18, 0.03320856205472337)
18 (19, 0.03320856205472337)
19 (20, 0.03320856205472337)
20 (21, 0.03320856205472337)
21 (23, 0.03320856205472337)
22 (24, 0.03320856205472337)
23 (26, 0.03320856205472337)
24 (27, 0.03320856205472337)
25 (28, 0.03320856205472337)
26 (30, 0.03320856205472337)
27 (31, 0.03320856205472337)
28 (32, 0.03320856205472337)
29 (25, 0.018901502673074506)
30 (29, 0.01473610857886057)
31 (0, 0.004981284308208506)
32 (5, 0.004981284308208506)
33 (14, 0.004981284308208506)
8
user
1 (29, 0.049708367424741835)
2 (1, 0.032753506799437594)
3 (2, 0.032753506799437594)
4 (3, 0.032753506799437594)
5 (4, 0.032753506799437594)
6 (6, 0.032753506799437594)
7 (7, 0.032753506799437594)
8 (8, 0.032753506799437594)
9 (9, 0.032753506799437594)
10 (10, 0.032753506799437594)
11 (11, 0.032753506799437594)
12 (12, 0.032753506799437594)
13 (13, 0.032753506799437594)
14 (15, 0.032753506799437594)
15 (16, 0.032753506799437594)
16 (17, 0.032753506799437594)
17 (18, 0.032753506799437594)
18 (19, 0.032753506799437594)
19 (20, 0.032753506799437594)
20 (21, 0.032753506799437594)
21 (22, 0.032753506799437594)
22 (23, 0.032753506799437594)
23 (24, 0.032753506799437594)
24 (26, 0.032753506799437594)
25 (27, 0.032753506799437594)
26 (28, 0.032753506799437594)
27 (30, 0.032753506799437594)
28 (31, 0.032753506799437594)
29 (32, 0.032753506799437594)
30 (25, 0.018454364131258512)
31 (0, 0.0049130260199156395)
32 (5, 0.0049130260199156395)
33 (14, 0.0049130260199156395)
9
user
1 (15, 0.09011124453781262)
2 (30, 0.068083918904422)
3 (14, 0.061162598145048624)
4 (25, 0.06097767001905583)
5 (6, 0.05043379442456537)
6 (4, 0.05012622443596077)
7 (28, 0.048394961368616415)
8 (10, 0.045919010871169806)
9 (26, 0.043887145255588046)
10 (11, 0.04232609269008962)
11 (1, 0.04123867585672195)
12 (8, 0.04123867585672195)
13 (9, 0.04123867585672195)
14 (12, 0.04123867585672195)
15 (13, 0.04123867585672195)
16 (22, 0.04123867585672195)
17 (24, 0.031216944596216097)
18 (23, 0.021624543740370768)
19 (32, 0.021624543740370768)
20 (5, 0.015488288854852412)
21 (19, 0.013342086890402765)
22 (31, 0.013342086890402765)
23 (2, 0.008070342385720613)
24 (29, 0.007978940630134289)
25 (7, 0.007947412905589823)
26 (0, 0.007209483923720697)
27 (3, 0.006185801378508293)
28 (16, 0.006185801378508293)
29 (17, 0.006185801378508293)
30 (18, 0.006185801378508293)
31 (20, 0.006185801378508293)
32 (21, 0.006185801378508293)
33 (27, 0.006185801378508293)
10
user
1 (10, 0.038803638542824176)
2 (14, 0.036823769563493564)
3 (2, 0.03484390058416296)
4 (0, 0.032405416805446965)
5 (1, 0.032405416805446965)
6 (3, 0.032405416805446965)
7 (4, 0.032405416805446965)
8 (6, 0.032405416805446965)
9 (7, 0.032405416805446965)
10 (8, 0.032405416805446965)
11 (9, 0.032405416805446965)
12 (11, 0.032405416805446965)
13 (12, 0.032405416805446965)
14 (13, 0.032405416805446965)
15 (15, 0.032405416805446965)
16 (17, 0.032405416805446965)
17 (18, 0.032405416805446965)
18 (19, 0.032405416805446965)
19 (21, 0.032405416805446965)
20 (22, 0.032405416805446965)
21 (23, 0.032405416805446965)
22 (24, 0.032405416805446965)
23 (25, 0.032405416805446965)
24 (26, 0.032405416805446965)
25 (27, 0.032405416805446965)
26 (28, 0.032405416805446965)
27 (29, 0.032405416805446965)
28 (30, 0.032405416805446965)
29 (31, 0.032405416805446965)
30 (32, 0.032405416805446965)
31 (5, 0.004860812520817046)
32 (16, 0.004860812520817046)
33 (20, 0.004860812520817046)
-----one service finish-----
2
1
catalogue
1 (14, 0.11656890787483447)
2 (23, 0.08090096092538923)
3 (15, 0.07400756323316449)
4 (3, 0.06002420729820888)
5 (6, 0.05144332332851361)
6 (4, 0.050368306887958)
7 (17, 0.048723423237150135)
8 (2, 0.0431674443130944)
9 (9, 0.04297534366408581)
10 (32, 0.04077900692470636)
11 (25, 0.038084179366415866)
12 (21, 0.03737009852458194)
13 (34, 0.03706639570148385)
14 (20, 0.036267598911477746)
15 (24, 0.03623867917286736)
16 (35, 0.02867060244195581)
17 (26, 0.024987575143293913)
18 (12, 0.018516029561575907)
19 (11, 0.014130371125466184)
20 (29, 0.013063183622897302)
21 (27, 0.011218210864718303)
22 (28, 0.00991653943078395)
23 (0, 0.008998070768581293)
24 (1, 0.007749572223535994)
25 (31, 0.006815644172117646)
26 (30, 0.006674080503503486)
27 (10, 0.006084102946809453)
28 (16, 0.00576122925221349)
29 (13, 0.005685232755627335)
30 (5, 0.005677177048999457)
31 (7, 0.0053444897956647225)
32 (8, 0.0053444897956647225)
33 (18, 0.0053444897956647225)
34 (19, 0.0053444897956647225)
35 (22, 0.0053444897956647225)
36 (33, 0.0053444897956647225)
2
catalogue
1 (2, 0.0785962122847866)
2 (25, 0.0674160128211981)
3 (17, 0.04603499287450866)
4 (6, 0.04558139552665317)
5 (28, 0.04376490634925221)
6 (32, 0.04373662151246033)
7 (12, 0.0414268922741507)
8 (23, 0.04010948818128162)
9 (4, 0.03907386896657264)
10 (21, 0.03842601606188528)
11 (1, 0.03838218815260946)
12 (35, 0.03834060371698945)
13 (10, 0.0379683070617275)
14 (9, 0.03790419791175565)
15 (15, 0.03758127140205323)
16 (14, 0.03756833304428546)
17 (3, 0.037091153339556183)
18 (20, 0.037091153339556183)
19 (34, 0.037091153339556183)
20 (26, 0.02477828349329478)
21 (27, 0.024504998489039073)
22 (11, 0.022822227382126695)
23 (29, 0.016081195560385973)
24 (0, 0.011015863799904522)
25 (24, 0.009166377317052339)
26 (30, 0.007893576766628385)
27 (33, 0.007542720079694805)
28 (31, 0.007184204625303574)
29 (16, 0.006429220253732474)
30 (8, 0.006014526066398244)
31 (5, 0.0055636730009334286)
32 (7, 0.0055636730009334286)
33 (13, 0.0055636730009334286)
34 (18, 0.0055636730009334286)
35 (19, 0.0055636730009334286)
36 (22, 0.0055636730009334286)
3
catalogue
1 (2, 0.07659967897829324)
2 (29, 0.04508095281321604)
3 (32, 0.042669535748733896)
4 (12, 0.04205536191715293)
5 (28, 0.04124230597149603)
6 (23, 0.03934062428931082)
7 (35, 0.03817703704777022)
8 (17, 0.03767961860854926)
9 (26, 0.03743038401749312)
10 (4, 0.037424958524516216)
11 (10, 0.03725966926090208)
12 (9, 0.037219472186638645)
13 (24, 0.0372059815796794)
14 (21, 0.03713263139022056)
15 (20, 0.03693855522592287)
16 (1, 0.03650175509005279)
17 (25, 0.0364498726709504)
18 (6, 0.036406673503915674)
19 (15, 0.03637557677407131)
20 (14, 0.03635079378827707)
21 (3, 0.03590246168665271)
22 (34, 0.03590246168665271)
23 (27, 0.029462984929937267)
24 (11, 0.01875620613493192)
25 (0, 0.009081771975794633)
26 (31, 0.007979446085717701)
27 (30, 0.007585905200503091)
28 (16, 0.006064951965049697)
29 (8, 0.006024786176612428)
30 (5, 0.0053853692529979074)
31 (7, 0.0053853692529979074)
32 (13, 0.0053853692529979074)
33 (18, 0.0053853692529979074)
34 (19, 0.0053853692529979074)
35 (22, 0.0053853692529979074)
36 (33, 0.0053853692529979074)
4
catalogue
1 (27, 0.06858348020629818)
2 (2, 0.047394360529179655)
3 (4, 0.038841572569436184)
4 (6, 0.03551576062243983)
5 (28, 0.03517959771087107)
6 (12, 0.03484127439575318)
7 (1, 0.03364557848653432)
8 (3, 0.03364557848653432)
9 (9, 0.03364557848653432)
10 (10, 0.03364557848653432)
11 (13, 0.03364557848653432)
12 (14, 0.03364557848653432)
13 (15, 0.03364557848653432)
14 (17, 0.03364557848653432)
15 (20, 0.03364557848653432)
16 (21, 0.03364557848653432)
17 (23, 0.03364557848653432)
18 (24, 0.03364557848653432)
19 (25, 0.03364557848653432)
20 (26, 0.03364557848653432)
21 (29, 0.03364557848653432)
22 (30, 0.03364557848653432)
23 (32, 0.03364557848653432)
24 (34, 0.03364557848653432)
25 (35, 0.03364557848653432)
26 (11, 0.0279084656166307)
27 (0, 0.019084461434654247)
28 (31, 0.007891858291364082)
29 (8, 0.007814347403841898)
30 (16, 0.0063645971676641695)
31 (22, 0.006080048942814058)
32 (5, 0.00504683677298015)
33 (7, 0.00504683677298015)
34 (18, 0.00504683677298015)
35 (19, 0.00504683677298015)
36 (33, 0.00504683677298015)
5
catalogue
1 (27, 0.09426944615390646)
2 (6, 0.075209272378322)
3 (25, 0.05294740722614104)
4 (3, 0.050991743618521)
5 (14, 0.05092512340080632)
6 (12, 0.05043861524385973)
7 (29, 0.04965123546602398)
8 (23, 0.04643793644601575)
9 (2, 0.046335068513774856)
10 (35, 0.04564134152363092)
11 (32, 0.04492306712030853)
12 (17, 0.0443077891769196)
13 (21, 0.04336796028860826)
14 (1, 0.04214035670450426)
15 (34, 0.04209188320996188)
16 (20, 0.04151009153386744)
17 (11, 0.02682604654211255)
18 (9, 0.016957864419165414)
19 (0, 0.012128219613732541)
20 (24, 0.010807021905236816)
21 (28, 0.008840615139786153)
22 (31, 0.008498542527497526)
23 (13, 0.008091749274708558)
24 (10, 0.0075516762948698544)
25 (26, 0.007527597862581434)
26 (15, 0.007360208165300594)
27 (4, 0.007226438664345993)
28 (30, 0.006822764591027648)
29 (8, 0.006584638174444705)
30 (16, 0.006541702277504241)
31 (33, 0.0063988526305488735)
32 (5, 0.006129544782393011)
33 (7, 0.006129544782393011)
34 (18, 0.006129544782393011)
35 (19, 0.006129544782393011)
36 (22, 0.006129544782393011)
6
catalogue
1 (21, 0.1253069473769235)
2 (17, 0.08562480908342512)
3 (20, 0.08207619899382698)
4 (35, 0.07000919205689093)
5 (34, 0.05776717187324726)
6 (23, 0.04849605798626375)
7 (26, 0.04712013591238245)
8 (29, 0.04607910709783993)
9 (12, 0.0436659327640312)
10 (14, 0.04325831013426446)
11 (28, 0.03833717161327684)
12 (32, 0.03808876790745684)
13 (15, 0.03475131419373406)
14 (6, 0.029085473124724058)
15 (3, 0.026609783409460398)
16 (0, 0.02138382053443588)
17 (10, 0.018241951813610095)
18 (27, 0.01765630743098993)
19 (4, 0.013092143207190151)
20 (11, 0.010220830607957995)
21 (1, 0.010059658802465855)
22 (2, 0.009978385040397528)
23 (9, 0.008529893137487653)
24 (25, 0.0073319666988397305)
25 (30, 0.0069068990278052834)
26 (33, 0.005890315944723984)
27 (31, 0.005874396191067796)
28 (22, 0.0058216636816336)
29 (13, 0.005527692023213685)
30 (5, 0.005498618541352134)
31 (16, 0.005449147763958133)
32 (8, 0.005330271037634626)
33 (7, 0.005232416246871991)
34 (18, 0.005232416246871991)
35 (19, 0.005232416246871991)
36 (24, 0.005232416246871991)
7
catalogue
1 (14, 0.1459728175956272)
2 (15, 0.08759057801142404)
3 (6, 0.07828033784487515)
4 (17, 0.07647820941267663)
5 (3, 0.06585573741220536)
6 (2, 0.05696342838482995)
7 (30, 0.04949980034921366)
8 (12, 0.04898222627380474)
9 (32, 0.04685915940760747)
10 (23, 0.044716620093089895)
11 (1, 0.04131208399801798)
12 (34, 0.03685333766784841)
13 (26, 0.01956152359753727)
14 (21, 0.01588684394959678)
15 (10, 0.014872999300495548)
16 (11, 0.014327840919386723)
17 (27, 0.013714438743938871)
18 (4, 0.012805955753153218)
19 (28, 0.012722596037893412)
20 (25, 0.00973185622767227)
21 (35, 0.009460939626756088)
22 (0, 0.009116511259593613)
23 (24, 0.007301395445581923)
24 (31, 0.006952285085177652)
25 (9, 0.006759506667864623)
26 (33, 0.006614196814206568)
27 (20, 0.006533109912615939)
28 (29, 0.0064206000396866995)
29 (8, 0.00630482632433493)
30 (16, 0.006216120922320766)
31 (22, 0.0060948154112114355)
32 (5, 0.005847460301951048)
33 (7, 0.005847460301951048)
34 (13, 0.005847460301951048)
35 (18, 0.005847460301951048)
36 (19, 0.005847460301951048)
8
catalogue
1 (34, 0.08008861905342907)
2 (25, 0.06729185282391267)
3 (1, 0.05995139844063428)
4 (14, 0.05779822876416961)
5 (12, 0.05418347600126117)
6 (17, 0.05362117435559165)
7 (2, 0.0530226266994957)
8 (3, 0.05255156107852053)
9 (29, 0.051286610658219475)
10 (9, 0.0503951462427513)
11 (6, 0.0496927101865378)
12 (23, 0.04599541782464506)
13 (28, 0.045945651318153057)
14 (27, 0.04078826464735854)
15 (35, 0.03193876235731903)
16 (11, 0.025854008753329317)
17 (21, 0.017230014366805272)
18 (26, 0.01508758466089552)
19 (32, 0.013902572421681324)
20 (15, 0.013502402972374915)
21 (0, 0.012751486741388433)
22 (4, 0.009839410767670219)
23 (8, 0.008644380744684113)
24 (31, 0.00824945675054016)
25 (30, 0.008000540129153607)
26 (24, 0.00770673476132531)
27 (13, 0.007372477758133441)
28 (10, 0.007298372348995801)
29 (20, 0.006886341182514653)
30 (16, 0.006586284158650004)
31 (33, 0.0064919744466482975)
32 (5, 0.006008891316642124)
33 (7, 0.006008891316642124)
34 (18, 0.006008891316642124)
35 (19, 0.006008891316642124)
36 (22, 0.006008891316642124)
9
catalogue
1 (35, 0.137103611076763)
2 (3, 0.08835165516723983)
3 (21, 0.0876663104881594)
4 (12, 0.08711858908824716)
5 (34, 0.053495818537193505)
6 (6, 0.049282878807560694)
7 (26, 0.04734892165571123)
8 (29, 0.045650220187490126)
9 (4, 0.039337762215348744)
10 (1, 0.038854374380026035)
11 (32, 0.03870980193123015)
12 (20, 0.03209688982796783)
13 (27, 0.030889935650816356)
14 (11, 0.02658935583668853)
15 (17, 0.025137072130370138)
16 (14, 0.0212090226255366)
17 (9, 0.015387149320084679)
18 (0, 0.013358054218194578)
19 (15, 0.01041943307709333)
20 (23, 0.009384696571104158)
21 (2, 0.008101999124599647)
22 (25, 0.007803857297270954)
23 (10, 0.007790508326635088)
24 (28, 0.00769113092334596)
25 (31, 0.006872437679934587)
26 (30, 0.006737475768923783)
27 (13, 0.006547617352144785)
28 (24, 0.0060127170985420746)
29 (33, 0.005837962439094892)
30 (5, 0.0057839556383764345)
31 (8, 0.00574376621484487)
32 (16, 0.005668429500278469)
33 (7, 0.005645160975798999)
34 (18, 0.005457142955794489)
35 (19, 0.005457142955794489)
36 (22, 0.005457142955794489)
10
catalogue
1 (27, 0.0925508914245037)
2 (6, 0.07429214369923567)
3 (29, 0.06093178838393583)
4 (26, 0.051305454264925096)
5 (2, 0.04996846060264597)
6 (32, 0.04934036023883449)
7 (21, 0.04798232799686609)
8 (12, 0.047150277835815234)
9 (4, 0.04326593408912181)
10 (35, 0.042605180413924325)
11 (1, 0.04055781158849446)
12 (15, 0.040291068676161876)
13 (14, 0.04025422982712342)
14 (34, 0.04020870681752487)
15 (3, 0.03982623695570478)
16 (17, 0.03982623695570478)
17 (11, 0.03743506238565719)
18 (30, 0.016729228809215867)
19 (0, 0.016517028408667037)
20 (9, 0.014798563665990971)
21 (28, 0.012202527200035533)
22 (23, 0.008825291636295054)
23 (25, 0.008565757365940856)
24 (31, 0.008243142984525111)
25 (13, 0.007667546295619244)
26 (8, 0.0069828409004157755)
27 (10, 0.006693463879574535)
28 (33, 0.006624866286235554)
29 (16, 0.006540021607814749)
30 (5, 0.005973935543355718)
31 (7, 0.005973935543355718)
32 (18, 0.005973935543355718)
33 (19, 0.005973935543355718)
34 (20, 0.005973935543355718)
35 (22, 0.005973935543355718)
36 (24, 0.005973935543355718)
-----one service finish-----
3
1
orders
1 (15, 0.17357017288559629)
2 (12, 0.08121618568681678)
3 (13, 0.0762685878598508)
4 (3, 0.07373222943269672)
5 (4, 0.07046739979145025)
6 (6, 0.06660705036020115)
7 (11, 0.06105846785353693)
8 (26, 0.046757415899201654)
9 (24, 0.041818903341139566)
10 (1, 0.03368784026160289)
11 (8, 0.03261811718421709)
12 (9, 0.02833635955147305)
13 (21, 0.02774226108599526)
14 (27, 0.02352896277387956)
15 (14, 0.020669176084166154)
16 (31, 0.020212596259058545)
17 (25, 0.014066889098019147)
18 (18, 0.011571886759301915)
19 (32, 0.009112067795085624)
20 (5, 0.008190532733750519)
21 (0, 0.007726146751927086)
22 (29, 0.007680593826864944)
23 (30, 0.006761030697452038)
24 (28, 0.006750048253985972)
25 (23, 0.0058050606278639135)
26 (19, 0.005719869224011214)
27 (2, 0.005710885724170156)
28 (7, 0.005540185723414778)
29 (10, 0.005510967639367057)
30 (20, 0.005472209264396581)
31 (16, 0.005363299856502169)
32 (17, 0.005363299856502169)
33 (22, 0.005363299856502169)
2
orders
1 (15, 0.13237640476775225)
2 (12, 0.08050203431777303)
3 (13, 0.06942013275076525)
4 (7, 0.06584574733621916)
5 (21, 0.062108802286669776)
6 (3, 0.06000281861471134)
7 (4, 0.05105422637807088)
8 (27, 0.04631505917994113)
9 (8, 0.04607160800476059)
10 (23, 0.0452877098102979)
11 (26, 0.04282843587973196)
12 (6, 0.04140106439194006)
13 (1, 0.04132418373391593)
14 (11, 0.029921137674371285)
15 (14, 0.026089043659466623)
16 (31, 0.02111437726489014)
17 (0, 0.019167145887761403)
18 (18, 0.012372177188171476)
19 (32, 0.01184514806463987)
20 (25, 0.010050209527125672)
21 (2, 0.009658112326984762)
22 (30, 0.007176253661991939)
23 (5, 0.007005246823689775)
24 (29, 0.006872370383852699)
25 (9, 0.006597249069723989)
26 (24, 0.006241920886669309)
27 (28, 0.006110045884082062)
28 (19, 0.005977158046986624)
29 (10, 0.005974719337756295)
30 (20, 0.005905929290595979)
31 (16, 0.005891232111936679)
32 (17, 0.0057461477283770705)
33 (22, 0.0057461477283770705)
3
orders
1 (29, 0.06361533320992498)
2 (25, 0.05515676123352517)
3 (5, 0.05161037062592749)
4 (27, 0.04520368354672804)
5 (31, 0.04520368354672804)
6 (26, 0.042273231126946434)
7 (30, 0.03969714452868481)
8 (1, 0.038852471221019536)
9 (3, 0.038852471221019536)
10 (4, 0.038852471221019536)
11 (6, 0.038852471221019536)
12 (8, 0.038852471221019536)
13 (9, 0.038852471221019536)
14 (11, 0.038852471221019536)
15 (12, 0.038852471221019536)
16 (13, 0.038852471221019536)
17 (15, 0.038852471221019536)
18 (18, 0.038852471221019536)
19 (19, 0.038852471221019536)
20 (21, 0.038852471221019536)
21 (23, 0.038852471221019536)
22 (24, 0.038852471221019536)
23 (14, 0.009825568456866189)
24 (7, 0.00804529839457446)
25 (2, 0.007782530065743939)
26 (0, 0.0069590747194827746)
27 (10, 0.0068730281306570665)
28 (16, 0.0058278706831529315)
29 (17, 0.0058278706831529315)
30 (20, 0.0058278706831529315)
31 (22, 0.0058278706831529315)
32 (28, 0.0058278706831529315)
33 (32, 0.0058278706831529315)
4
orders
1 (29, 0.04355281752885026)
2 (7, 0.03872074597924034)
3 (5, 0.0374585937726931)
4 (2, 0.037100308658623675)
5 (25, 0.03669107903625355)
6 (1, 0.033888674429630415)
7 (3, 0.033888674429630415)
8 (4, 0.033888674429630415)
9 (6, 0.033888674429630415)
10 (8, 0.033888674429630415)
11 (9, 0.033888674429630415)
12 (11, 0.033888674429630415)
13 (12, 0.033888674429630415)
14 (13, 0.033888674429630415)
15 (15, 0.033888674429630415)
16 (16, 0.033888674429630415)
17 (18, 0.033888674429630415)
18 (19, 0.033888674429630415)
19 (21, 0.033888674429630415)
20 (22, 0.033888674429630415)
21 (23, 0.033888674429630415)
22 (24, 0.033888674429630415)
23 (26, 0.033888674429630415)
24 (27, 0.033888674429630415)
25 (28, 0.033888674429630415)
26 (30, 0.033888674429630415)
27 (31, 0.033888674429630415)
28 (32, 0.033888674429630415)
29 (10, 0.006703738485061226)
30 (0, 0.005083301164444563)
31 (14, 0.005083301164444563)
32 (17, 0.005083301164444563)
33 (20, 0.005083301164444563)
5
orders
1 (24, 0.11469539749378646)
2 (25, 0.08855376651426146)
3 (15, 0.08082163343235486)
4 (8, 0.07916009371695856)
5 (11, 0.07642147633094876)
6 (23, 0.05660560165799057)
7 (3, 0.05537328524518163)
8 (18, 0.05321181357849414)
9 (30, 0.04622434785095714)
10 (21, 0.04572468621874221)
11 (9, 0.02799395933442952)
12 (31, 0.02561960373550314)
13 (14, 0.025147202585450043)
14 (0, 0.022411934252767395)
15 (29, 0.021792581548758825)
16 (1, 0.02065439298870233)
17 (26, 0.019302478634402334)
18 (27, 0.016865787966064284)
19 (12, 0.01478573015819727)
20 (32, 0.010785991972091237)
21 (5, 0.010323537256952458)
22 (6, 0.00961604913100148)
23 (4, 0.008694999735522853)
24 (2, 0.007564963594543124)
25 (7, 0.007301697834444017)
26 (28, 0.007189970100758399)
27 (10, 0.007128363258038531)
28 (19, 0.0069749611205778056)
29 (13, 0.006610738550423832)
30 (16, 0.006610738550423832)
31 (17, 0.006610738550423832)
32 (20, 0.006610738550423832)
33 (22, 0.006610738550423832)
6
orders
1 (26, 0.05966640024474465)
2 (11, 0.04685591232925649)
3 (27, 0.045937142420841515)
4 (7, 0.04563171794073962)
5 (3, 0.045490223964465545)
6 (31, 0.04502972068872681)
7 (5, 0.04134544169042734)
8 (25, 0.04124905013671798)
9 (6, 0.041096973483649844)
10 (1, 0.04079344567253944)
11 (30, 0.0406308829915108)
12 (15, 0.03943291515654456)
13 (9, 0.039268758436793574)
14 (8, 0.039245369383883434)
15 (24, 0.03923831376002449)
16 (23, 0.039198414690349)
17 (0, 0.03872125591186682)
18 (12, 0.03872125591186682)
19 (13, 0.03872125591186682)
20 (18, 0.03872125591186682)
21 (19, 0.03872125591186682)
22 (21, 0.03872125591186682)
23 (2, 0.01589818645658556)
24 (29, 0.008584841495441016)
25 (10, 0.006210888929773089)
26 (28, 0.006210545948324219)
27 (4, 0.0058081883867800235)
28 (14, 0.0058081883867800235)
29 (16, 0.0058081883867800235)
30 (17, 0.0058081883867800235)
31 (20, 0.0058081883867800235)
32 (22, 0.0058081883867800235)
33 (32, 0.0058081883867800235)
7
orders
1 (15, 0.12977325710135923)
2 (12, 0.08544503296290588)
3 (13, 0.08016213616604638)
4 (3, 0.07658293850858143)
5 (4, 0.07310488754487937)
6 (6, 0.06827543905908462)
7 (29, 0.06080675406208452)
8 (21, 0.06023753691366277)
9 (26, 0.045422304063083646)
10 (8, 0.04267367949377007)
11 (23, 0.042227661647590814)
12 (1, 0.038614721518301434)
13 (14, 0.023568314099717144)
14 (11, 0.02235092544784532)
15 (0, 0.01785599685928883)
16 (31, 0.015511513974023419)
17 (27, 0.013191024524960604)
18 (18, 0.011452185454112506)
19 (25, 0.009445523695818744)
20 (32, 0.00790206139199715)
21 (30, 0.006701417218309465)
22 (5, 0.006615579364031948)
23 (28, 0.00616384216342066)
24 (9, 0.005938300457605018)
25 (7, 0.005683639231003921)
26 (2, 0.005673023680199659)
27 (19, 0.005649985218541372)
28 (24, 0.005639492978312079)
29 (10, 0.005617729868189475)
30 (16, 0.005428273832818138)
31 (17, 0.005428273832818138)
32 (20, 0.005428273832818138)
33 (22, 0.005428273832818138)
8
orders
1 (15, 0.12987592946153872)
2 (12, 0.08522099519132824)
3 (13, 0.07318233201182191)
4 (3, 0.06750802585308754)
5 (4, 0.0631783699526067)
6 (6, 0.05863981724694443)
7 (21, 0.051739581106221795)
8 (7, 0.049607612117265665)
9 (27, 0.04241853817885456)
10 (8, 0.0422927047593389)
11 (24, 0.041822205093849305)
12 (25, 0.04024260902241729)
13 (26, 0.04017994786820168)
14 (1, 0.03795836623281094)
15 (11, 0.028275104635406365)
16 (31, 0.021681493246830153)
17 (32, 0.015288006241358853)
18 (14, 0.013833529027786354)
19 (18, 0.011173181279993914)
20 (0, 0.008276820350887002)
21 (29, 0.007857807586738095)
22 (5, 0.006831583186045984)
23 (30, 0.006695027481935916)
24 (9, 0.006006708608719293)
25 (23, 0.005850430896645651)
26 (2, 0.005751556964497513)
27 (10, 0.005640506751509778)
28 (28, 0.005611381469285569)
29 (19, 0.005570618293472211)
30 (20, 0.005556105267276394)
31 (16, 0.00553206894586253)
32 (17, 0.005350517834730392)
33 (22, 0.005350517834730392)
9
orders
1 (7, 0.07448151467857927)
2 (26, 0.06756123433021954)
3 (27, 0.04475033169023)
4 (31, 0.04475033169023)
5 (6, 0.04048318553821215)
6 (30, 0.040167414694513105)
7 (1, 0.039772991027857967)
8 (11, 0.03948721009260735)
9 (9, 0.039184777329221314)
10 (15, 0.0391792449813496)
11 (24, 0.03916771886347221)
12 (8, 0.03915268846571039)
13 (23, 0.03908573624100559)
14 (3, 0.038510466061523016)
15 (4, 0.038510466061523016)
16 (12, 0.038510466061523016)
17 (13, 0.038510466061523016)
18 (18, 0.038510466061523016)
19 (19, 0.038510466061523016)
20 (21, 0.038510466061523016)
21 (14, 0.032672303978959656)
22 (0, 0.024897477758296118)
23 (2, 0.01728935596814017)
24 (29, 0.009775225742754436)
25 (25, 0.009704810241458365)
26 (5, 0.007996303061157626)
27 (10, 0.006207461739993355)
28 (16, 0.0057765699092284534)
29 (17, 0.0057765699092284534)
30 (20, 0.0057765699092284534)
31 (22, 0.0057765699092284534)
32 (28, 0.0057765699092284534)
33 (32, 0.0057765699092284534)
10
orders
1 (15, 0.15898765821100136)
2 (13, 0.08536027678717782)
3 (12, 0.07522643724731713)
4 (4, 0.07142781565494472)
5 (3, 0.06725087795542858)
6 (1, 0.06487325567653383)
7 (6, 0.06126101827794095)
8 (26, 0.04931298485386083)
9 (27, 0.04588703621791239)
10 (11, 0.04563303932391958)
11 (24, 0.041521628118298834)
12 (30, 0.03683996406127535)
13 (21, 0.02240921854210757)
14 (25, 0.02006695436000562)
15 (31, 0.018500804094685644)
16 (14, 0.013890410783356814)
17 (5, 0.012150857044845944)
18 (18, 0.011214625769284167)
19 (8, 0.010915001280592298)
20 (29, 0.00963102723820427)
21 (32, 0.00849634042881395)
22 (28, 0.007063555046496967)
23 (0, 0.006266520044797826)
24 (23, 0.005834526973253167)
25 (10, 0.0058139977837681125)
26 (19, 0.0057749159138650134)
27 (2, 0.005704112326514683)
28 (7, 0.005595220932221427)
29 (9, 0.005546382313798746)
30 (20, 0.005527058558707401)
31 (16, 0.005338826059689657)
32 (17, 0.005338826059689657)
33 (22, 0.005338826059689657)
-----one service finish-----
4
1
carts
1 (25, 0.033961740649895364)
2 (0, 0.03004784632504214)
3 (1, 0.03004784632504214)
4 (2, 0.03004784632504214)
5 (3, 0.03004784632504214)
6 (4, 0.03004784632504214)
7 (5, 0.03004784632504214)
8 (6, 0.03004784632504214)
9 (7, 0.03004784632504214)
10 (8, 0.03004784632504214)
11 (9, 0.03004784632504214)
12 (10, 0.03004784632504214)
13 (11, 0.03004784632504214)
14 (12, 0.03004784632504214)
15 (13, 0.03004784632504214)
16 (14, 0.03004784632504214)
17 (15, 0.03004784632504214)
18 (16, 0.03004784632504214)
19 (17, 0.03004784632504214)
20 (18, 0.03004784632504214)
21 (19, 0.03004784632504214)
22 (20, 0.03004784632504214)
23 (21, 0.03004784632504214)
24 (22, 0.03004784632504214)
25 (23, 0.03004784632504214)
26 (24, 0.03004784632504214)
27 (26, 0.03004784632504214)
28 (27, 0.03004784632504214)
29 (28, 0.03004784632504214)
30 (29, 0.03004784632504214)
31 (31, 0.03004784632504214)
32 (32, 0.03004784632504214)
33 (33, 0.03004784632504214)
34 (30, 0.004507176948756322)
2
carts
1 (1, 0.11518140425404214)
2 (26, 0.06924068705553274)
3 (3, 0.06739482336576406)
4 (11, 0.057401146153539126)
5 (14, 0.05577742303441573)
6 (4, 0.05505866140927579)
7 (28, 0.05281159023617096)
8 (23, 0.046357038823929685)
9 (18, 0.046258071597721)
10 (12, 0.04591472118141439)
11 (21, 0.04410287003638211)
12 (15, 0.04393603115565503)
13 (31, 0.04380545265402261)
14 (6, 0.039223295968317286)
15 (32, 0.03408089252258587)
16 (33, 0.024065540895326618)
17 (17, 0.022575274173797007)
18 (0, 0.013492736280616004)
19 (10, 0.012081228773864673)
20 (29, 0.011955118914941314)
21 (2, 0.011418367171596212)
22 (8, 0.009528675653823936)
23 (20, 0.00806514824388129)
24 (5, 0.0077337197209972385)
25 (7, 0.007309987423010472)
26 (25, 0.007261388024109901)
27 (22, 0.006395957194928601)
28 (24, 0.006271781708852688)
29 (9, 0.005883494395247594)
30 (13, 0.005883494395247594)
31 (16, 0.005883494395247594)
32 (19, 0.005883494395247594)
33 (27, 0.005883494395247594)
34 (30, 0.005883494395247594)
3
carts
1 (4, 0.13645267351247092)
2 (3, 0.09151120791431533)
3 (11, 0.09000399260399361)
4 (24, 0.07621999714430171)
5 (1, 0.07043748416242683)
6 (23, 0.07040628008215699)
7 (15, 0.07018791713875934)
8 (21, 0.052397920404258204)
9 (6, 0.04101285563653374)
10 (19, 0.03995066888768407)
11 (26, 0.039203681182939466)
12 (28, 0.026492799985322227)
13 (32, 0.02513812516506131)
14 (29, 0.022717615626516665)
15 (14, 0.01599251861318499)
16 (0, 0.011465910760871832)
17 (12, 0.010251715938128103)
18 (8, 0.01017033587756978)
19 (33, 0.010039055899853244)
20 (31, 0.008668069998356271)
21 (10, 0.007938493925067996)
22 (5, 0.007084389984923815)
23 (18, 0.0063633436182478674)
24 (2, 0.0060597454359200545)
25 (17, 0.006018252349261345)
26 (20, 0.005799737144938381)
27 (25, 0.005757069076198515)
28 (7, 0.005737544936832123)
29 (13, 0.005342192981091517)
30 (9, 0.005275781150632519)
31 (22, 0.005111295043551524)
32 (16, 0.004930442606209955)
33 (27, 0.004930442606209955)
34 (30, 0.004930442606209955)
4
carts
1 (15, 0.1566051137568815)
2 (1, 0.09283888351463926)
3 (3, 0.08313287123677754)
4 (4, 0.0788796452330388)
5 (6, 0.07350848742917143)
6 (11, 0.07257934006776322)
7 (9, 0.05565579040361804)
8 (8, 0.05208143525202689)
9 (18, 0.04158309862383417)
10 (21, 0.03978076094061813)
11 (32, 0.03236494802535398)
12 (28, 0.022890888602710244)
13 (31, 0.01979348377195077)
14 (14, 0.019183187929363757)
15 (29, 0.016255970938305966)
16 (0, 0.013206168673056377)
17 (33, 0.01144499611323052)
18 (23, 0.011235770331119076)
19 (12, 0.010974723153728853)
20 (26, 0.01070181871693133)
21 (10, 0.008301283591391664)
22 (2, 0.006973090400662173)
23 (17, 0.006962582447789454)
24 (20, 0.006718876189932842)
25 (19, 0.006552195262812273)
26 (24, 0.006016383754383117)
27 (5, 0.005792831309260676)
28 (7, 0.005721834745894294)
29 (25, 0.005721787410549819)
30 (13, 0.005563208924174988)
31 (22, 0.0053835121783495)
32 (16, 0.005198343690226469)
33 (27, 0.005198343690226469)
34 (30, 0.005198343690226469)
5
carts
1 (1, 0.17845217379723738)
2 (15, 0.12857175519001776)
3 (21, 0.08260918975669497)
4 (11, 0.0691765173203862)
5 (6, 0.06522028437981282)
6 (8, 0.050763287688867245)
7 (23, 0.048820449952932526)
8 (32, 0.041120088698691916)
9 (20, 0.03498045281156748)
10 (31, 0.03318437354362243)
11 (28, 0.02626497236227179)
12 (14, 0.02338812920350412)
13 (3, 0.022450247963097622)
14 (18, 0.016643905224735123)
15 (29, 0.015486173285675989)
16 (26, 0.013564731239798025)
17 (12, 0.01336061352369187)
18 (33, 0.013309100804927388)
19 (4, 0.011588773247697868)
20 (10, 0.011402035520466508)
21 (0, 0.01058768960409926)
22 (2, 0.008224670935681752)
23 (17, 0.0077872226580220335)
24 (19, 0.007729155093693338)
25 (9, 0.007387280321686681)
26 (5, 0.006962923843688481)
27 (7, 0.006863811185170358)
28 (25, 0.0066950139918454605)
29 (24, 0.006536683492044072)
30 (22, 0.006358106715023212)
31 (13, 0.006127546660837067)
32 (16, 0.006127546660837067)
33 (27, 0.006127546660837067)
34 (30, 0.006127546660837067)
6
carts
1 (2, 0.0660876112639161)
2 (20, 0.04926959555197947)
3 (22, 0.03576885805326332)
4 (17, 0.03574572536113785)
5 (1, 0.03482909142535142)
6 (3, 0.03482909142535142)
7 (4, 0.03482909142535142)
8 (6, 0.03482909142535142)
9 (8, 0.03482909142535142)
10 (9, 0.03482909142535142)
11 (11, 0.03482909142535142)
12 (12, 0.03482909142535142)
13 (13, 0.03482909142535142)
14 (15, 0.03482909142535142)
15 (18, 0.03482909142535142)
16 (19, 0.03482909142535142)
17 (21, 0.03482909142535142)
18 (23, 0.03482909142535142)
19 (24, 0.03482909142535142)
20 (26, 0.03482909142535142)
21 (28, 0.03482909142535142)
22 (29, 0.03482909142535142)
23 (31, 0.03482909142535142)
24 (32, 0.03482909142535142)
25 (33, 0.03482909142535142)
26 (10, 0.021843387519771208)
27 (14, 0.013652528904456552)
28 (25, 0.009003255901808215)
29 (0, 0.0076485331203396435)
30 (5, 0.007564995126594997)
31 (7, 0.006331498122944769)
32 (16, 0.005224363713802713)
33 (27, 0.005224363713802713)
34 (30, 0.005224363713802713)
7
carts
1 (17, 0.07388788371650389)
2 (2, 0.040872804038645745)
3 (10, 0.04081928021799151)
4 (22, 0.03502418745868028)
5 (1, 0.03391034623352695)
6 (3, 0.03391034623352695)
7 (4, 0.03391034623352695)
8 (6, 0.03391034623352695)
9 (8, 0.03391034623352695)
10 (9, 0.03391034623352695)
11 (11, 0.03391034623352695)
12 (12, 0.03391034623352695)
13 (13, 0.03391034623352695)
14 (15, 0.03391034623352695)
15 (18, 0.03391034623352695)
16 (19, 0.03391034623352695)
17 (21, 0.03391034623352695)
18 (23, 0.03391034623352695)
19 (24, 0.03391034623352695)
20 (26, 0.03391034623352695)
21 (28, 0.03391034623352695)
22 (29, 0.03391034623352695)
23 (31, 0.03391034623352695)
24 (32, 0.03391034623352695)
25 (33, 0.03391034623352695)
26 (25, 0.028485060004656573)
27 (14, 0.017965212056939406)
28 (20, 0.01314162333326866)
29 (0, 0.008218658671002861)
30 (5, 0.008083674172215432)
31 (7, 0.0061246896209426705)
32 (16, 0.005086551935029043)
33 (27, 0.005086551935029043)
34 (30, 0.005086551935029043)
8
carts
1 (17, 0.06698109876259042)
2 (1, 0.058943745751550654)
3 (32, 0.05670994415117952)
4 (15, 0.050052773930738925)
5 (23, 0.04647623802321969)
6 (31, 0.04243804819562703)
7 (29, 0.040778429733118765)
8 (26, 0.040422227632199)
9 (11, 0.03844624610674724)
10 (22, 0.03841720633637794)
11 (6, 0.03779774349317812)
12 (8, 0.03779774349317812)
13 (9, 0.03779774349317812)
14 (12, 0.03779774349317812)
15 (13, 0.03779774349317812)
16 (18, 0.03779774349317812)
17 (19, 0.03779774349317812)
18 (24, 0.03779774349317812)
19 (28, 0.03779774349317812)
20 (2, 0.022669831940402254)
21 (14, 0.021596379654289788)
22 (3, 0.01935619664061521)
23 (25, 0.018650062302805887)
24 (33, 0.016130500173100647)
25 (0, 0.013965670721727228)
26 (4, 0.012528882056371092)
27 (10, 0.009911137598557915)
28 (5, 0.008746740739484605)
29 (7, 0.006873994122440202)
30 (20, 0.006605665724052798)
31 (27, 0.0061103036922701475)
32 (16, 0.005669661523976719)
33 (21, 0.005669661523976719)
34 (30, 0.005669661523976719)
9
carts
1 (31, 0.12005165975306205)
2 (21, 0.104267926082596)
3 (33, 0.0860841858354365)
4 (15, 0.0799281062064114)
5 (26, 0.0639159134644925)
6 (6, 0.05336816399390742)
7 (11, 0.04438468011051935)
8 (24, 0.04087920271690157)
9 (23, 0.03989242299441681)
10 (28, 0.036717344099978004)
11 (9, 0.03600240229000068)
12 (32, 0.03253159029607463)
13 (8, 0.025981399610949113)
14 (29, 0.025228039967332628)
15 (1, 0.02325014123941708)
16 (14, 0.02158348762007607)
17 (18, 0.016557146921149915)
18 (12, 0.014975251005004228)
19 (3, 0.014968771997730628)
20 (0, 0.012963378023331196)
21 (10, 0.011307488069051694)
22 (17, 0.009047700018022277)
23 (2, 0.008823096213516722)
24 (5, 0.008082661749320746)
25 (4, 0.007795389583313354)
26 (19, 0.0077611679036431805)
27 (7, 0.00765172676219905)
28 (20, 0.007549743131039727)
29 (13, 0.007003886643672366)
30 (25, 0.006980152761634215)
31 (22, 0.006514182588311336)
32 (16, 0.005983863449162523)
33 (27, 0.005983863449162523)
34 (30, 0.005983863449162523)
10
carts
1 (11, 0.0919302789650765)
2 (15, 0.08713701762808741)
3 (28, 0.08248650572551201)
4 (32, 0.06342686493881228)
5 (26, 0.06180599770428837)
6 (23, 0.0592812733053589)
7 (6, 0.053510326869820546)
8 (18, 0.04996746758407419)
9 (12, 0.04945586946726096)
10 (21, 0.04496351073211885)
11 (9, 0.03666657525454753)
12 (29, 0.03355415550501445)
13 (1, 0.03332124060068307)
14 (14, 0.02789272765271231)
15 (8, 0.024716647863482533)
16 (3, 0.02237355120172219)
17 (0, 0.016764133793409193)
18 (33, 0.01639132884370576)
19 (25, 0.014847481641992812)
20 (31, 0.014805269202730032)
21 (4, 0.013300642026203008)
22 (17, 0.011946236608997622)
23 (10, 0.011055041851581786)
24 (2, 0.009931325081809017)
25 (5, 0.007772384642711739)
26 (7, 0.007531285823939276)
27 (20, 0.007355521325333721)
28 (24, 0.006927029197643821)
29 (22, 0.006796515621045469)
30 (19, 0.006702003332641587)
31 (27, 0.006546630593640286)
32 (13, 0.0062790531380143046)
33 (16, 0.0062790531380143046)
34 (30, 0.0062790531380143046)
-----one service finish-----
5
1
payment
1 (3, 0.14416586318977204)
2 (0, 0.08964694643742216)
3 (15, 0.0742822599360159)
4 (7, 0.062434370262298644)
5 (6, 0.06219812373253656)
6 (22, 0.05196327354356736)
7 (19, 0.05001012274754389)
8 (29, 0.04610670389314736)
9 (10, 0.04454061087566829)
10 (13, 0.043417376960922925)
11 (12, 0.04113040509670553)
12 (16, 0.038904252920854206)
13 (1, 0.03766930986699767)
14 (5, 0.03640385569188052)
15 (33, 0.02830626748400243)
16 (25, 0.017646835050432616)
17 (32, 0.015364547981211018)
18 (20, 0.011428941193510752)
19 (24, 0.009804450171944087)
20 (26, 0.00793854390861518)
21 (4, 0.007697747410437378)
22 (28, 0.007500641506510277)
23 (27, 0.00671573075983126)
24 (21, 0.006459188700084524)
25 (11, 0.006378724355319725)
26 (9, 0.006365942422113637)
27 (2, 0.005989060000941846)
28 (31, 0.005936815731358843)
29 (8, 0.005598848028058891)
30 (14, 0.005598848028058891)
31 (17, 0.005598848028058891)
32 (18, 0.005598848028058891)
33 (23, 0.005598848028058891)
34 (30, 0.005598848028058891)
2
payment
1 (32, 0.13719073062336468)
2 (0, 0.08297858796403072)
3 (15, 0.06579728917612868)
4 (22, 0.06080706558978006)
5 (7, 0.051865635431307504)
6 (9, 0.04741307220014374)
7 (19, 0.046962098133160324)
8 (3, 0.046292965197802606)
9 (13, 0.04540570180049522)
10 (24, 0.04540570180049522)
11 (28, 0.04540570180049522)
12 (16, 0.04345123130185555)
13 (1, 0.040309320017760795)
14 (31, 0.039771735974790695)
15 (27, 0.038840106579917696)
16 (6, 0.03853013816531471)
17 (26, 0.011365921010031125)
18 (5, 0.008814186007864227)
19 (11, 0.008190506819842958)
20 (12, 0.008002020942642333)
21 (20, 0.007199670593393499)
22 (10, 0.006811880486847449)
23 (4, 0.006609249841226786)
24 (33, 0.006547312742695482)
25 (21, 0.006532773818089911)
26 (8, 0.0063628487873104225)
27 (2, 0.006354435284298875)
28 (14, 0.005826015986987656)
29 (17, 0.005826015986987656)
30 (18, 0.005826015986987656)
31 (23, 0.005826015986987656)
32 (25, 0.005826015986987656)
33 (29, 0.005826015986987656)
34 (30, 0.005826015986987656)
3
payment
1 (0, 0.1138036613410589)
2 (6, 0.08862496333350767)
3 (22, 0.07613285768834673)
4 (9, 0.0565779957457144)
5 (3, 0.05527175028994783)
6 (19, 0.054934349437148096)
7 (32, 0.054824410585197755)
8 (13, 0.05351288814749657)
9 (28, 0.05351288814749657)
10 (27, 0.0529127645003763)
11 (16, 0.050837595601677686)
12 (15, 0.048382367930031346)
13 (31, 0.04624890599936977)
14 (12, 0.02074445396977958)
15 (24, 0.01838121010052107)
16 (26, 0.01305671135993886)
17 (5, 0.011173727899320527)
18 (7, 0.010121533055706481)
19 (11, 0.009886380136134118)
20 (25, 0.009003838195749103)
21 (1, 0.008542021749005207)
22 (10, 0.00813053020082143)
23 (4, 0.008079534301393892)
24 (21, 0.007978988633671904)
25 (20, 0.007818990002997822)
26 (33, 0.007734094126742066)
27 (2, 0.006721323440106051)
28 (8, 0.006721323440106051)
29 (14, 0.006721323440106051)
30 (17, 0.006721323440106051)
31 (18, 0.006721323440106051)
32 (23, 0.006721323440106051)
33 (29, 0.006721323440106051)
34 (30, 0.006721323440106051)
4
payment
1 (26, 0.04869059562630077)
2 (3, 0.04285484592434545)
3 (15, 0.04153964584032891)
4 (16, 0.04153964584032891)
5 (28, 0.04153964584032891)
6 (32, 0.04153964584032891)
7 (31, 0.03867119486306226)
8 (11, 0.03852409005733021)
9 (7, 0.03765243754113034)
10 (5, 0.03734098783122921)
11 (0, 0.03594011782866379)
12 (1, 0.03594011782866379)
13 (2, 0.03594011782866379)
14 (6, 0.03594011782866379)
15 (9, 0.03594011782866379)
16 (10, 0.03594011782866379)
17 (12, 0.03594011782866379)
18 (13, 0.03594011782866379)
19 (14, 0.03594011782866379)
20 (19, 0.03594011782866379)
21 (20, 0.03594011782866379)
22 (22, 0.03594011782866379)
23 (24, 0.03594011782866379)
24 (25, 0.03594011782866379)
25 (27, 0.03594011782866379)
26 (4, 0.006657420115090782)
27 (21, 0.006610953530141518)
28 (8, 0.00539101767429957)
29 (17, 0.00539101767429957)
30 (18, 0.00539101767429957)
31 (23, 0.00539101767429957)
32 (29, 0.00539101767429957)
33 (30, 0.00539101767429957)
34 (33, 0.00539101767429957)
5
payment
1 (12, 0.13970294358214824)
2 (32, 0.09491336624355462)
3 (6, 0.08532845680531587)
4 (19, 0.05849676532966534)
5 (1, 0.058375373946696764)
6 (9, 0.04868456758479075)
7 (3, 0.0480723401867366)
8 (13, 0.04689691035549443)
9 (24, 0.04689691035549443)
10 (28, 0.04689691035549443)
11 (26, 0.045352056516891406)
12 (16, 0.043802366453199675)
13 (0, 0.03084032453977147)
14 (22, 0.02926212613387709)
15 (33, 0.028377200762521242)
16 (15, 0.017396485919201093)
17 (20, 0.015980948034958)
18 (5, 0.009345376658656595)
19 (7, 0.008195587319544506)
20 (11, 0.008141913449545847)
21 (21, 0.007451256380306586)
22 (31, 0.007135626847876111)
23 (4, 0.0070082290627833214)
24 (10, 0.00684337575829254)
25 (2, 0.006647015914141532)
26 (8, 0.005995062833671299)
27 (14, 0.005995062833671299)
28 (17, 0.005995062833671299)
29 (18, 0.005995062833671299)
30 (23, 0.005995062833671299)
31 (25, 0.005995062833671299)
32 (27, 0.005995062833671299)
33 (29, 0.005995062833671299)
34 (30, 0.005995062833671299)
6
payment
1 (22, 0.13926845893980644)
2 (32, 0.11689846140021516)
3 (16, 0.0622126587161662)
4 (19, 0.060966905459514685)
5 (9, 0.05217296923618396)
6 (3, 0.05043795985687376)
7 (13, 0.04913527531735357)
8 (28, 0.04913527531735357)
9 (27, 0.04814333988594195)
10 (0, 0.04494722784358793)
11 (6, 0.044146225540682336)
12 (12, 0.044064149812213335)
13 (33, 0.034069133966306175)
14 (15, 0.02896790280505908)
15 (7, 0.016869024843677485)
16 (24, 0.01665779649331904)
17 (20, 0.016087154489756776)
18 (26, 0.011966481081773122)
19 (25, 0.008663147876161303)
20 (5, 0.008564361822080292)
21 (11, 0.008465234556802127)
22 (10, 0.008275415076703858)
23 (1, 0.007393796313262785)
24 (4, 0.007328455621901672)
25 (21, 0.007054033355425145)
26 (31, 0.006940398615292644)
27 (2, 0.006881427242405636)
28 (8, 0.006821080698164627)
29 (14, 0.006244374636002524)
30 (17, 0.006244374636002524)
31 (18, 0.006244374636002524)
32 (23, 0.006244374636002524)
33 (29, 0.006244374636002524)
34 (30, 0.006244374636002524)
7
payment
1 (12, 0.07699323688726793)
2 (7, 0.0751482487880455)
3 (22, 0.06345406202335348)
4 (15, 0.06046833386840042)
5 (3, 0.055100362509517053)
6 (19, 0.05483409216837992)
7 (9, 0.05341932134840181)
8 (13, 0.05341932134840181)
9 (24, 0.05341932134840181)
10 (28, 0.05341932134840181)
11 (32, 0.05341932134840181)
12 (5, 0.05053127376350425)
13 (16, 0.0496070580071892)
14 (31, 0.04629497683623095)
15 (27, 0.044741506800837695)
16 (6, 0.01631912343593298)
17 (26, 0.014152015391324574)
18 (0, 0.011406933404247978)
19 (11, 0.009572410508427281)
20 (4, 0.008011294168680502)
21 (21, 0.007928383993354955)
22 (20, 0.007805368461788488)
23 (1, 0.0067112260201256544)
24 (2, 0.0067112260201256544)
25 (8, 0.0067112260201256544)
26 (10, 0.0067112260201256544)
27 (14, 0.0067112260201256544)
28 (17, 0.0067112260201256544)
29 (18, 0.0067112260201256544)
30 (23, 0.0067112260201256544)
31 (25, 0.0067112260201256544)
32 (29, 0.0067112260201256544)
33 (30, 0.0067112260201256544)
34 (33, 0.0067112260201256544)
8
payment
1 (16, 0.1602052006391166)
2 (22, 0.09200784533014864)
3 (0, 0.06505248056252344)
4 (19, 0.06396191701413864)
5 (12, 0.06101502219552793)
6 (32, 0.053284631926293326)
7 (9, 0.05270713880036932)
8 (3, 0.05179500600916567)
9 (13, 0.05046830927068858)
10 (28, 0.05046830927068858)
11 (27, 0.04937379499398627)
12 (6, 0.04785194175167969)
13 (20, 0.01735554925566532)
14 (24, 0.017201454461328383)
15 (15, 0.014778681689772517)
16 (1, 0.012541219787608396)
17 (26, 0.012334354003291876)
18 (5, 0.009733493687690156)
19 (11, 0.009309006957775224)
20 (7, 0.008812134513236062)
21 (25, 0.008783389008419948)
22 (33, 0.008082995008529424)
23 (21, 0.007921818946387786)
24 (31, 0.007594304916676548)
25 (4, 0.007468483005250773)
26 (10, 0.007443507322570348)
27 (2, 0.007066223658937927)
28 (8, 0.007040163509745905)
29 (14, 0.0063902704171311395)
30 (17, 0.0063902704171311395)
31 (18, 0.0063902704171311395)
32 (23, 0.0063902704171311395)
33 (29, 0.0063902704171311395)
34 (30, 0.0063902704171311395)
9
payment
1 (15, 0.07012150564565912)
2 (22, 0.05635573749781888)
3 (9, 0.05467164585740706)
4 (6, 0.05325691058783172)
5 (3, 0.05188033356920603)
6 (19, 0.05158623686466357)
7 (13, 0.050541574390054515)
8 (24, 0.050541574390054515)
9 (28, 0.050541574390054515)
10 (32, 0.050541574390054515)
11 (26, 0.050067961331508135)
12 (1, 0.04871728090103147)
13 (16, 0.047684118807980784)
14 (5, 0.04702198974946573)
15 (12, 0.04484277706287938)
16 (31, 0.04422519530948466)
17 (27, 0.04265447816838872)
18 (0, 0.020698434891760185)
19 (7, 0.009970003136581314)
20 (11, 0.009647071432953335)
21 (10, 0.008293987668544075)
22 (4, 0.007484205628324197)
23 (21, 0.007426483824205122)
24 (20, 0.007245627251505532)
25 (2, 0.006398171725258309)
26 (8, 0.006398171725258309)
27 (14, 0.006398171725258309)
28 (17, 0.006398171725258309)
29 (18, 0.006398171725258309)
30 (23, 0.006398171725258309)
31 (25, 0.006398171725258309)
32 (29, 0.006398171725258309)
33 (30, 0.006398171725258309)
34 (33, 0.006398171725258309)
10
payment
1 (16, 0.11753262039779498)
2 (0, 0.074566725021565)
3 (22, 0.05752152290384241)
4 (9, 0.05424243685082466)
5 (32, 0.05197987359997547)
6 (3, 0.051913589975662554)
7 (19, 0.051609316582322824)
8 (13, 0.05054185010963307)
9 (24, 0.05054185010963307)
10 (28, 0.05054185010963307)
11 (26, 0.04914941384194242)
12 (12, 0.04498985615371195)
13 (31, 0.04409782417190806)
14 (1, 0.042654544488121955)
15 (27, 0.042654544488121955)
16 (15, 0.021041630832652477)
17 (6, 0.018382628689349423)
18 (5, 0.010796071758091334)
19 (11, 0.009783611842092)
20 (7, 0.009236458386924266)
21 (10, 0.008151978025623879)
22 (33, 0.007564718655639952)
23 (4, 0.007510948811399397)
24 (21, 0.007396505297407685)
25 (20, 0.0072641196264232825)
26 (2, 0.007148055883956588)
27 (8, 0.006398181673218295)
28 (14, 0.006398181673218295)
29 (17, 0.006398181673218295)
30 (18, 0.006398181673218295)
31 (23, 0.006398181673218295)
32 (25, 0.006398181673218295)
33 (29, 0.006398181673218295)
34 (30, 0.006398181673218295)
-----one service finish-----
6
1
shipping
1 (17, 0.17563341022403745)
2 (33, 0.1264290929443791)
3 (12, 0.08415412695887962)
4 (1, 0.06764969445688038)
5 (23, 0.04491305957438274)
6 (28, 0.04474928936041142)
7 (25, 0.043439455999388726)
8 (3, 0.04207085829936425)
9 (34, 0.041596106522012524)
10 (14, 0.04120894929839682)
11 (20, 0.04120894929839682)
12 (30, 0.02630956566521417)
13 (6, 0.022510785305069118)
14 (16, 0.020144876058591707)
15 (31, 0.018945171800920015)
16 (32, 0.014821382317773375)
17 (0, 0.013586803786489868)
18 (9, 0.01109815263951923)
19 (24, 0.010243187467179608)
20 (2, 0.009906840492821653)
21 (22, 0.008919172914594011)
22 (5, 0.008771962048770496)
23 (27, 0.008571615995449472)
24 (26, 0.007161456378620721)
25 (13, 0.006466784212269849)
26 (4, 0.006101020111822421)
27 (8, 0.00556519988073532)
28 (7, 0.005313669998625458)
29 (10, 0.005313669998625458)
30 (11, 0.005313669998625458)
31 (15, 0.005313669998625458)
32 (18, 0.005313669998625458)
33 (19, 0.005313669998625458)
34 (21, 0.005313669998625458)
35 (29, 0.005313669998625458)
36 (35, 0.005313669998625458)
2
shipping
1 (1, 0.11218329184474263)
2 (32, 0.05547546340459495)
3 (6, 0.05255463515615589)
4 (30, 0.051892302258978174)
5 (12, 0.05185186677240174)
6 (3, 0.045348072769851214)
7 (9, 0.045348072769851214)
8 (14, 0.045348072769851214)
9 (20, 0.045348072769851214)
10 (25, 0.045348072769851214)
11 (34, 0.045348072769851214)
12 (24, 0.042540925043509606)
13 (23, 0.04218772265525966)
14 (17, 0.03979062967761941)
15 (28, 0.038532890328268087)
16 (33, 0.038532890328268087)
17 (5, 0.027839674853001005)
18 (2, 0.021587745886683826)
19 (8, 0.01745947641336161)
20 (16, 0.01715716375987131)
21 (0, 0.016937804023283664)
22 (31, 0.01132813570817437)
23 (13, 0.009462053875175028)
24 (27, 0.00939602288998984)
25 (22, 0.0071350255061679475)
26 (7, 0.006266507502983719)
27 (4, 0.005779933549240215)
28 (10, 0.005779933549240215)
29 (11, 0.005779933549240215)
30 (15, 0.005779933549240215)
31 (18, 0.005779933549240215)
32 (19, 0.005779933549240215)
33 (21, 0.005779933549240215)
34 (26, 0.005779933549240215)
35 (29, 0.005779933549240215)
36 (35, 0.005779933549240215)
3
shipping
1 (17, 0.1728446570250814)
2 (33, 0.1048998533430819)
3 (30, 0.07054711881085655)
4 (16, 0.06839157894320609)
5 (23, 0.05322435281095485)
6 (34, 0.05095751306763781)
7 (4, 0.05034251535299928)
8 (14, 0.046965051634446635)
9 (21, 0.046965051634446635)
10 (28, 0.04352459410027434)
11 (12, 0.038061780439886624)
12 (6, 0.02297420391976012)
13 (31, 0.022653613459627315)
14 (0, 0.022366235970652452)
15 (2, 0.015753073802828567)
16 (25, 0.014585679994417048)
17 (9, 0.013199776692902392)
18 (13, 0.012152989397988168)
19 (32, 0.010747010220986564)
20 (5, 0.010495469230276867)
21 (1, 0.010335739751285867)
22 (24, 0.008262146973388534)
23 (27, 0.007892575729643933)
24 (3, 0.007454347763167027)
25 (35, 0.007418843637957843)
26 (26, 0.00670741012752947)
27 (22, 0.006649614786969012)
28 (7, 0.00595857793086075)
29 (8, 0.00595857793086075)
30 (10, 0.00595857793086075)
31 (11, 0.00595857793086075)
32 (15, 0.00595857793086075)
33 (18, 0.00595857793086075)
34 (19, 0.00595857793086075)
35 (20, 0.00595857793086075)
36 (29, 0.00595857793086075)
4
shipping
1 (22, 0.033540512848843566)
2 (27, 0.033540512848843566)
3 (32, 0.033540512848843566)
4 (0, 0.0295362384713783)
5 (1, 0.0295362384713783)
6 (2, 0.0295362384713783)
7 (3, 0.0295362384713783)
8 (4, 0.0295362384713783)
9 (5, 0.0295362384713783)
10 (6, 0.0295362384713783)
11 (8, 0.0295362384713783)
12 (9, 0.0295362384713783)
13 (10, 0.0295362384713783)
14 (12, 0.0295362384713783)
15 (13, 0.0295362384713783)
16 (14, 0.0295362384713783)
17 (15, 0.0295362384713783)
18 (16, 0.0295362384713783)
19 (17, 0.0295362384713783)
20 (18, 0.0295362384713783)
21 (19, 0.0295362384713783)
22 (20, 0.0295362384713783)
23 (21, 0.0295362384713783)
24 (23, 0.0295362384713783)
25 (24, 0.0295362384713783)
26 (25, 0.0295362384713783)
27 (26, 0.0295362384713783)
28 (28, 0.0295362384713783)
29 (30, 0.0295362384713783)
30 (31, 0.0295362384713783)
31 (33, 0.0295362384713783)
32 (34, 0.0295362384713783)
33 (35, 0.0295362384713783)
34 (7, 0.004430435770706747)
35 (11, 0.004430435770706747)
36 (29, 0.004430435770706747)
5
shipping
1 (30, 0.1363086564766758)
2 (20, 0.1020338842939184)
3 (12, 0.09223429947224358)
4 (17, 0.08433679322396342)
5 (21, 0.05029040902070672)
6 (25, 0.049708678049873146)
7 (34, 0.04891635438082168)
8 (28, 0.04520775349237707)
9 (6, 0.0383750167573894)
10 (23, 0.035987584874304035)
11 (1, 0.03547209287287324)
12 (33, 0.031379928017758636)
13 (31, 0.031070854560195118)
14 (16, 0.022025689629751394)
15 (32, 0.01504823796986542)
16 (3, 0.014667503696007198)
17 (9, 0.01348152174932866)
18 (14, 0.01348152174932866)
19 (0, 0.01298444764352224)
20 (2, 0.01229258076712698)
21 (5, 0.01154421640668943)
22 (27, 0.008598051626772948)
23 (13, 0.008520077767345762)
24 (24, 0.00828030102914549)
25 (8, 0.007462921549634691)
26 (26, 0.007453915357758856)
27 (22, 0.007110691390931347)
28 (4, 0.007001025821172283)
29 (35, 0.006459109638026632)
30 (7, 0.006037982959213114)
31 (10, 0.006037982959213114)
32 (11, 0.006037982959213114)
33 (15, 0.006037982959213114)
34 (18, 0.006037982959213114)
35 (19, 0.006037982959213114)
36 (29, 0.006037982959213114)
6
shipping
1 (17, 0.16963385845932108)
2 (33, 0.11684822214376053)
3 (30, 0.09271982760635333)
4 (25, 0.06319576245518185)
5 (23, 0.05106375989178935)
6 (3, 0.049987373997641776)
7 (31, 0.0446363510720805)
8 (21, 0.04352785679562494)
9 (9, 0.042765790100940275)
10 (1, 0.03958118453873065)
11 (12, 0.03915941904805064)
12 (16, 0.030140338733790295)
13 (0, 0.021194994834747533)
14 (34, 0.01696111104652579)
15 (6, 0.016455440789858472)
16 (26, 0.014806249548829973)
17 (4, 0.012141609282953908)
18 (2, 0.011573505187241435)
19 (14, 0.011483927249412338)
20 (13, 0.009888616448969649)
21 (32, 0.009125473329842317)
22 (5, 0.008862004245944083)
23 (35, 0.007857755182218658)
24 (28, 0.007042620471362556)
25 (24, 0.006603946233055376)
26 (27, 0.00646974266574499)
27 (8, 0.006282870194654057)
28 (22, 0.006058160649918797)
29 (10, 0.005841475407683486)
30 (7, 0.005441536055395899)
31 (11, 0.005441536055395899)
32 (15, 0.005441536055395899)
33 (18, 0.005441536055395899)
34 (19, 0.005441536055395899)
35 (20, 0.005441536055395899)
36 (29, 0.005441536055395899)
7
shipping
1 (6, 0.04396214299530606)
2 (5, 0.038529322289292435)
3 (24, 0.03776794556948923)
4 (27, 0.03776794556948923)
5 (32, 0.03776794556948923)
6 (34, 0.03776794556948923)
7 (22, 0.03432567495105856)
8 (13, 0.03355110557125519)
9 (2, 0.033535026859157095)
10 (1, 0.03282291922828627)
11 (3, 0.03282291922828627)
12 (4, 0.03282291922828627)
13 (9, 0.03282291922828627)
14 (10, 0.03282291922828627)
15 (12, 0.03282291922828627)
16 (14, 0.03282291922828627)
17 (15, 0.03282291922828627)
18 (17, 0.03282291922828627)
19 (19, 0.03282291922828627)
20 (20, 0.03282291922828627)
21 (21, 0.03282291922828627)
22 (23, 0.03282291922828627)
23 (25, 0.03282291922828627)
24 (26, 0.03282291922828627)
25 (28, 0.03282291922828627)
26 (30, 0.03282291922828627)
27 (31, 0.03282291922828627)
28 (33, 0.03282291922828627)
29 (8, 0.0056815687814205885)
30 (16, 0.005567636537775174)
31 (0, 0.005523084978123999)
32 (7, 0.004923437884242942)
33 (11, 0.004923437884242942)
34 (18, 0.004923437884242942)
35 (29, 0.004923437884242942)
36 (35, 0.004923437884242942)
8
shipping
1 (30, 0.11679106541845576)
2 (12, 0.1106416172922933)
3 (17, 0.10469776141305595)
4 (6, 0.05899091934681352)
5 (23, 0.05312459626152263)
6 (1, 0.05030498538389257)
7 (33, 0.04810674139136756)
8 (3, 0.04795886511935174)
9 (25, 0.04707949971513284)
10 (14, 0.04681864369047344)
11 (20, 0.04681864369047344)
12 (16, 0.03906575634779757)
13 (0, 0.02729740871030791)
14 (31, 0.02023182271791542)
15 (34, 0.0136241129764454)
16 (9, 0.013144494177669342)
17 (5, 0.012213204544176511)
18 (32, 0.011739294282487123)
19 (13, 0.011511420044617056)
20 (2, 0.01119949005575271)
21 (28, 0.010285159205179657)
22 (24, 0.008681136355835634)
23 (27, 0.008415826651815568)
24 (8, 0.007498360043219178)
25 (22, 0.007055785136496803)
26 (4, 0.006882866509164822)
27 (35, 0.006338050762656551)
28 (7, 0.005942496972847785)
29 (10, 0.005942496972847785)
30 (11, 0.005942496972847785)
31 (15, 0.005942496972847785)
32 (18, 0.005942496972847785)
33 (19, 0.005942496972847785)
34 (21, 0.005942496972847785)
35 (26, 0.005942496972847785)
36 (29, 0.005942496972847785)
9
shipping
1 (17, 0.19381241802074206)
2 (33, 0.14695242953117738)
3 (1, 0.08273910393104761)
4 (6, 0.06930511802054577)
5 (23, 0.06302735400395754)
6 (30, 0.05954623924523109)
7 (12, 0.052797081281551965)
8 (16, 0.050641248886122835)
9 (0, 0.03968542234024866)
10 (25, 0.02687394826442005)
11 (26, 0.014849924852809391)
12 (2, 0.013462413503551115)
13 (34, 0.012599590905316998)
14 (3, 0.011590785674813552)
15 (20, 0.011377077215442349)
16 (31, 0.010970860951696314)
17 (9, 0.010839934078789549)
18 (14, 0.010839934078789549)
19 (13, 0.010485913333685004)
20 (5, 0.009885577934322752)
21 (32, 0.009702624094230798)
22 (28, 0.007343942253445166)
23 (27, 0.00724973409571083)
24 (24, 0.0068196022291643265)
25 (22, 0.006367279431098017)
26 (8, 0.006189744099048882)
27 (35, 0.0059547413664528094)
28 (4, 0.005726206871309923)
29 (21, 0.005705218601292425)
30 (7, 0.005414088307388362)
31 (10, 0.00520740709943278)
32 (11, 0.00520740709943278)
33 (15, 0.00520740709943278)
34 (18, 0.00520740709943278)
35 (19, 0.00520740709943278)
36 (29, 0.00520740709943278)
10
shipping
1 (6, 0.08733054322974564)
2 (12, 0.057353722483913815)
3 (16, 0.04699408677026269)
4 (30, 0.043365180647265626)
5 (3, 0.04145621137025751)
6 (25, 0.04145621137025751)
7 (32, 0.04145621137025751)
8 (34, 0.04145621137025751)
9 (24, 0.03894960369559033)
10 (0, 0.03782240989832328)
11 (23, 0.03740423776797892)
12 (1, 0.03616990385192173)
13 (9, 0.035628942581681484)
14 (10, 0.035628942581681484)
15 (14, 0.035628942581681484)
16 (15, 0.035628942581681484)
17 (17, 0.035628942581681484)
18 (20, 0.035628942581681484)
19 (21, 0.035628942581681484)
20 (28, 0.035628942581681484)
21 (33, 0.035628942581681484)
22 (5, 0.01807673732596403)
23 (8, 0.015198144947064602)
24 (2, 0.01496826011144589)
25 (13, 0.014456278882745541)
26 (27, 0.008618909701824962)
27 (31, 0.007094262511217012)
28 (22, 0.006518115322880259)
29 (7, 0.005783884424926811)
30 (4, 0.005344341387252223)
31 (11, 0.005344341387252223)
32 (18, 0.005344341387252223)
33 (19, 0.005344341387252223)
34 (26, 0.005344341387252223)
35 (29, 0.005344341387252223)
36 (35, 0.005344341387252223)
-----one service finish-----
2023-03-14 16:51:04
