2023-03-14 11:14:01
0
1
front-end
1 (27, 0.13496675855094376)
2 (14, 0.10696051164268504)
3 (13, 0.09990518795553142)
4 (11, 0.0828548131172255)
5 (16, 0.07251233616327162)
6 (9, 0.06677076912205422)
7 (29, 0.062376009317190756)
8 (33, 0.03657667475496285)
9 (30, 0.03578872487433071)
10 (8, 0.03525373120770178)
11 (6, 0.031106295649331775)
12 (34, 0.030456291456262417)
13 (24, 0.019957676770256283)
14 (10, 0.019312095798614655)
15 (22, 0.016936644501667597)
16 (26, 0.01311590675002311)
17 (2, 0.01273335482262357)
18 (4, 0.012657738917710836)
19 (1, 0.010505691488447554)
20 (25, 0.010100722155384812)
21 (20, 0.008347884288325867)
22 (32, 0.007963828385346587)
23 (0, 0.006982189915558601)
24 (21, 0.006641787892974779)
25 (5, 0.006419014484743336)
26 (23, 0.006056805725006486)
27 (3, 0.005885856901817938)
28 (19, 0.005458604336977153)
29 (31, 0.005341898533887564)
30 (15, 0.005300997861560206)
31 (12, 0.005222839377712834)
32 (28, 0.004937232039939341)
33 (7, 0.004864375079976375)
34 (17, 0.004864375079976375)
35 (18, 0.004864375079976375)
2
front-end
1 (30, 0.11319510882501611)
2 (23, 0.07212998285953336)
3 (10, 0.05736030962921805)
4 (9, 0.05379071247550254)
5 (16, 0.047379235911197255)
6 (12, 0.0458000281747809)
7 (19, 0.041343635934118377)
8 (22, 0.041343635934118377)
9 (1, 0.03566598417739354)
10 (6, 0.03566598417739354)
11 (13, 0.03566598417739354)
12 (14, 0.03566598417739354)
13 (24, 0.03566598417739354)
14 (25, 0.03566598417739354)
15 (27, 0.03566598417739354)
16 (29, 0.03566598417739354)
17 (32, 0.03566598417739354)
18 (2, 0.02701744187111527)
19 (26, 0.023474625924718037)
20 (5, 0.020426245302480415)
21 (0, 0.017063149360412748)
22 (8, 0.017063149360412748)
23 (31, 0.012920257200485709)
24 (15, 0.012816794477474426)
25 (3, 0.011027549383333859)
26 (21, 0.011027549383333859)
27 (33, 0.011027549383333859)
28 (4, 0.005349897626609031)
29 (7, 0.005349897626609031)
30 (11, 0.005349897626609031)
31 (17, 0.005349897626609031)
32 (18, 0.005349897626609031)
33 (20, 0.005349897626609031)
34 (28, 0.005349897626609031)
35 (34, 0.005349897626609031)
3
front-end
1 (22, 0.08843236026152676)
2 (15, 0.07668871424768929)
3 (6, 0.05753191650407305)
4 (16, 0.047879849233597664)
5 (21, 0.04052527063647538)
6 (3, 0.0396859237653186)
7 (12, 0.0396859237653186)
8 (24, 0.039530574691380105)
9 (30, 0.03558116013180202)
10 (8, 0.03439566613122046)
11 (9, 0.03439566613122046)
12 (11, 0.03439566613122046)
13 (13, 0.03439566613122046)
14 (14, 0.03439566613122046)
15 (18, 0.03439566613122046)
16 (20, 0.03439566613122046)
17 (29, 0.03439566613122046)
18 (32, 0.03439566613122046)
19 (25, 0.03276087268933324)
20 (10, 0.028018539144365234)
21 (33, 0.02664134705637161)
22 (34, 0.020847784632049546)
23 (19, 0.02054486253106403)
24 (26, 0.0160447895713481)
25 (27, 0.015271858935477108)
26 (2, 0.012039352855127642)
27 (23, 0.008441979864185737)
28 (5, 0.007465364256947591)
29 (0, 0.005864460527465898)
30 (1, 0.00515934991968307)
31 (4, 0.00515934991968307)
32 (7, 0.00515934991968307)
33 (17, 0.00515934991968307)
34 (28, 0.00515934991968307)
35 (31, 0.00515934991968307)
4
front-end
1 (27, 0.12304111207497415)
2 (32, 0.10059013524735334)
3 (1, 0.08519385215643678)
4 (14, 0.07524692251627167)
5 (11, 0.07425651029487672)
6 (13, 0.07357504159311874)
7 (29, 0.0718985707510267)
8 (6, 0.05695710421349618)
9 (30, 0.036941590655400716)
10 (23, 0.03465419954420074)
11 (26, 0.03179217339855365)
12 (9, 0.021229802354515118)
13 (25, 0.02010970985030979)
14 (8, 0.01720700152733053)
15 (16, 0.016368816259392356)
16 (0, 0.016070261776129788)
17 (24, 0.015778268680510642)
18 (10, 0.014078690675003674)
19 (3, 0.012849492086639077)
20 (33, 0.010991701917965606)
21 (20, 0.010380480746541909)
22 (2, 0.009067404224442273)
23 (4, 0.008277610238472904)
24 (22, 0.006398346538820883)
25 (21, 0.006018171382652628)
26 (5, 0.0057156068479166265)
27 (19, 0.005582230505012207)
28 (34, 0.005428762442624231)
29 (12, 0.0052327376507492794)
30 (28, 0.005183237392716103)
31 (31, 0.005022584345870973)
32 (7, 0.004715467527668496)
33 (15, 0.004715467527668496)
34 (17, 0.004715467527668496)
35 (18, 0.004715467527668496)
5
front-end
1 (12, 0.18187796830341027)
2 (1, 0.07733915863204774)
3 (21, 0.0712989528039691)
4 (29, 0.05343787015279624)
5 (22, 0.0480693440700063)
6 (24, 0.04655066972401129)
7 (11, 0.04168348277441567)
8 (15, 0.041076953381332416)
9 (8, 0.040917365591594645)
10 (26, 0.04054807652606494)
11 (10, 0.03889679201978592)
12 (16, 0.0387054616035541)
13 (9, 0.03426780576328648)
14 (25, 0.03391572568146146)
15 (0, 0.031086663952861478)
16 (27, 0.027521089493722766)
17 (6, 0.02704805359373151)
18 (33, 0.01267590826400954)
19 (19, 0.012011580687896527)
20 (3, 0.011246226376879363)
21 (14, 0.008992011070676726)
22 (2, 0.008211950037413516)
23 (34, 0.006195649701838199)
24 (23, 0.006048727115890283)
25 (32, 0.005910896566031885)
26 (30, 0.005870960118148872)
27 (20, 0.005821955562554772)
28 (13, 0.005526324815462139)
29 (28, 0.00550160401491609)
30 (4, 0.005438936691107654)
31 (5, 0.005422860840016793)
32 (7, 0.005220743517276364)
33 (17, 0.005220743517276364)
34 (18, 0.005220743517276364)
35 (31, 0.005220743517276364)
6
front-end
1 (8, 0.07718251042798681)
2 (6, 0.07530598493122366)
3 (24, 0.07210034976032069)
4 (25, 0.06792589844275898)
5 (22, 0.06613001329069132)
6 (9, 0.061058191642355354)
7 (11, 0.0591561727575892)
8 (1, 0.056232960325788894)
9 (29, 0.054879483301392945)
10 (30, 0.05231553707483567)
11 (16, 0.04519950172668145)
12 (33, 0.030255454497207134)
13 (34, 0.029651328798108577)
14 (32, 0.029303141193038885)
15 (23, 0.028185464900914347)
16 (21, 0.02713912138421862)
17 (15, 0.024340921920871825)
18 (10, 0.023191965544924906)
19 (26, 0.013187530498356923)
20 (20, 0.012822949137363239)
21 (27, 0.011703526172473383)
22 (19, 0.009632139194119826)
23 (4, 0.008837079684775121)
24 (14, 0.008254235129901165)
25 (0, 0.008069583710192273)
26 (2, 0.007910481860950742)
27 (31, 0.004712556302037001)
28 (12, 0.004643770138409165)
29 (5, 0.004496600545532592)
30 (13, 0.00445019265001948)
31 (28, 0.004435024245826417)
32 (3, 0.004425184401723099)
33 (7, 0.004288381469136802)
34 (17, 0.004288381469136802)
35 (18, 0.004288381469136802)
7
front-end
1 (9, 0.06321537955227181)
2 (16, 0.05897893860756687)
3 (8, 0.058261296700264316)
4 (23, 0.057687059924716524)
5 (13, 0.05721577899676376)
6 (11, 0.056398672150613345)
7 (14, 0.054880195982177825)
8 (3, 0.054632786971019004)
9 (4, 0.05412179888541263)
10 (27, 0.05386992963679066)
11 (29, 0.04612770137421513)
12 (30, 0.04478836061041081)
13 (6, 0.04091549523438509)
14 (33, 0.03489015554992317)
15 (32, 0.03042186491200193)
16 (10, 0.030292000912386777)
17 (20, 0.029846677693877874)
18 (22, 0.029765492985510126)
19 (19, 0.02961249941650528)
20 (2, 0.01598934546353366)
21 (26, 0.014768250826150296)
22 (1, 0.011285720105872055)
23 (25, 0.008999544449789157)
24 (0, 0.008279638083293834)
25 (21, 0.00713949707612398)
26 (34, 0.005154389617395612)
27 (15, 0.0050022407559899545)
28 (12, 0.0049020053614051195)
29 (31, 0.00489722116267058)
30 (24, 0.004838703047606602)
31 (28, 0.004792552822764648)
32 (5, 0.004703180393164282)
33 (7, 0.004441874912475792)
34 (17, 0.004441874912475792)
35 (18, 0.004441874912475792)
8
front-end
1 (8, 0.0721471971511646)
2 (25, 0.06860564188449227)
3 (9, 0.06752341697374209)
4 (11, 0.06723422284475807)
5 (24, 0.06492389221143002)
6 (30, 0.06435249988460676)
7 (3, 0.061723775298114604)
8 (6, 0.06136225975134799)
9 (29, 0.059988978510013787)
10 (22, 0.05957159093635971)
11 (16, 0.05907875104339011)
12 (32, 0.03543336513881767)
13 (20, 0.03371091252257447)
14 (14, 0.032987451306556975)
15 (27, 0.03255965113761915)
16 (10, 0.02331642686025952)
17 (26, 0.0154801164767755)
18 (1, 0.012834126593421112)
19 (33, 0.012453293248765622)
20 (0, 0.010806443319359132)
21 (2, 0.008484479538004441)
22 (23, 0.008455944783726431)
23 (34, 0.006791440737499655)
24 (4, 0.0067384275238920495)
25 (31, 0.005614472843397102)
26 (21, 0.0055037727705679)
27 (5, 0.005325923201505544)
28 (12, 0.005045546579945058)
29 (19, 0.004981557688647137)
30 (15, 0.004722776493245718)
31 (28, 0.00470936009524791)
32 (13, 0.004525392144384041)
33 (7, 0.004335630835455949)
34 (17, 0.004335630835455949)
35 (18, 0.004335630835455949)
9
front-end
1 (1, 0.1655137424771882)
2 (29, 0.12133808220492996)
3 (6, 0.09950016061644522)
4 (30, 0.09002542290092108)
5 (23, 0.06074223844555905)
6 (10, 0.05087704799477126)
7 (11, 0.041784616228501034)
8 (19, 0.04169016142556812)
9 (16, 0.035079293974404735)
10 (9, 0.02713103307964156)
11 (24, 0.026124233213335353)
12 (27, 0.02424718663473283)
13 (22, 0.019965739796274275)
14 (26, 0.019739168803146627)
15 (8, 0.019695000959034436)
16 (2, 0.019524792441800522)
17 (3, 0.012775614366220578)
18 (33, 0.012707439271901912)
19 (13, 0.011406736025733553)
20 (0, 0.00991395997679241)
21 (21, 0.00870675850051711)
22 (4, 0.0068723774519709084)
23 (15, 0.006240076878294094)
24 (34, 0.006235637158460099)
25 (25, 0.006070922519903659)
26 (12, 0.006001241066203129)
27 (32, 0.005973863122792345)
28 (20, 0.005818631971517491)
29 (31, 0.005795420935314022)
30 (5, 0.005654252534538836)
31 (14, 0.005573211892019805)
32 (28, 0.00547219054809674)
33 (7, 0.005267914861156352)
34 (17, 0.005267914861156352)
35 (18, 0.005267914861156352)
10
front-end
1 (29, 0.1058585735866162)
2 (21, 0.09972340443363299)
3 (30, 0.06437116377549422)
4 (15, 0.058913963661018004)
5 (11, 0.057089125662930625)
6 (27, 0.04519683410075845)
7 (8, 0.04488178813713787)
8 (10, 0.04339773621547765)
9 (33, 0.0398617318633803)
10 (23, 0.035111789970054014)
11 (1, 0.03500740732970057)
12 (19, 0.03457232363200483)
13 (20, 0.03457232363200483)
14 (32, 0.03457232363200483)
15 (3, 0.03356183694368201)
16 (9, 0.03181097549511356)
17 (4, 0.027959046782132464)
18 (22, 0.02413015920593776)
19 (6, 0.022492409319952455)
20 (26, 0.021382344700634066)
21 (2, 0.014471027031815548)
22 (24, 0.010687007271890347)
23 (13, 0.010475256776176197)
24 (0, 0.010032671649854484)
25 (5, 0.006596265390996257)
26 (31, 0.006063288508237148)
27 (16, 0.005720432932956577)
28 (7, 0.005185848544800725)
29 (12, 0.005185848544800725)
30 (14, 0.005185848544800725)
31 (17, 0.005185848544800725)
32 (18, 0.005185848544800725)
33 (25, 0.005185848544800725)
34 (28, 0.005185848544800725)
35 (34, 0.005185848544800725)
-----one service finish-----
1
1
user
1 (21, 0.12715137661580356)
2 (6, 0.07614706432654797)
3 (23, 0.06912622889543703)
4 (24, 0.06391942570388008)
5 (15, 0.063468047851024)
6 (9, 0.06098134845049037)
7 (19, 0.059197346339904616)
8 (18, 0.05649629580525129)
9 (4, 0.05396496925937569)
10 (3, 0.05120462609982107)
11 (30, 0.050373930565513425)
12 (8, 0.047321991727280216)
13 (11, 0.046227685390466705)
14 (14, 0.018642750364400593)
15 (27, 0.01735889462553995)
16 (31, 0.01675701235696385)
17 (5, 0.014449087706142564)
18 (0, 0.010125377524988736)
19 (28, 0.009982193792666993)
20 (12, 0.009806344352741284)
21 (32, 0.008669443194332133)
22 (25, 0.008201710479039538)
23 (26, 0.006696048513669915)
24 (29, 0.006621050393705292)
25 (1, 0.0063672218160949175)
26 (10, 0.005686244561634837)
27 (2, 0.005246906244795301)
28 (7, 0.00510102903960676)
29 (17, 0.005082016245005552)
30 (13, 0.00490658293946895)
31 (16, 0.00490658293946895)
32 (20, 0.00490658293946895)
33 (22, 0.00490658293946895)
2
user
1 (21, 0.1382298732168568)
2 (1, 0.09511304421700247)
3 (31, 0.0852823693677266)
4 (12, 0.07868923608602671)
5 (13, 0.07042127039099132)
6 (19, 0.06616075170397298)
7 (18, 0.0624088391710244)
8 (4, 0.04945417573607038)
9 (3, 0.04291899906646084)
10 (15, 0.03837703709422952)
11 (26, 0.036102219243915865)
12 (6, 0.032484143137691934)
13 (5, 0.020626019661368365)
14 (27, 0.017743467729771898)
15 (32, 0.017333999138694933)
16 (0, 0.015911645513788725)
17 (25, 0.015361805500609022)
18 (23, 0.014542877710049647)
19 (11, 0.013491862186075208)
20 (8, 0.010543836559319909)
21 (28, 0.008975460971354434)
22 (24, 0.008254654195471113)
23 (30, 0.007440028797921769)
24 (14, 0.0060727319155316935)
25 (2, 0.005688612817672088)
26 (7, 0.00552838632286855)
27 (10, 0.005432776966743583)
28 (9, 0.005379175234676468)
29 (16, 0.005206140069222545)
30 (17, 0.005206140069222545)
31 (20, 0.005206140069222545)
32 (22, 0.005206140069222545)
33 (29, 0.005206140069222545)
3
user
1 (22, 0.11080571694892624)
2 (8, 0.05566643370958875)
3 (15, 0.05393654990365812)
4 (3, 0.04916897759724432)
5 (7, 0.04691994158786529)
6 (12, 0.046481922462571185)
7 (19, 0.046481922462571185)
8 (32, 0.0427863882339939)
9 (28, 0.041936354631877205)
10 (1, 0.039811500375729544)
11 (6, 0.039811500375729544)
12 (11, 0.039811500375729544)
13 (21, 0.039811500375729544)
14 (26, 0.039811500375729544)
15 (27, 0.039811500375729544)
16 (30, 0.039811500375729544)
17 (31, 0.039811500375729544)
18 (25, 0.034773373553190455)
19 (0, 0.024053677622287602)
20 (29, 0.01677214529191976)
21 (5, 0.01618201793425859)
22 (9, 0.014189339124257908)
23 (23, 0.012642147143201077)
24 (2, 0.00966725928493671)
25 (4, 0.008376109723538923)
26 (14, 0.0074812125466783225)
27 (17, 0.007356156893441418)
28 (10, 0.0059717250563594325)
29 (13, 0.0059717250563594325)
30 (16, 0.0059717250563594325)
31 (18, 0.0059717250563594325)
32 (20, 0.0059717250563594325)
33 (24, 0.0059717250563594325)
4
user
1 (4, 0.09948490440349586)
2 (30, 0.07649753163267485)
3 (28, 0.07407501895975928)
4 (32, 0.07405382429887723)
5 (27, 0.0718068118806221)
6 (3, 0.07081547468015344)
7 (31, 0.07013002727782854)
8 (21, 0.05577283932198291)
9 (1, 0.040097308385333486)
10 (8, 0.0373047499425367)
11 (12, 0.03581029051468372)
12 (26, 0.0341813589353734)
13 (13, 0.03384617530890022)
14 (15, 0.0320052428131332)
15 (11, 0.026696183588328478)
16 (23, 0.02104769431618457)
17 (14, 0.020019542991905743)
18 (5, 0.01578761443842218)
19 (24, 0.014531483288096822)
20 (19, 0.012487709843704158)
21 (0, 0.011549767499011886)
22 (6, 0.00883007527337494)
23 (25, 0.007615959219260016)
24 (18, 0.007276904456728928)
25 (10, 0.007215015831413789)
26 (29, 0.0055811058145306906)
27 (2, 0.005448811693507495)
28 (7, 0.0052989695606538555)
29 (17, 0.005063016622069562)
30 (9, 0.004917146801863008)
31 (16, 0.004917146801863008)
32 (20, 0.004917146801863008)
33 (22, 0.004917146801863008)
5
user
1 (22, 0.07795426525492499)
2 (2, 0.047729565406897254)
3 (8, 0.042119860530004376)
4 (15, 0.042119860530004376)
5 (23, 0.042119860530004376)
6 (29, 0.04053137282034126)
7 (1, 0.03651015565311149)
8 (3, 0.03651015565311149)
9 (4, 0.03651015565311149)
10 (6, 0.03651015565311149)
11 (12, 0.03651015565311149)
12 (13, 0.03651015565311149)
13 (17, 0.03651015565311149)
14 (18, 0.03651015565311149)
15 (19, 0.03651015565311149)
16 (21, 0.03651015565311149)
17 (26, 0.03651015565311149)
18 (27, 0.03651015565311149)
19 (28, 0.03651015565311149)
20 (30, 0.03651015565311149)
21 (31, 0.03651015565311149)
22 (32, 0.03651015565311149)
23 (7, 0.03430052670691646)
24 (25, 0.02270866306056372)
25 (0, 0.01683164304993271)
26 (14, 0.011086228224859605)
27 (5, 0.005476523347966724)
28 (9, 0.005476523347966724)
29 (10, 0.005476523347966724)
30 (11, 0.005476523347966724)
31 (16, 0.005476523347966724)
32 (20, 0.005476523347966724)
33 (24, 0.005476523347966724)
6
user
1 (30, 0.16555690941542595)
2 (32, 0.10095842616056774)
3 (31, 0.08209824545401011)
4 (19, 0.06882933082322618)
5 (18, 0.06362419407560618)
6 (4, 0.058147857962850685)
7 (3, 0.05193956568297221)
8 (21, 0.04830008044511386)
9 (24, 0.04490331513620373)
10 (13, 0.04115239088106617)
11 (26, 0.03836636885696808)
12 (6, 0.02779612499848729)
13 (1, 0.025751983455841974)
14 (14, 0.021276729311594526)
15 (15, 0.01848219762615623)
16 (28, 0.01711134926566791)
17 (5, 0.015801678190934535)
18 (0, 0.010610227832444865)
19 (9, 0.01025038563331867)
20 (23, 0.008714002117466866)
21 (11, 0.008243675825304851)
22 (25, 0.007982565201594606)
23 (29, 0.007278146799452482)
24 (27, 0.006882786745150186)
25 (12, 0.005933067077588231)
26 (10, 0.005896154762214478)
27 (7, 0.005682269243661486)
28 (2, 0.005677198748883308)
29 (22, 0.005566602754859942)
30 (20, 0.005509014776289331)
31 (8, 0.005225718246359161)
32 (16, 0.005225718246359161)
33 (17, 0.005225718246359161)
7
user
1 (6, 0.1334302543848857)
2 (15, 0.07622819326449606)
3 (11, 0.0702679689292925)
4 (24, 0.06994617798573677)
5 (23, 0.06776611764172177)
6 (4, 0.05984043167643571)
7 (30, 0.04513903242436199)
8 (3, 0.04371615723785834)
9 (28, 0.040337676846615655)
10 (1, 0.037768379018874504)
11 (26, 0.0364033843026564)
12 (22, 0.034857978020877284)
13 (21, 0.034354091969317546)
14 (14, 0.03131542610888497)
15 (5, 0.026894414813631726)
16 (0, 0.022457785787995704)
17 (32, 0.019053153668216093)
18 (9, 0.01903583524406303)
19 (25, 0.01767331558027888)
20 (8, 0.01469627404242645)
21 (19, 0.011601972672800356)
22 (29, 0.01126206402834309)
23 (31, 0.01022984212616068)
24 (13, 0.010055093111299322)
25 (27, 0.00983366520677352)
26 (10, 0.00722907157082631)
27 (7, 0.005949685684386227)
28 (2, 0.005897608249157013)
29 (20, 0.005704286010447989)
30 (18, 0.005617191633503123)
31 (12, 0.005145823585891741)
32 (16, 0.005145823585891741)
33 (17, 0.005145823585891741)
8
user
1 (3, 0.1325469522949738)
2 (4, 0.09956910022540587)
3 (21, 0.09120320168947645)
4 (15, 0.08687045170387958)
5 (11, 0.07203637435948379)
6 (31, 0.06654940281951127)
7 (6, 0.057576026891988874)
8 (19, 0.050165725387018134)
9 (23, 0.04861612459436393)
10 (1, 0.03647841318726098)
11 (25, 0.024676707528434302)
12 (32, 0.02325478346921637)
13 (27, 0.022031532780748347)
14 (8, 0.020398997027645485)
15 (0, 0.018267551709538782)
16 (9, 0.015532312086313935)
17 (18, 0.013591432413373192)
18 (29, 0.01296947601197338)
19 (5, 0.012845417753121698)
20 (30, 0.011573034356151308)
21 (12, 0.010438463052552912)
22 (28, 0.008779731405336945)
23 (14, 0.0071008788891224065)
24 (24, 0.006790777254262819)
25 (26, 0.006443345894221469)
26 (2, 0.006101334626504985)
27 (7, 0.005787780223652992)
28 (17, 0.0055551269069531745)
29 (10, 0.005249908691502555)
30 (13, 0.005249908691502555)
31 (16, 0.005249908691502555)
32 (20, 0.005249908691502555)
33 (22, 0.005249908691502555)
9
user
1 (8, 0.07637623149959362)
2 (15, 0.07237184746791023)
3 (32, 0.07121101403414772)
4 (1, 0.07061015983013029)
5 (21, 0.06680195224423156)
6 (4, 0.06406350474895058)
7 (3, 0.062371861081447266)
8 (19, 0.06159328692388604)
9 (18, 0.06145999514955079)
10 (9, 0.060680006539756456)
11 (31, 0.059382403485051714)
12 (30, 0.03972735337954108)
13 (23, 0.03671667912902186)
14 (27, 0.035417975406738425)
15 (14, 0.01888137611630794)
16 (29, 0.016971301175760584)
17 (0, 0.014966353616088807)
18 (26, 0.011900715746061566)
19 (22, 0.011220891549853427)
20 (5, 0.010866168874219465)
21 (12, 0.009696957024329886)
22 (17, 0.00805407387496527)
23 (6, 0.006802113731746405)
24 (25, 0.0060996075088915885)
25 (28, 0.0057344514822958255)
26 (11, 0.0053834291751826266)
27 (2, 0.00532034585024248)
28 (10, 0.005066880522230578)
29 (13, 0.005030611892118364)
30 (7, 0.004874151134392618)
31 (16, 0.004782099935118331)
32 (20, 0.004782099935118331)
33 (24, 0.004782099935118331)
10
user
1 (21, 0.13672167248231895)
2 (30, 0.08990350456888041)
3 (1, 0.08769223740557384)
4 (15, 0.086328438947785)
5 (11, 0.06097131345315665)
6 (32, 0.05210462986189235)
7 (25, 0.047060727352762184)
8 (26, 0.04204661298779021)
9 (6, 0.041019009598753375)
10 (14, 0.03524183141682692)
11 (4, 0.034903823854018225)
12 (28, 0.028562686536252158)
13 (8, 0.02778976287700642)
14 (5, 0.02546375091314846)
15 (24, 0.02337448199193952)
16 (9, 0.01971427944774227)
17 (19, 0.019204200631880535)
18 (0, 0.017122462510190832)
19 (23, 0.015802572008177595)
20 (13, 0.01247432600625273)
21 (18, 0.010642414663032276)
22 (31, 0.010395892837399107)
23 (10, 0.00957153289091489)
24 (2, 0.008023271510583106)
25 (27, 0.007732260950342415)
26 (7, 0.00685603198669429)
27 (22, 0.0065977563456847315)
28 (20, 0.006565074859574451)
29 (29, 0.006421653776324973)
30 (3, 0.005922946331775273)
31 (12, 0.005922946331775273)
32 (16, 0.005922946331775273)
33 (17, 0.005922946331775273)
-----one service finish-----
2
1
catalogue
1 (6, 0.04388022146511748)
2 (31, 0.04270739996492475)
3 (16, 0.0402102978099855)
4 (29, 0.03745932771663391)
5 (33, 0.03745932771663391)
6 (8, 0.036165790720081546)
7 (2, 0.03398543174482659)
8 (1, 0.0325855539191255)
9 (3, 0.0325855539191255)
10 (4, 0.0325855539191255)
11 (9, 0.0325855539191255)
12 (10, 0.0325855539191255)
13 (12, 0.0325855539191255)
14 (14, 0.0325855539191255)
15 (15, 0.0325855539191255)
16 (18, 0.0325855539191255)
17 (19, 0.0325855539191255)
18 (20, 0.0325855539191255)
19 (21, 0.0325855539191255)
20 (23, 0.0325855539191255)
21 (24, 0.0325855539191255)
22 (25, 0.0325855539191255)
23 (26, 0.0325855539191255)
24 (28, 0.0325855539191255)
25 (32, 0.0325855539191255)
26 (34, 0.0325855539191255)
27 (35, 0.0325855539191255)
28 (27, 0.018404680931390253)
29 (11, 0.01355586035125229)
30 (17, 0.01132841309849641)
31 (0, 0.008693004658803056)
32 (5, 0.004887833087868826)
33 (7, 0.004887833087868826)
34 (13, 0.004887833087868826)
35 (22, 0.004887833087868826)
36 (30, 0.004887833087868826)
2
catalogue
1 (35, 0.14668295342475923)
2 (12, 0.11175694183315626)
3 (1, 0.1003293602112056)
4 (23, 0.06913111629394543)
5 (26, 0.06409869015852622)
6 (25, 0.05957332618101235)
7 (14, 0.05570668964254607)
8 (15, 0.05330639386440413)
9 (3, 0.04815561172762814)
10 (32, 0.03258166539174008)
11 (34, 0.028195625267339715)
12 (6, 0.024592990513458063)
13 (27, 0.02211757988051302)
14 (17, 0.015602859264173869)
15 (11, 0.0152406775600489)
16 (4, 0.013776457572357834)
17 (20, 0.013238612747818967)
18 (10, 0.013229088702676401)
19 (21, 0.013089772837626116)
20 (29, 0.011130877010108588)
21 (0, 0.008206229899360828)
22 (2, 0.006980955219580445)
23 (28, 0.0068167683998814005)
24 (30, 0.006163062310347206)
25 (31, 0.005741649376517201)
26 (13, 0.005696858730848467)
27 (9, 0.00542818429059706)
28 (24, 0.005406377384798648)
29 (8, 0.004971742074801696)
30 (33, 0.0049120023115964955)
31 (7, 0.004795215350660323)
32 (16, 0.004777852366041035)
33 (5, 0.00472976212332281)
34 (18, 0.0046120166922004255)
35 (19, 0.0046120166922004255)
36 (22, 0.0046120166922004255)
3
catalogue
1 (35, 0.10308243492820107)
2 (34, 0.06802874980712484)
3 (20, 0.060053742405643325)
4 (17, 0.054305977956496304)
5 (6, 0.04830047441055963)
6 (27, 0.044290473530105866)
7 (2, 0.04181615522888619)
8 (11, 0.040086343079686414)
9 (23, 0.03658814716017002)
10 (29, 0.03613727388173792)
11 (28, 0.03613253645736966)
12 (0, 0.03603549110697471)
13 (24, 0.034918381276838266)
14 (8, 0.03445308604025597)
15 (1, 0.031987242142229644)
16 (3, 0.03159153103012678)
17 (4, 0.03159153103012678)
18 (14, 0.03159153103012678)
19 (15, 0.03159153103012678)
20 (19, 0.03159153103012678)
21 (12, 0.024026469499474793)
22 (32, 0.01909613064187935)
23 (9, 0.01321072591822572)
24 (13, 0.010083718617531157)
25 (26, 0.009612242545787032)
26 (10, 0.008895270548091848)
27 (31, 0.006638209703849476)
28 (16, 0.005204827203141558)
29 (33, 0.0051572558755944315)
30 (22, 0.0051219543572502595)
31 (25, 0.005085382253665639)
32 (5, 0.0047387296545190185)
33 (7, 0.0047387296545190185)
34 (18, 0.0047387296545190185)
35 (21, 0.0047387296545190185)
36 (30, 0.0047387296545190185)
4
catalogue
1 (31, 0.09724188829613824)
2 (29, 0.06780339512175272)
3 (27, 0.053020956717616814)
4 (11, 0.04432209323341364)
5 (6, 0.040670940568182615)
6 (25, 0.040670940568182615)
7 (2, 0.04013643141344396)
8 (8, 0.039466455829013404)
9 (9, 0.03826827341566403)
10 (24, 0.03712982814547408)
11 (0, 0.03634927982960321)
12 (3, 0.03503695720365938)
13 (4, 0.03503695720365938)
14 (18, 0.03503695720365938)
15 (19, 0.03503695720365938)
16 (20, 0.03503695720365938)
17 (21, 0.03503695720365938)
18 (23, 0.03503695720365938)
19 (28, 0.03503695720365938)
20 (32, 0.03503695720365938)
21 (30, 0.030532418725092676)
22 (34, 0.023475872238614283)
23 (35, 0.016943853616408346)
24 (14, 0.010889526945072137)
25 (33, 0.008796656003257443)
26 (16, 0.006393138694646344)
27 (1, 0.005255543580548909)
28 (5, 0.005255543580548909)
29 (7, 0.005255543580548909)
30 (10, 0.005255543580548909)
31 (12, 0.005255543580548909)
32 (13, 0.005255543580548909)
33 (15, 0.005255543580548909)
34 (17, 0.005255543580548909)
35 (22, 0.005255543580548909)
36 (26, 0.005255543580548909)
5
catalogue
1 (23, 0.12264729289735707)
2 (26, 0.10290433783990197)
3 (25, 0.10081496135284164)
4 (14, 0.08075161556755603)
5 (15, 0.07577748760471019)
6 (3, 0.07154891729527275)
7 (34, 0.061379197514509536)
8 (1, 0.04291244638517496)
9 (21, 0.037075905228869194)
10 (32, 0.03236756893528039)
11 (12, 0.029809552148467113)
12 (35, 0.024861166553878863)
13 (6, 0.023736327355951332)
14 (20, 0.021878746077417976)
15 (27, 0.017541497628261106)
16 (17, 0.017352983337707583)
17 (11, 0.017086461553807695)
18 (29, 0.011860464625035332)
19 (9, 0.011207981820144325)
20 (0, 0.008813052186696544)
21 (4, 0.008694282513331068)
22 (30, 0.00698908444868198)
23 (2, 0.006875528999455217)
24 (28, 0.006569800915766005)
25 (10, 0.00604875517676598)
26 (33, 0.0053730963330893685)
27 (31, 0.0051097367969300915)
28 (13, 0.004928126619036996)
29 (5, 0.004818852342862137)
30 (8, 0.004785512293991594)
31 (16, 0.004644720373815287)
32 (24, 0.0046372573618880635)
33 (22, 0.004618517142840935)
34 (7, 0.004526254924234601)
35 (18, 0.004526254924234601)
36 (19, 0.004526254924234601)
6
catalogue
1 (28, 0.13219244500225974)
2 (10, 0.10288062855792936)
3 (9, 0.09647088813913911)
4 (4, 0.07731010138215429)
5 (14, 0.07618047854168049)
6 (15, 0.07574839961961846)
7 (3, 0.07316200774919643)
8 (12, 0.05288643443605618)
9 (23, 0.045574413631684074)
10 (35, 0.03824153579366905)
11 (1, 0.021267366915213155)
12 (27, 0.020760793265415484)
13 (26, 0.02063923215705099)
14 (25, 0.01524054195210531)
15 (11, 0.014701508922753162)
16 (2, 0.01206097959864961)
17 (29, 0.010285317726438136)
18 (21, 0.009979610900841642)
19 (17, 0.00930965036238297)
20 (0, 0.00882002983151317)
21 (6, 0.008725171220849693)
22 (32, 0.007369820584169213)
23 (13, 0.005752228698839369)
24 (34, 0.005529446658871253)
25 (31, 0.005496701694824499)
26 (16, 0.005109167925888886)
27 (33, 0.005081663372301615)
28 (20, 0.005034216242393911)
29 (24, 0.004994961898558967)
30 (8, 0.004965654982924065)
31 (30, 0.004965514259170682)
32 (5, 0.004853381091633312)
33 (22, 0.004699253096993412)
34 (7, 0.004570151262276792)
35 (18, 0.004570151262276792)
36 (19, 0.004570151262276792)
7
catalogue
1 (9, 0.10531874319726083)
2 (34, 0.10001076482531983)
3 (10, 0.0717044409977578)
4 (25, 0.06718172722530143)
5 (35, 0.06660525547986733)
6 (26, 0.06176938199302515)
7 (1, 0.05920098809055549)
8 (20, 0.056215545425094555)
9 (24, 0.041809058369041294)
10 (12, 0.03793873930672367)
11 (2, 0.03638652946222897)
12 (21, 0.03468926822457113)
13 (27, 0.026988869440425306)
14 (17, 0.026558612212742184)
15 (14, 0.023996928014932865)
16 (11, 0.018506306680446227)
17 (15, 0.018031664902957805)
18 (23, 0.01759842825468051)
19 (6, 0.013360992084118464)
20 (3, 0.012246283815261893)
21 (29, 0.012187412698786922)
22 (0, 0.009387054343236816)
23 (32, 0.008518688752320877)
24 (28, 0.007414586076026732)
25 (13, 0.006599251177166521)
26 (4, 0.006573005822095189)
27 (30, 0.006364066572403539)
28 (31, 0.006201113435472719)
29 (8, 0.005202134607822316)
30 (16, 0.005174396910130824)
31 (5, 0.005147896192122797)
32 (7, 0.005129503402572828)
33 (33, 0.005105805503350993)
34 (18, 0.004958852168059378)
35 (19, 0.004958852168059378)
36 (22, 0.004958852168059378)
8
catalogue
1 (24, 0.08707909174082093)
2 (13, 0.08478651606332595)
3 (27, 0.07368031066312526)
4 (17, 0.07321184971702269)
5 (33, 0.07284336361238324)
6 (11, 0.07028332764260715)
7 (8, 0.06336789452482776)
8 (0, 0.06336259595380504)
9 (2, 0.039745967705306605)
10 (4, 0.03383132978320348)
11 (35, 0.033203796031957764)
12 (3, 0.032016143007295265)
13 (14, 0.032016143007295265)
14 (15, 0.032016143007295265)
15 (20, 0.032016143007295265)
16 (21, 0.032016143007295265)
17 (26, 0.032016143007295265)
18 (31, 0.009753908511066856)
19 (28, 0.008085419794494656)
20 (1, 0.007885680017568121)
21 (29, 0.007765957988262462)
22 (25, 0.007554827988123887)
23 (32, 0.0059052519106831645)
24 (30, 0.005720102318226397)
25 (16, 0.00555991431196471)
26 (7, 0.005540842912167273)
27 (12, 0.005513399705436453)
28 (5, 0.0048024214510942916)
29 (6, 0.0048024214510942916)
30 (9, 0.0048024214510942916)
31 (10, 0.0048024214510942916)
32 (18, 0.0048024214510942916)
33 (19, 0.0048024214510942916)
34 (22, 0.0048024214510942916)
35 (23, 0.0048024214510942916)
36 (34, 0.0048024214510942916)
9
catalogue
1 (27, 0.20138964726427383)
2 (11, 0.10002965742841288)
3 (21, 0.09700754190033746)
4 (0, 0.08567831041732192)
5 (35, 0.06362754172930714)
6 (33, 0.0537084513575727)
7 (13, 0.0522830076761048)
8 (3, 0.04409212884130814)
9 (2, 0.0404140094376483)
10 (32, 0.03980004354439717)
11 (34, 0.036661268238881425)
12 (12, 0.01409406149634516)
13 (29, 0.010124344251966769)
14 (6, 0.010106839051824808)
15 (14, 0.009712227895934082)
16 (20, 0.009565207649594828)
17 (28, 0.008534409756469033)
18 (26, 0.008515180094497218)
19 (9, 0.008320060359052738)
20 (23, 0.00827526003330472)
21 (17, 0.007607193636235977)
22 (31, 0.00724600578169649)
23 (4, 0.006954820262209518)
24 (24, 0.006323082273101422)
25 (8, 0.0062821137211375305)
26 (15, 0.006233679433556056)
27 (25, 0.006227654930981046)
28 (1, 0.006220903936196446)
29 (30, 0.006057086085925181)
30 (5, 0.005854555885703077)
31 (16, 0.005703117630397686)
32 (7, 0.005697197047509635)
33 (10, 0.0054133477376987205)
34 (18, 0.0054133477376987205)
35 (19, 0.0054133477376987205)
36 (22, 0.0054133477376987205)
10
catalogue
1 (1, 0.08449493619168695)
2 (17, 0.08234999308072759)
3 (23, 0.08062408113918332)
4 (3, 0.07834929759058853)
5 (15, 0.07686176528730307)
6 (14, 0.07657007641539752)
7 (4, 0.07459107835617429)
8 (12, 0.07382527485491319)
9 (28, 0.04497585337451696)
10 (25, 0.044314701870435305)
11 (26, 0.041758572619022716)
12 (9, 0.040842327876317114)
13 (10, 0.039249630257138846)
14 (21, 0.015772139728931378)
15 (27, 0.014649037293564036)
16 (11, 0.012749615300629569)
17 (34, 0.011567242451895962)
18 (30, 0.00932117981264044)
19 (2, 0.008325608782335701)
20 (0, 0.008104980898446197)
21 (6, 0.008077244121182409)
22 (35, 0.006312016939618547)
23 (32, 0.0062654381175847)
24 (20, 0.005806690105740113)
25 (29, 0.005625669371592298)
26 (13, 0.004807166431768471)
27 (31, 0.004779869084030963)
28 (33, 0.004610469863600482)
29 (16, 0.004485751630757636)
30 (5, 0.004477025841802053)
31 (8, 0.004398522585093716)
32 (24, 0.004295561448991155)
33 (22, 0.004261181276388709)
34 (7, 0.0041666666666666675)
35 (18, 0.0041666666666666675)
36 (19, 0.0041666666666666675)
-----one service finish-----
3
1
orders
1 (15, 0.07873283879428752)
2 (11, 0.07708950657713448)
3 (6, 0.07678740810397819)
4 (21, 0.07419015274408707)
5 (4, 0.07290993183097301)
6 (1, 0.06624925246715785)
7 (3, 0.06595871730839599)
8 (13, 0.06257282639404203)
9 (12, 0.05617326808473714)
10 (30, 0.04403517595949063)
11 (19, 0.0411103168883741)
12 (26, 0.03906530057689379)
13 (18, 0.0383896930013701)
14 (23, 0.035254700439907506)
15 (8, 0.022458541044967785)
16 (9, 0.020618607039374914)
17 (25, 0.01754746106760117)
18 (14, 0.013563504021681697)
19 (31, 0.013446888826433486)
20 (27, 0.011384617579633664)
21 (29, 0.007985790623086403)
22 (5, 0.007328227664323475)
23 (0, 0.007172661832598959)
24 (32, 0.006467600473470876)
25 (28, 0.005428716331305021)
26 (2, 0.004953860358560742)
27 (24, 0.004945356340480687)
28 (10, 0.004880832112212041)
29 (7, 0.0047719223784323675)
30 (20, 0.00472911106973425)
31 (16, 0.004599070688424383)
32 (17, 0.004599070688424383)
33 (22, 0.004599070688424383)
2
orders
1 (15, 0.1453581663290135)
2 (4, 0.09794095576363869)
3 (3, 0.08868077539748492)
4 (13, 0.08426313189867721)
5 (1, 0.06192235772584269)
6 (6, 0.06047635971677416)
7 (21, 0.05682759192632199)
8 (9, 0.04852559490900267)
9 (8, 0.04695639740754938)
10 (26, 0.04299833911396979)
11 (24, 0.04067395935031631)
12 (12, 0.035804294676058564)
13 (11, 0.023917189016146752)
14 (27, 0.018965225148159157)
15 (25, 0.015166020501168644)
16 (14, 0.014672689511651191)
17 (31, 0.013764354393611577)
18 (18, 0.011237474148180842)
19 (28, 0.008632840202064463)
20 (32, 0.008083679072365233)
21 (0, 0.0074480281462521855)
22 (29, 0.007242440275240694)
23 (30, 0.0063125995207493745)
24 (5, 0.005976373452538738)
25 (19, 0.0057633529815684275)
26 (23, 0.005648489544974569)
27 (2, 0.005470095102504021)
28 (7, 0.005290872362792397)
29 (10, 0.005284029654123733)
30 (20, 0.005259382131581465)
31 (16, 0.005145646873225571)
32 (17, 0.005145646873225571)
33 (22, 0.005145646873225571)
3
orders
1 (25, 0.11891946074150386)
2 (31, 0.0910483372628476)
3 (14, 0.070514463621982)
4 (15, 0.06989571670125594)
5 (0, 0.05730689669803481)
6 (30, 0.05652164505787454)
7 (26, 0.04753847403359177)
8 (32, 0.047191412285664446)
9 (19, 0.04567237913277942)
10 (6, 0.04471063642152819)
11 (1, 0.039882626009269576)
12 (11, 0.03919105211434232)
13 (5, 0.037531362437184905)
14 (8, 0.02742892175064455)
15 (12, 0.026692644775596)
16 (29, 0.024690991091303183)
17 (21, 0.01902539516058542)
18 (9, 0.014636690818131499)
19 (23, 0.014116404346479058)
20 (27, 0.01285517755276263)
21 (13, 0.012757245485020314)
22 (3, 0.01235998483558845)
23 (2, 0.007000878597327777)
24 (7, 0.006832665639209922)
25 (24, 0.006764897401521724)
26 (20, 0.006700428766950549)
27 (10, 0.006534248851541196)
28 (16, 0.006285673323721626)
29 (4, 0.005878657817151348)
30 (17, 0.005878657817151348)
31 (18, 0.005878657817151348)
32 (22, 0.005878657817151348)
33 (28, 0.005878657817151348)
4
orders
1 (7, 0.14111677162681344)
2 (29, 0.09198600724181887)
3 (14, 0.07753277226371962)
4 (15, 0.05792092859718287)
5 (8, 0.05739596908120522)
6 (11, 0.05301929120004894)
7 (26, 0.05029981075515272)
8 (6, 0.04615963799876099)
9 (24, 0.04515292504796936)
10 (18, 0.04409434551545945)
11 (23, 0.03826501205454016)
12 (21, 0.03654036055450029)
13 (4, 0.0333482351223472)
14 (30, 0.02981104220709816)
15 (0, 0.025508935254327892)
16 (25, 0.022047940522234098)
17 (12, 0.017965725961917957)
18 (31, 0.015715532267540615)
19 (27, 0.012530686018935948)
20 (9, 0.012447020851726115)
21 (13, 0.011914643373410461)
22 (32, 0.00972383647809021)
23 (5, 0.008496175967086413)
24 (1, 0.007354945897013789)
25 (2, 0.006590189199762193)
26 (10, 0.006057282909059645)
27 (3, 0.006009644219420715)
28 (20, 0.005943141254782996)
29 (16, 0.005934060401854409)
30 (28, 0.005914832381889061)
31 (19, 0.005897288034468346)
32 (17, 0.005652504869930929)
33 (22, 0.005652504869930929)
5
orders
1 (5, 0.0854439399221555)
2 (25, 0.05610414499107773)
3 (29, 0.03966853721964662)
4 (16, 0.03798826502375738)
5 (1, 0.03654829396855387)
6 (3, 0.03654829396855387)
7 (4, 0.03654829396855387)
8 (8, 0.03654829396855387)
9 (9, 0.03654829396855387)
10 (13, 0.03654829396855387)
11 (15, 0.03654829396855387)
12 (18, 0.03654829396855387)
13 (19, 0.03654829396855387)
14 (21, 0.03654829396855387)
15 (23, 0.03654829396855387)
16 (24, 0.03654829396855387)
17 (26, 0.03654829396855387)
18 (27, 0.03654829396855387)
19 (28, 0.03654829396855387)
20 (30, 0.03654829396855387)
21 (31, 0.03654829396855387)
22 (32, 0.03654829396855387)
23 (0, 0.029913506074604315)
24 (14, 0.022629795652780605)
25 (6, 0.01672339103511498)
26 (7, 0.011102817565199033)
27 (2, 0.008262032233348145)
28 (10, 0.0068830583719304604)
29 (11, 0.005482244095283082)
30 (12, 0.005482244095283082)
31 (17, 0.005482244095283082)
32 (20, 0.005482244095283082)
33 (22, 0.005482244095283082)
6
orders
1 (29, 0.142892014381681)
2 (14, 0.09057774132518072)
3 (24, 0.08739781814875693)
4 (23, 0.0783596102997766)
5 (25, 0.07763086361598595)
6 (6, 0.07688143345753859)
7 (11, 0.07574556527547166)
8 (1, 0.06117536211445465)
9 (27, 0.04135584924623446)
10 (15, 0.037023450405492216)
11 (26, 0.03702252621170043)
12 (21, 0.022087396599113438)
13 (12, 0.021057222454183202)
14 (13, 0.016793431102172247)
15 (31, 0.014445715708215727)
16 (3, 0.011991009823921622)
17 (8, 0.010771777148568475)
18 (18, 0.01040129289533769)
19 (32, 0.0071133576462653995)
20 (0, 0.00676311535490191)
21 (4, 0.0064576193528444095)
22 (5, 0.006339650309341115)
23 (30, 0.0060830882228632335)
24 (28, 0.005944715068071146)
25 (9, 0.005616348967392027)
26 (2, 0.005457872513183529)
27 (19, 0.0054389859152435506)
28 (7, 0.005312097966788008)
29 (10, 0.0052533891447783245)
30 (20, 0.005232697209132311)
31 (16, 0.005125660705136516)
32 (17, 0.005125660705136516)
33 (22, 0.005125660705136516)
7
orders
1 (6, 0.07289998290443386)
2 (4, 0.07100199282701544)
3 (11, 0.06967531256981409)
4 (18, 0.06943129550934699)
5 (19, 0.06544032566274732)
6 (24, 0.06534641562315599)
7 (12, 0.06442685026176725)
8 (1, 0.06416662052544564)
9 (23, 0.061658616152406295)
10 (3, 0.05840194424068834)
11 (8, 0.04849252812953185)
12 (26, 0.041377563877821884)
13 (15, 0.03401860084408714)
14 (13, 0.032798132408772246)
15 (21, 0.030155419594183015)
16 (9, 0.01976591326774435)
17 (25, 0.016703378441589724)
18 (31, 0.014908070449398438)
19 (0, 0.012315750597043882)
20 (5, 0.010431935695271267)
21 (27, 0.009736828556231406)
22 (29, 0.007948626693797416)
23 (32, 0.007481445773689564)
24 (14, 0.007070040135199037)
25 (30, 0.0057234994362120074)
26 (28, 0.005089728423397313)
27 (2, 0.00497202937901845)
28 (7, 0.004889942783044294)
29 (10, 0.00486884590653974)
30 (20, 0.004816312421577451)
31 (16, 0.004662016969676112)
32 (17, 0.004662016969676112)
33 (22, 0.004662016969676112)
8
orders
1 (5, 0.11899564278706498)
2 (25, 0.08011809563565563)
3 (8, 0.06136232431170067)
4 (29, 0.05900497067118481)
5 (0, 0.058931198853459384)
6 (14, 0.047106498063524856)
7 (19, 0.046412616937843106)
8 (24, 0.046412616937843106)
9 (31, 0.046412616937843106)
10 (26, 0.043543600070693654)
11 (1, 0.03974946704626253)
12 (11, 0.03974946704626253)
13 (15, 0.03974946704626253)
14 (21, 0.03974946704626253)
15 (30, 0.03974946704626253)
16 (6, 0.036373912298584415)
17 (12, 0.027345827516701376)
18 (13, 0.014385737870518037)
19 (9, 0.013413195474676145)
20 (27, 0.012625569948519951)
21 (3, 0.009533311655642186)
22 (7, 0.00931787963800027)
23 (2, 0.008177628289866568)
24 (10, 0.007092234483377172)
25 (16, 0.006987825930472857)
26 (4, 0.005962420056939381)
27 (17, 0.005962420056939381)
28 (18, 0.005962420056939381)
29 (20, 0.005962420056939381)
30 (22, 0.005962420056939381)
31 (23, 0.005962420056939381)
32 (28, 0.005962420056939381)
33 (32, 0.005962420056939381)
9
orders
1 (25, 0.12245252426165074)
2 (31, 0.09620377068759887)
3 (14, 0.07178326327801186)
4 (15, 0.07165135735961303)
5 (0, 0.05680253623727136)
6 (30, 0.05658462375912657)
7 (32, 0.050337708742345326)
8 (26, 0.04845385380820114)
9 (19, 0.046274155342884156)
10 (6, 0.04317708795909519)
11 (1, 0.040450162083426375)
12 (11, 0.03966781400446284)
13 (5, 0.03958925699425335)
14 (8, 0.028131876481970543)
15 (12, 0.026515917832264382)
16 (29, 0.025963288025541275)
17 (9, 0.014822779261954704)
18 (24, 0.013550214967205342)
19 (27, 0.013042153816424392)
20 (3, 0.012556513439090743)
21 (7, 0.007181691568171713)
22 (2, 0.0071787757161045)
23 (20, 0.006972573932564349)
24 (10, 0.006637038548904941)
25 (16, 0.006417685086506935)
26 (4, 0.005950172100669427)
27 (13, 0.005950172100669427)
28 (17, 0.005950172100669427)
29 (18, 0.005950172100669427)
30 (21, 0.005950172100669427)
31 (22, 0.005950172100669427)
32 (23, 0.005950172100669427)
33 (28, 0.005950172100669427)
10
orders
1 (5, 0.11427363362058791)
2 (6, 0.1077416437305453)
3 (15, 0.09423717223128929)
4 (25, 0.06561799177949454)
5 (26, 0.058834450045681046)
6 (19, 0.05412352310732922)
7 (24, 0.05412352310732922)
8 (31, 0.05412352310732922)
9 (30, 0.046347461584564945)
10 (1, 0.0454366271295604)
11 (29, 0.044372642793300464)
12 (8, 0.038298721492563026)
13 (12, 0.0352603338761431)
14 (14, 0.018201163592958435)
15 (9, 0.01790110000561155)
16 (3, 0.015502390047202882)
17 (27, 0.015502390047202882)
18 (7, 0.010104024654524722)
19 (20, 0.009165287275598217)
20 (2, 0.008912859183773084)
21 (0, 0.008078579593096935)
22 (10, 0.007953438471880864)
23 (16, 0.007732578828092048)
24 (4, 0.00681549406943406)
25 (11, 0.00681549406943406)
26 (13, 0.00681549406943406)
27 (17, 0.00681549406943406)
28 (18, 0.00681549406943406)
29 (21, 0.00681549406943406)
30 (22, 0.00681549406943406)
31 (23, 0.00681549406943406)
32 (28, 0.00681549406943406)
33 (32, 0.00681549406943406)
-----one service finish-----
4
1
carts
1 (6, 0.06583837710713622)
2 (15, 0.06461880374959725)
3 (24, 0.06226707489406616)
4 (26, 0.055163602368526875)
5 (11, 0.05328701381803086)
6 (9, 0.05226727235598796)
7 (4, 0.05087851928400065)
8 (8, 0.04865368456620261)
9 (32, 0.04831702300887116)
10 (21, 0.04767970695417552)
11 (1, 0.04575538671416251)
12 (3, 0.04537187087059529)
13 (28, 0.03993820619436799)
14 (23, 0.037931498155301814)
15 (19, 0.03777332659829901)
16 (31, 0.0365815732661839)
17 (13, 0.03596893700490335)
18 (18, 0.03420267997335713)
19 (12, 0.03359586275334481)
20 (20, 0.015866323736289913)
21 (14, 0.0118534749674841)
22 (29, 0.008813428325087696)
23 (33, 0.008093337482366583)
24 (10, 0.007226407926083527)
25 (0, 0.006706973445301325)
26 (17, 0.005960244782902419)
27 (2, 0.005912990773408031)
28 (25, 0.005204310589411298)
29 (5, 0.004981876276410248)
30 (7, 0.004921865980034987)
31 (22, 0.004728476836512185)
32 (16, 0.00454662308053222)
33 (27, 0.00454662308053222)
34 (30, 0.00454662308053222)
2
carts
1 (11, 0.14982074242208576)
2 (8, 0.10920249206988428)
3 (31, 0.1059645690142332)
4 (1, 0.08295018661142187)
5 (9, 0.06993161253484106)
6 (15, 0.0691556845028271)
7 (21, 0.047763437033035296)
8 (32, 0.03761588753281586)
9 (3, 0.03266471141142343)
10 (4, 0.028304277755046247)
11 (18, 0.021959479872925597)
12 (20, 0.021667409902144972)
13 (28, 0.02030877201083059)
14 (6, 0.017194931921618455)
15 (19, 0.01621732804340571)
16 (14, 0.01564731825704987)
17 (29, 0.015374273840136739)
18 (33, 0.014324219050415013)
19 (10, 0.012803229295696224)
20 (26, 0.012376520574265788)
21 (23, 0.010980725963108512)
22 (17, 0.010324855158311904)
23 (12, 0.010220713213443932)
24 (0, 0.00923432138005442)
25 (2, 0.007697783617277792)
26 (22, 0.0064457045541570735)
27 (25, 0.006164171557914172)
28 (7, 0.006025222589051041)
29 (5, 0.005825440753418812)
30 (24, 0.005329283049776134)
31 (13, 0.005126173626845796)
32 (16, 0.005126173626845796)
33 (27, 0.005126173626845796)
34 (30, 0.005126173626845796)
3
carts
1 (18, 0.10625611624320429)
2 (19, 0.09641556120966274)
3 (15, 0.09129585363656477)
4 (3, 0.07460201541681313)
5 (1, 0.07174639699694593)
6 (4, 0.07120766038041852)
7 (11, 0.06408402348761025)
8 (9, 0.049635139753876706)
9 (8, 0.047939782153897915)
10 (21, 0.0464977955578464)
11 (32, 0.03878024820517738)
12 (26, 0.03635048455845575)
13 (12, 0.0240423642682906)
14 (13, 0.021211039242601162)
15 (6, 0.017389543715536162)
16 (28, 0.014851161982243986)
17 (20, 0.014268103809620106)
18 (14, 0.012627772961999288)
19 (23, 0.010299618433525646)
20 (31, 0.009546769076465534)
21 (29, 0.008654605912207484)
22 (33, 0.008183289730412003)
23 (0, 0.006762598450119693)
24 (10, 0.006751505114642717)
25 (2, 0.005740122445478711)
26 (17, 0.005479993206725979)
27 (24, 0.005284508260050089)
28 (5, 0.005086950132057933)
29 (7, 0.005081298519331089)
30 (25, 0.004887851916984123)
31 (22, 0.004869015317413503)
32 (16, 0.0047236033012734505)
33 (27, 0.0047236033012734505)
34 (30, 0.0047236033012734505)
4
carts
1 (21, 0.09503232287944859)
2 (1, 0.08754808122441052)
3 (11, 0.08396230688863171)
4 (6, 0.08132304741625487)
5 (23, 0.08070181165021865)
6 (15, 0.08023156522135151)
7 (9, 0.07987186693964825)
8 (3, 0.053922061986471086)
9 (28, 0.053201766125951074)
10 (8, 0.04581590808113058)
11 (4, 0.042455870470494664)
12 (24, 0.03431734154625043)
13 (18, 0.02593841720268813)
14 (19, 0.024845141821103124)
15 (32, 0.013659134989341608)
16 (14, 0.012968735917438589)
17 (29, 0.01017743984113711)
18 (0, 0.00916313981098022)
19 (12, 0.008967070966309266)
20 (31, 0.0072491589101295216)
21 (33, 0.006261169631382891)
22 (26, 0.005787775490297973)
23 (10, 0.00540335845217602)
24 (13, 0.0049621111341662935)
25 (20, 0.004924581544073529)
26 (5, 0.00484913155009342)
27 (2, 0.0047942567876037455)
28 (7, 0.004702566148956259)
29 (17, 0.0046877988516834885)
30 (22, 0.004500916123651614)
31 (25, 0.004490294983053195)
32 (27, 0.004460320001707474)
33 (16, 0.004411764705882354)
34 (30, 0.004411764705882354)
5
carts
1 (6, 0.08867242663408631)
2 (11, 0.08137407529100152)
3 (9, 0.07024560616160544)
4 (8, 0.06845851296545594)
5 (18, 0.06668244122536938)
6 (15, 0.06541133480043658)
7 (1, 0.06355608149676464)
8 (28, 0.05662567450161484)
9 (32, 0.05369273905996085)
10 (13, 0.04600898906978213)
11 (12, 0.04527481897529859)
12 (3, 0.04482495495693379)
13 (19, 0.040247245069028964)
14 (26, 0.03425218048482188)
15 (21, 0.03178914175112449)
16 (4, 0.019271019849727046)
17 (14, 0.014247485321382106)
18 (29, 0.01081096177775534)
19 (23, 0.01078888721232725)
20 (0, 0.010004667270063739)
21 (31, 0.0077355966663569305)
22 (33, 0.007603131495383855)
23 (10, 0.006301248076084733)
24 (7, 0.005969950585108389)
25 (2, 0.005752824411901656)
26 (5, 0.0052329011052540285)
27 (24, 0.005217316807749551)
28 (20, 0.005163574322874005)
29 (17, 0.005144650262126431)
30 (22, 0.004808692371205672)
31 (25, 0.004800869046370601)
32 (27, 0.004729892401296361)
33 (16, 0.004650054286873524)
34 (30, 0.004650054286873524)
6
carts
1 (23, 0.0819244614769352)
2 (15, 0.08181693793927719)
3 (19, 0.08115364705755035)
4 (1, 0.07570767282458775)
5 (18, 0.07241982542796553)
6 (3, 0.06787570557111519)
7 (4, 0.0598675503035123)
8 (24, 0.05889548125200172)
9 (11, 0.057929027620023)
10 (9, 0.051283826303654745)
11 (8, 0.0499161278964151)
12 (21, 0.045267398503242205)
13 (6, 0.02964747016191188)
14 (32, 0.021947320982043644)
15 (31, 0.017753956344654022)
16 (20, 0.015706524559449424)
17 (28, 0.014562557331350463)
18 (14, 0.011336174413235348)
19 (29, 0.01015649210488178)
20 (12, 0.009818356709561873)
21 (26, 0.009113107009683825)
22 (5, 0.008688662896233178)
23 (33, 0.008480133111957448)
24 (10, 0.006744169139889283)
25 (2, 0.006482307988106507)
26 (0, 0.005973555168911711)
27 (17, 0.00578126992858826)
28 (13, 0.005236661937315356)
29 (7, 0.00495332162294374)
30 (25, 0.004941802722527837)
31 (22, 0.004738445740497115)
32 (16, 0.004626682649992323)
33 (27, 0.004626682649992323)
34 (30, 0.004626682649992323)
7
carts
1 (13, 0.12950981729263383)
2 (12, 0.10828337009374574)
3 (4, 0.0775769566484233)
4 (3, 0.07143941901680208)
5 (24, 0.07015599247335372)
6 (23, 0.06696709118804066)
7 (11, 0.06640499333701848)
8 (1, 0.05305379754886518)
9 (29, 0.04939033420167242)
10 (26, 0.04268229904699978)
11 (15, 0.034846218528283006)
12 (21, 0.02697877653184132)
13 (20, 0.020678522621127474)
14 (32, 0.01976367175644365)
15 (6, 0.01793671787409372)
16 (14, 0.01680975061911754)
17 (31, 0.011487232373899073)
18 (0, 0.011474064361968966)
19 (33, 0.011155223075814288)
20 (19, 0.010786825215797172)
21 (9, 0.009850580519183926)
22 (10, 0.008198163533308107)
23 (2, 0.006090679357521867)
24 (28, 0.00598344974420703)
25 (17, 0.005914351883844908)
26 (25, 0.005590281645074022)
27 (18, 0.005570664131579427)
28 (5, 0.0053497339973217805)
29 (22, 0.00516010942870305)
30 (7, 0.005151748528334535)
31 (8, 0.005122201418250792)
32 (16, 0.004878987335576376)
33 (27, 0.004878987335576376)
34 (30, 0.004878987335576376)
8
carts
1 (1, 0.09153704126826866)
2 (32, 0.08905827710332918)
3 (11, 0.08485122927880015)
4 (15, 0.08111446010634397)
5 (3, 0.07791393430769905)
6 (12, 0.07594128656793953)
7 (13, 0.0756068925287632)
8 (23, 0.043463680125783055)
9 (9, 0.04229548343391357)
10 (24, 0.041663918012315594)
11 (8, 0.041508980895419455)
12 (18, 0.03646666812347455)
13 (26, 0.03229858953947207)
14 (21, 0.028586440492069556)
15 (6, 0.02591854792332878)
16 (28, 0.01722363596820975)
17 (14, 0.013006209509803461)
18 (29, 0.011300354521882152)
19 (0, 0.009225743376533606)
20 (4, 0.007840784978456538)
21 (33, 0.007622611576567729)
22 (31, 0.006977389745829707)
23 (19, 0.005827412953298514)
24 (10, 0.005354961220352002)
25 (7, 0.005330120108663119)
26 (5, 0.0050711724731526756)
27 (2, 0.004900347774965265)
28 (20, 0.0048592621191566295)
29 (17, 0.004776718687716099)
30 (22, 0.004567194360110092)
31 (25, 0.004542556019971073)
32 (16, 0.0044493649661370704)
33 (27, 0.0044493649661370704)
34 (30, 0.0044493649661370704)
9
carts
1 (23, 0.1231969008873034)
2 (24, 0.07733287856574754)
3 (11, 0.06850037097719082)
4 (8, 0.06102170566473121)
5 (28, 0.057954995142097177)
6 (1, 0.05010043818223518)
7 (15, 0.04960569995341049)
8 (26, 0.04879199934779815)
9 (21, 0.04492445273653708)
10 (3, 0.04376036546789688)
11 (18, 0.04180537748955356)
12 (31, 0.04117316816162758)
13 (6, 0.03741798606289228)
14 (9, 0.035149260925990064)
15 (32, 0.03437233056335196)
16 (14, 0.02243005165668996)
17 (29, 0.021946765622816163)
18 (33, 0.01637039688513889)
19 (0, 0.01567391257177797)
20 (10, 0.012257890685288752)
21 (12, 0.01093558483723515)
22 (17, 0.008760091675105853)
23 (2, 0.008280339122784168)
24 (20, 0.008087583687768053)
25 (4, 0.007664429732860775)
26 (25, 0.006614572564732211)
27 (5, 0.006525970818193594)
28 (7, 0.006291738530058213)
29 (22, 0.005778807057845095)
30 (19, 0.0056997555548291955)
31 (13, 0.005393544717128119)
32 (16, 0.005393544717128119)
33 (27, 0.005393544717128119)
34 (30, 0.005393544717128119)
10
carts
1 (3, 0.10179053053368226)
2 (18, 0.07612316320155807)
3 (4, 0.0749678760302073)
4 (23, 0.07454765098031184)
5 (24, 0.07362032276663567)
6 (15, 0.051679354548286385)
7 (19, 0.04686980351988759)
8 (31, 0.044736403443139436)
9 (11, 0.04026778588885393)
10 (17, 0.03853974068964146)
11 (12, 0.037120541876523624)
12 (8, 0.03530392334568375)
13 (6, 0.032535438844234196)
14 (9, 0.03236873115545239)
15 (1, 0.029809736588836934)
16 (21, 0.027064801964842962)
17 (32, 0.020079954897143683)
18 (10, 0.018894949271312106)
19 (14, 0.017809359685036826)
20 (28, 0.01689689334548482)
21 (33, 0.014781770060582317)
22 (2, 0.01334906397291345)
23 (29, 0.012915453565936805)
24 (20, 0.010610783507906323)
25 (26, 0.007524464825719805)
26 (0, 0.0068720917649101486)
27 (25, 0.006664251786362642)
28 (5, 0.005805045900759049)
29 (7, 0.005696783479604783)
30 (22, 0.00523206525200894)
31 (13, 0.004880315826635131)
32 (16, 0.004880315826635131)
33 (27, 0.004880315826635131)
34 (30, 0.004880315826635131)
-----one service finish-----
5
1
payment
1 (32, 0.15274320693612933)
2 (0, 0.09448770026228259)
3 (15, 0.08410043979754832)
4 (7, 0.06029930857507907)
5 (33, 0.05386479697937401)
6 (19, 0.05009204327799024)
7 (22, 0.04936695791149189)
8 (1, 0.04466435198472806)
9 (9, 0.043917696044578486)
10 (24, 0.04383230085508125)
11 (3, 0.04317143516521968)
12 (28, 0.042701764764548726)
13 (13, 0.042083518497394494)
14 (6, 0.03375923068074563)
15 (12, 0.029111479156434746)
16 (20, 0.013185522512492465)
17 (16, 0.010486131195710903)
18 (26, 0.009360114560235043)
19 (27, 0.008097518000603095)
20 (25, 0.007137030586518828)
21 (11, 0.00697024232420916)
22 (5, 0.006904439762112898)
23 (10, 0.006815361687223937)
24 (4, 0.006494354808414943)
25 (21, 0.0061565764762239105)
26 (2, 0.006051987025770402)
27 (31, 0.006019436709835134)
28 (8, 0.00544643620886042)
29 (14, 0.00544643620886042)
30 (17, 0.00544643620886042)
31 (18, 0.00544643620886042)
32 (23, 0.00544643620886042)
33 (29, 0.00544643620886042)
34 (30, 0.00544643620886042)
2
payment
1 (9, 0.15277961422455585)
2 (10, 0.11268977916317192)
3 (32, 0.10707486961104952)
4 (0, 0.08082246198151248)
5 (15, 0.07208096966126612)
6 (6, 0.06149269269289223)
7 (22, 0.0514527540669281)
8 (33, 0.04794040621415839)
9 (19, 0.04377420371534495)
10 (28, 0.04101214948632876)
11 (16, 0.031831303936106815)
12 (1, 0.029504900156119247)
13 (12, 0.018752270948470224)
14 (24, 0.013005475774567508)
15 (3, 0.011716823621997087)
16 (13, 0.010610368596046135)
17 (20, 0.00858552112372396)
18 (7, 0.008339873018466244)
19 (26, 0.008202961785830298)
20 (25, 0.007645940807002634)
21 (27, 0.006909897394464673)
22 (5, 0.0064806111450454425)
23 (4, 0.006361698519546413)
24 (11, 0.006339118885565038)
25 (21, 0.006027521939091021)
26 (31, 0.005702028279800519)
27 (2, 0.00567690329746291)
28 (8, 0.005608984681693094)
29 (14, 0.005262982545298736)
30 (17, 0.005262982545298736)
31 (18, 0.005262982545298736)
32 (23, 0.005262982545298736)
33 (29, 0.005262982545298736)
34 (30, 0.005262982545298736)
3
payment
1 (1, 0.0622337648670202)
2 (28, 0.03867226752458419)
3 (11, 0.03626889800552646)
4 (31, 0.036154012378239016)
5 (2, 0.03373794714507075)
6 (3, 0.03373794714507075)
7 (4, 0.03373794714507075)
8 (5, 0.03373794714507075)
9 (6, 0.03373794714507075)
10 (9, 0.03373794714507075)
11 (10, 0.03373794714507075)
12 (12, 0.03373794714507075)
13 (13, 0.03373794714507075)
14 (14, 0.03373794714507075)
15 (16, 0.03373794714507075)
16 (17, 0.03373794714507075)
17 (18, 0.03373794714507075)
18 (19, 0.03373794714507075)
19 (20, 0.03373794714507075)
20 (22, 0.03373794714507075)
21 (23, 0.03373794714507075)
22 (24, 0.03373794714507075)
23 (25, 0.03373794714507075)
24 (27, 0.03373794714507075)
25 (32, 0.03373794714507075)
26 (33, 0.03373794714507075)
27 (7, 0.029225759859179617)
28 (15, 0.014656972993300144)
29 (26, 0.010126810326511446)
30 (0, 0.007665653420694638)
31 (8, 0.007578947218105787)
32 (21, 0.005060692071760614)
33 (29, 0.005060692071760614)
34 (30, 0.005060692071760614)
4
payment
1 (19, 0.12764599132219773)
2 (20, 0.09274364784126785)
3 (13, 0.08288420238724378)
4 (14, 0.07505661113274593)
5 (12, 0.0676652378947168)
6 (1, 0.06277708258187661)
7 (32, 0.06128879435321712)
8 (3, 0.05594438624472639)
9 (28, 0.047306039593764344)
10 (6, 0.041045302096648514)
11 (9, 0.03940330696873862)
12 (22, 0.03457911038366118)
13 (16, 0.02747616886214427)
14 (24, 0.022276422561621472)
15 (4, 0.020297339243936677)
16 (33, 0.016035965742706233)
17 (25, 0.012723407147336746)
18 (0, 0.011992012214306942)
19 (15, 0.01184497947465446)
20 (29, 0.00964302573833909)
21 (26, 0.00899258329414901)
22 (11, 0.006342954480029271)
23 (5, 0.005941015458316755)
24 (10, 0.005598965557860554)
25 (21, 0.005515290303059057)
26 (27, 0.005508818978006215)
27 (7, 0.005448141506212599)
28 (2, 0.005264907689047071)
29 (31, 0.005263566218864589)
30 (8, 0.005232620513667651)
31 (17, 0.005065525553734131)
32 (18, 0.005065525553734131)
33 (23, 0.005065525553734131)
34 (30, 0.005065525553734131)
5
payment
1 (16, 0.16210418518283418)
2 (32, 0.13249419678696114)
3 (22, 0.09766620845738762)
4 (33, 0.06033674424390923)
5 (6, 0.054098815995054665)
6 (9, 0.05126751356571154)
7 (20, 0.0505118276366106)
8 (0, 0.04600031412861383)
9 (14, 0.04584898361877204)
10 (26, 0.041896046490441416)
11 (15, 0.03360151729605934)
12 (5, 0.02391053418038543)
13 (27, 0.02004251231947514)
14 (8, 0.016950919731697517)
15 (11, 0.01536410158395469)
16 (4, 0.01373167534126082)
17 (1, 0.012549841919735403)
18 (24, 0.012525908025963501)
19 (28, 0.012525908025963501)
20 (7, 0.008215523134514792)
21 (10, 0.007758805771116553)
22 (2, 0.007431326084433228)
23 (21, 0.007148206766539154)
24 (12, 0.006556244113054285)
25 (31, 0.006537254834501472)
26 (3, 0.005880542751672097)
27 (13, 0.005880542751672097)
28 (17, 0.005880542751672097)
29 (18, 0.005880542751672097)
30 (19, 0.005880542751672097)
31 (23, 0.005880542751672097)
32 (25, 0.005880542751672097)
33 (29, 0.005880542751672097)
34 (30, 0.005880542751672097)
6
payment
1 (19, 0.15064827204562842)
2 (20, 0.10572716218006378)
3 (12, 0.09011271658260755)
4 (6, 0.07697767167427044)
5 (24, 0.05324410692715076)
6 (9, 0.045531295836547886)
7 (1, 0.04367588066253194)
8 (7, 0.042241496302602426)
9 (10, 0.04166826886294946)
10 (16, 0.040048362209127414)
11 (3, 0.03933397912940559)
12 (15, 0.03742032491552467)
13 (5, 0.03608067879484632)
14 (27, 0.035700919555204734)
15 (0, 0.03235236297734168)
16 (22, 0.014425019766494959)
17 (32, 0.010348283231568806)
18 (13, 0.009909060373918574)
19 (28, 0.009909060373918572)
20 (26, 0.007949386259536801)
21 (11, 0.006520799291698409)
22 (21, 0.00623636200439241)
23 (31, 0.00615566857342285)
24 (4, 0.005818843998036058)
25 (33, 0.005523964072458212)
26 (23, 0.005506719692863604)
27 (30, 0.005476291350181035)
28 (2, 0.005065291765100968)
29 (8, 0.005065291765100968)
30 (14, 0.005065291765100968)
31 (17, 0.005065291765100968)
32 (18, 0.005065291765100968)
33 (25, 0.005065291765100968)
34 (29, 0.005065291765100968)
7
payment
1 (32, 0.1400036222456447)
2 (0, 0.09634097015977446)
3 (15, 0.08933332492412317)
4 (7, 0.07463891988704847)
5 (22, 0.06718389342967208)
6 (6, 0.05619965954229257)
7 (33, 0.05233182563418058)
8 (24, 0.03999060349246622)
9 (12, 0.03987959461490577)
10 (3, 0.039790730519481246)
11 (28, 0.03925748671891754)
12 (13, 0.03884812352844274)
13 (1, 0.03476797162259009)
14 (16, 0.03215492717319774)
15 (9, 0.02438766934807507)
16 (10, 0.019612306768086875)
17 (19, 0.013897491610203653)
18 (20, 0.009004380023247466)
19 (26, 0.008046243243942007)
20 (27, 0.006785280812672667)
21 (11, 0.006461475538786014)
22 (25, 0.006248506802932225)
23 (5, 0.006228320431235254)
24 (4, 0.006043228625507578)
25 (21, 0.005770048782736782)
26 (2, 0.00548730971157074)
27 (31, 0.0054301633964389485)
28 (8, 0.005393617024296693)
29 (14, 0.005080384064588437)
30 (17, 0.005080384064588437)
31 (18, 0.005080384064588437)
32 (23, 0.005080384064588437)
33 (29, 0.005080384064588437)
34 (30, 0.005080384064588437)
8
payment
1 (32, 0.16386276746687775)
2 (3, 0.08657260559460654)
3 (0, 0.07602513945241249)
4 (16, 0.06605950406860117)
5 (15, 0.061517722838773055)
6 (22, 0.05690325107354263)
7 (7, 0.04874143044347135)
8 (28, 0.04711083514672882)
9 (19, 0.04173654593825105)
10 (13, 0.04087047884538555)
11 (6, 0.04078342159121647)
12 (1, 0.03902666315964021)
13 (14, 0.03178518770788416)
14 (33, 0.024825243957528387)
15 (12, 0.02123967457354736)
16 (5, 0.017362374535534686)
17 (24, 0.017178767721642577)
18 (9, 0.012556627673070779)
19 (20, 0.009036768275593497)
20 (25, 0.008679913878431368)
21 (26, 0.008127512378112172)
22 (29, 0.007200907927027225)
23 (4, 0.00696698873318233)
24 (11, 0.006803060349855484)
25 (10, 0.006390760874245368)
26 (27, 0.006315059354748928)
27 (2, 0.006278382830053862)
28 (21, 0.0062438181443135315)
29 (31, 0.005966108684359122)
30 (8, 0.005566495356272424)
31 (17, 0.005566495356272424)
32 (18, 0.005566495356272424)
33 (23, 0.005566495356272424)
34 (30, 0.005566495356272424)
9
payment
1 (32, 0.15075077658826896)
2 (15, 0.09422938647095185)
3 (0, 0.08506905341947124)
4 (22, 0.05762456369493988)
5 (7, 0.054614443570044226)
6 (33, 0.0541489413890619)
7 (12, 0.05235004584317734)
8 (19, 0.04728554008298951)
9 (9, 0.043492805115761896)
10 (3, 0.04326206206541023)
11 (1, 0.04321184107699656)
12 (6, 0.04274353350435727)
13 (13, 0.042406239561196955)
14 (28, 0.042406239561196955)
15 (16, 0.016314499447840206)
16 (24, 0.011320673743810891)
17 (20, 0.010149542113449818)
18 (26, 0.009833296292014916)
19 (27, 0.008545274997973078)
20 (11, 0.007499591011072096)
21 (5, 0.007415227799419465)
22 (21, 0.0064633283678385564)
23 (4, 0.006301042904213856)
24 (31, 0.0061518657309448214)
25 (10, 0.006059018976973484)
26 (2, 0.006007676934138111)
27 (8, 0.005943673138538486)
28 (14, 0.005485688085421071)
29 (17, 0.005485688085421071)
30 (18, 0.005485688085421071)
31 (23, 0.005485688085421071)
32 (25, 0.005485688085421071)
33 (29, 0.005485688085421071)
34 (30, 0.005485688085421071)
10
payment
1 (19, 0.12578916217382044)
2 (20, 0.0807129941938436)
3 (0, 0.06813284316760546)
4 (22, 0.060535410235345456)
5 (15, 0.05396151899584039)
6 (9, 0.05019655810372137)
7 (3, 0.04574958998422235)
8 (26, 0.04467492735283896)
9 (13, 0.04461762951165171)
10 (24, 0.04461762951165171)
11 (28, 0.04461762951165171)
12 (32, 0.04461762951165171)
13 (31, 0.03972268093849743)
14 (6, 0.039403330485997486)
15 (7, 0.038815464803720834)
16 (27, 0.038248100084535254)
17 (12, 0.0211645843745739)
18 (5, 0.009694767471357474)
19 (10, 0.00899095952636961)
20 (16, 0.008920258533856638)
21 (11, 0.008902497451769962)
22 (23, 0.007060308459932886)
23 (4, 0.006751329670005695)
24 (21, 0.006730045818735086)
25 (1, 0.005737215012680289)
26 (2, 0.005737215012680289)
27 (8, 0.005737215012680289)
28 (14, 0.005737215012680289)
29 (17, 0.005737215012680289)
30 (18, 0.005737215012680289)
31 (25, 0.005737215012680289)
32 (29, 0.005737215012680289)
33 (30, 0.005737215012680289)
34 (33, 0.005737215012680289)
-----one service finish-----
6
1
shipping
1 (14, 0.12880892003682204)
2 (15, 0.1058402467365825)
3 (17, 0.10183237383137808)
4 (33, 0.08227385899249098)
5 (1, 0.06147577415837464)
6 (6, 0.05796826734055093)
7 (16, 0.05198599166130883)
8 (25, 0.05100834723025299)
9 (0, 0.04982642689857858)
10 (23, 0.046107776580181774)
11 (12, 0.03523138103439799)
12 (30, 0.03387800521727062)
13 (26, 0.025990996566711996)
14 (31, 0.02167300159141554)
15 (3, 0.011475625235554546)
16 (34, 0.011292031623512524)
17 (20, 0.009246609420136994)
18 (9, 0.008920569804487783)
19 (13, 0.008216391862278157)
20 (32, 0.008064941543229873)
21 (2, 0.007671198789539371)
22 (5, 0.007203130887889269)
23 (4, 0.007023714462592608)
24 (27, 0.006055721734769646)
25 (28, 0.0060191384856205805)
26 (35, 0.005730326014759114)
27 (24, 0.005666803454827775)
28 (22, 0.005452292598400155)
29 (8, 0.005291402554703437)
30 (21, 0.0049675363829966256)
31 (7, 0.004723135646602697)
32 (10, 0.004615612324356277)
33 (11, 0.004615612324356277)
34 (18, 0.004615612324356277)
35 (19, 0.004615612324356277)
36 (29, 0.004615612324356277)
2
shipping
1 (33, 0.10403694910691504)
2 (12, 0.06386876509367126)
3 (30, 0.06300660317011522)
4 (1, 0.057412224309228876)
5 (23, 0.05405214916699201)
6 (2, 0.04488986175243125)
7 (6, 0.044482319235586716)
8 (14, 0.04433888456651326)
9 (20, 0.04433888456651326)
10 (25, 0.04433888456651326)
11 (32, 0.04433888456651326)
12 (34, 0.04433888456651326)
13 (24, 0.0414083430628953)
14 (17, 0.04106494186418099)
15 (28, 0.037781565540309495)
16 (0, 0.03331954277286319)
17 (16, 0.024024661031443222)
18 (5, 0.02265090451603824)
19 (8, 0.01718422742704749)
20 (13, 0.01547515923331439)
21 (3, 0.012224553857250195)
22 (9, 0.012224553857250195)
23 (31, 0.009604810588853062)
24 (27, 0.009491634030905366)
25 (22, 0.0071497861058254985)
26 (7, 0.00627967313385236)
27 (4, 0.005667234831046425)
28 (10, 0.005667234831046425)
29 (11, 0.005667234831046425)
30 (15, 0.005667234831046425)
31 (18, 0.005667234831046425)
32 (19, 0.005667234831046425)
33 (21, 0.005667234831046425)
34 (26, 0.005667234831046425)
35 (29, 0.005667234831046425)
36 (35, 0.005667234831046425)
3
shipping
1 (17, 0.16721570412642753)
2 (33, 0.11415938752316963)
3 (23, 0.08580782599116116)
4 (30, 0.06952898607430842)
5 (0, 0.061748040355062414)
6 (12, 0.04671406602677992)
7 (34, 0.0423452448967464)
8 (14, 0.041070245178822205)
9 (28, 0.040242358335226866)
10 (16, 0.03886393698018443)
11 (6, 0.035147933738274975)
12 (15, 0.03236972465181868)
13 (2, 0.025229295824440796)
14 (1, 0.019494995371275917)
15 (31, 0.018403959775008128)
16 (32, 0.013349150311451403)
17 (3, 0.012113071174069484)
18 (25, 0.011531295778970989)
19 (9, 0.011338436447968264)
20 (20, 0.011338436447968264)
21 (5, 0.009253909704419944)
22 (13, 0.0079298004840389)
23 (24, 0.007555210861234397)
24 (27, 0.007329748076416218)
25 (11, 0.006997201873015314)
26 (22, 0.006827117038504908)
27 (8, 0.006767732108758508)
28 (4, 0.006080804230912903)
29 (7, 0.0055550195700775585)
30 (10, 0.005384480149069362)
31 (18, 0.005384480149069362)
32 (19, 0.005384480149069362)
33 (21, 0.005384480149069362)
34 (26, 0.005384480149069362)
35 (29, 0.005384480149069362)
36 (35, 0.005384480149069362)
4
shipping
1 (17, 0.14183363354249562)
2 (1, 0.11019061252019155)
3 (33, 0.08489393091749642)
4 (14, 0.07634277429552982)
5 (23, 0.06360330170491119)
6 (30, 0.05606687526074234)
7 (6, 0.048205816181285006)
8 (34, 0.04438050570651347)
9 (28, 0.04310846260699385)
10 (31, 0.038749098803007954)
11 (15, 0.0332081154390255)
12 (2, 0.02379134597826186)
13 (16, 0.022218313451255165)
14 (12, 0.0199030752008843)
15 (32, 0.019741720048088385)
16 (0, 0.014307781214173126)
17 (3, 0.012978065635139506)
18 (5, 0.012752451063945272)
19 (9, 0.012231070141476315)
20 (20, 0.012231070141476315)
21 (25, 0.012231070141476315)
22 (27, 0.009833877190511977)
23 (11, 0.008226190990202883)
24 (13, 0.007253914001116875)
25 (22, 0.0069471466869189605)
26 (24, 0.006758624536063216)
27 (4, 0.006319846198553637)
28 (8, 0.0060564793292641715)
29 (7, 0.005920822433835419)
30 (10, 0.005673429805594795)
31 (18, 0.005673429805594795)
32 (19, 0.005673429805594795)
33 (21, 0.005673429805594795)
34 (26, 0.005673429805594795)
35 (29, 0.005673429805594795)
36 (35, 0.005673429805594795)
5
shipping
1 (23, 0.08898479744860428)
2 (17, 0.08731732199783004)
3 (14, 0.08514893790875373)
4 (3, 0.08213557856159368)
5 (15, 0.08060371244889261)
6 (0, 0.05617005798626664)
7 (16, 0.05510397319015856)
8 (6, 0.053572939046767784)
9 (33, 0.05338763280025287)
10 (4, 0.05050147954349928)
11 (30, 0.03748766167256024)
12 (25, 0.03647113371219984)
13 (20, 0.03411447364851808)
14 (21, 0.033001696064644405)
15 (12, 0.028817520788636697)
16 (31, 0.01091181120183674)
17 (2, 0.00958857818446686)
18 (34, 0.009440487565484157)
19 (9, 0.008737969290121913)
20 (1, 0.008372762601019658)
21 (5, 0.0075742827668810065)
22 (13, 0.007525788404808933)
23 (26, 0.007509458794130713)
24 (32, 0.007246222179304957)
25 (28, 0.006365070974189166)
26 (27, 0.0058299385787357345)
27 (24, 0.0055497794490340134)
28 (22, 0.0052290858016774125)
29 (8, 0.005182204712347502)
30 (35, 0.004876179131774878)
31 (10, 0.004755754477862343)
32 (7, 0.004678993535794914)
33 (11, 0.004519353085822906)
34 (18, 0.004429120815175883)
35 (19, 0.004429120815175883)
36 (29, 0.004429120815175883)
6
shipping
1 (33, 0.07775277226589153)
2 (17, 0.07652373263627071)
3 (30, 0.07556927829165967)
4 (21, 0.07220863923240559)
5 (10, 0.07097257017500545)
6 (0, 0.06765060111356909)
7 (20, 0.06464018547224928)
8 (1, 0.06369716057187862)
9 (9, 0.06163628672178391)
10 (12, 0.06089594326174294)
11 (16, 0.05982128233628005)
12 (6, 0.04817921314382733)
13 (23, 0.03638078018395558)
14 (31, 0.026983135517885014)
15 (25, 0.011941476688343557)
16 (3, 0.01004327501709431)
17 (34, 0.009472597160876776)
18 (2, 0.008023593835104818)
19 (14, 0.007791398891178824)
20 (32, 0.007067161139031915)
21 (26, 0.007061733788156277)
22 (4, 0.006827243225570989)
23 (5, 0.006638677047183522)
24 (13, 0.006265849790177535)
25 (28, 0.005531980965775999)
26 (27, 0.005366555267068612)
27 (24, 0.005160204073561326)
28 (35, 0.004897012155399672)
29 (8, 0.004864295073840955)
30 (22, 0.00486104696802869)
31 (7, 0.004287516958876654)
32 (11, 0.004197360206064961)
33 (15, 0.004197360206064961)
34 (18, 0.004197360206064961)
35 (19, 0.004197360206064961)
36 (29, 0.004197360206064961)
7
shipping
1 (3, 0.17314027622900582)
2 (4, 0.13197608405353953)
3 (33, 0.09562603644837546)
4 (6, 0.06838987020267027)
5 (30, 0.061386338991394285)
6 (1, 0.05188796614402017)
7 (23, 0.05049612263050751)
8 (16, 0.04731500504586825)
9 (0, 0.03872328229859479)
10 (28, 0.03777326248787702)
11 (12, 0.03250771014622419)
12 (31, 0.01849606409294024)
13 (25, 0.012743198939509391)
14 (32, 0.012251749092867562)
15 (34, 0.011963539179957787)
16 (20, 0.011257046019701827)
17 (17, 0.011002415450848456)
18 (14, 0.010790000258671082)
19 (9, 0.01079000025867108)
20 (2, 0.009634886589270825)
21 (13, 0.009499022326570693)
22 (5, 0.008973244879823022)
23 (27, 0.007217656641906336)
24 (24, 0.006835655984639151)
25 (26, 0.006833527435898225)
26 (11, 0.006546747357460445)
27 (8, 0.006437081001237822)
28 (22, 0.006405593110852935)
29 (35, 0.00579189297715782)
30 (21, 0.005643199121869747)
31 (7, 0.005608396807915129)
32 (10, 0.005211425558830665)
33 (15, 0.005211425558830665)
34 (18, 0.005211425558830665)
35 (19, 0.005211425558830665)
36 (29, 0.005211425558830665)
8
shipping
1 (22, 0.06809415877925426)
2 (32, 0.04439783051611781)
3 (20, 0.03971273330770878)
4 (24, 0.03971273330770878)
5 (34, 0.03971273330770878)
6 (5, 0.037974936895496574)
7 (6, 0.03672078916107685)
8 (1, 0.035357537766074316)
9 (3, 0.03430957079130902)
10 (4, 0.03430957079130902)
11 (9, 0.03430957079130902)
12 (10, 0.03430957079130902)
13 (12, 0.03430957079130902)
14 (14, 0.03430957079130902)
15 (15, 0.03430957079130902)
16 (17, 0.03430957079130902)
17 (19, 0.03430957079130902)
18 (23, 0.03430957079130902)
19 (25, 0.03430957079130902)
20 (26, 0.03430957079130902)
21 (28, 0.03430957079130902)
22 (30, 0.03430957079130902)
23 (31, 0.03430957079130902)
24 (33, 0.03430957079130902)
25 (16, 0.020588172359137374)
26 (27, 0.0173511645404832)
27 (0, 0.014707941091932386)
28 (7, 0.013372640996754904)
29 (13, 0.0062573995442545965)
30 (8, 0.006207482053169052)
31 (2, 0.005146435618696354)
32 (11, 0.005146435618696354)
33 (18, 0.005146435618696354)
34 (21, 0.005146435618696354)
35 (29, 0.005146435618696354)
36 (35, 0.005146435618696354)
9
shipping
1 (17, 0.152517460484542)
2 (33, 0.10406765117189254)
3 (30, 0.07413052280241651)
4 (23, 0.07323763893718548)
5 (1, 0.06663935642780505)
6 (6, 0.0515006059772934)
7 (12, 0.05048018989194914)
8 (28, 0.04889839438113746)
9 (25, 0.04200726367741992)
10 (34, 0.04200726367741992)
11 (16, 0.037474771229431325)
12 (0, 0.029173294630203676)
13 (31, 0.02778610604734943)
14 (3, 0.01894894078388286)
15 (32, 0.016118629587921342)
16 (4, 0.012267788668549976)
17 (5, 0.01163370786436459)
18 (9, 0.01141816893216821)
19 (14, 0.01141816893216821)
20 (20, 0.01141816893216821)
21 (2, 0.010803826631245461)
22 (13, 0.009751292263567279)
23 (8, 0.007833466553891324)
24 (24, 0.007795847836394034)
25 (27, 0.007776579691170849)
26 (11, 0.0074383590053307075)
27 (22, 0.006632331330957204)
28 (7, 0.005639599303936221)
29 (10, 0.005398075543279716)
30 (15, 0.005398075543279716)
31 (18, 0.005398075543279716)
32 (19, 0.005398075543279716)
33 (21, 0.005398075543279716)
34 (26, 0.005398075543279716)
35 (29, 0.005398075543279716)
36 (35, 0.005398075543279716)
10
shipping
1 (16, 0.1616329766293884)
2 (0, 0.11345234961004917)
3 (23, 0.09310451390773473)
4 (30, 0.0839135696977222)
5 (15, 0.08382349073892618)
6 (14, 0.08307419166442667)
7 (17, 0.053062991104194705)
8 (33, 0.04739013415136391)
9 (3, 0.03795603635108739)
10 (20, 0.03679475487877871)
11 (12, 0.024589598833737205)
12 (6, 0.0186626330669288)
13 (34, 0.013088695985556993)
14 (25, 0.011463948989528917)
15 (31, 0.010735091322998498)
16 (9, 0.009422630982106045)
17 (2, 0.008398011445692235)
18 (32, 0.007464151082611768)
19 (13, 0.00719027008606303)
20 (5, 0.007169944659726383)
21 (28, 0.0071548858134939915)
22 (1, 0.006619098469843062)
23 (35, 0.006509697701666686)
24 (26, 0.005891898015390057)
25 (27, 0.005838939787144771)
26 (22, 0.005590961271503315)
27 (24, 0.00557213112724484)
28 (8, 0.005400619154080442)
29 (4, 0.005281334914199395)
30 (21, 0.005104897798761149)
31 (7, 0.00477425845967506)
32 (10, 0.00477425845967506)
33 (11, 0.00477425845967506)
34 (18, 0.00477425845967506)
35 (19, 0.00477425845967506)
36 (29, 0.00477425845967506)
-----one service finish-----
2023-03-14 12:45:56
