2023-03-14 12:45:56
0
1
front-end
1 (25, 0.09511663529892356)
2 (11, 0.07190316356108266)
3 (9, 0.0701717289638391)
4 (24, 0.06518387153799254)
5 (8, 0.0633454614587734)
6 (32, 0.05887812523251848)
7 (1, 0.05881402907852379)
8 (20, 0.05261864088228127)
9 (16, 0.047741608210684086)
10 (19, 0.04662599113135371)
11 (14, 0.043169608854438955)
12 (29, 0.04250110069928554)
13 (13, 0.04117579112454838)
14 (27, 0.03970980787814522)
15 (30, 0.03906822038183764)
16 (6, 0.03325858564830149)
17 (4, 0.016739204009940084)
18 (33, 0.01593982680585351)
19 (3, 0.01125973149999097)
20 (22, 0.007242686672775466)
21 (10, 0.007203952058595909)
22 (34, 0.007007053521743627)
23 (26, 0.006916084494180263)
24 (0, 0.006187777452006852)
25 (21, 0.005236665929840197)
26 (2, 0.005209581420019438)
27 (23, 0.0049618919970277)
28 (28, 0.004705747323902677)
29 (15, 0.0046508546317630475)
30 (5, 0.004576095373305082)
31 (7, 0.004576095373305082)
32 (12, 0.004576095373305082)
33 (17, 0.004576095373305082)
34 (18, 0.004576095373305082)
35 (31, 0.004576095373305082)
2
front-end
1 (8, 0.07497011718317426)
2 (11, 0.06932390666960879)
3 (6, 0.06893081788968641)
4 (9, 0.06738098585219085)
5 (22, 0.06700418111661816)
6 (20, 0.06201236037528253)
7 (19, 0.05653817169328912)
8 (16, 0.055147614678373036)
9 (13, 0.05192015708616646)
10 (1, 0.05134991479368782)
11 (14, 0.04584743297242056)
12 (33, 0.0404874241724324)
13 (25, 0.0393440960087598)
14 (24, 0.03772932845404715)
15 (29, 0.03710651984047523)
16 (32, 0.032930920317905656)
17 (10, 0.020483815822697076)
18 (27, 0.018347188437516503)
19 (23, 0.014466812796165717)
20 (3, 0.00982339499040723)
21 (26, 0.008980253002134954)
22 (0, 0.006690937185581405)
23 (4, 0.00627268098416648)
24 (2, 0.005878282784335388)
25 (34, 0.005872187839867133)
26 (30, 0.005175756141881529)
27 (21, 0.004778757422173808)
28 (5, 0.004660574937082487)
29 (12, 0.0045215290444710005)
30 (15, 0.0044617677115821736)
31 (28, 0.00441925465296177)
32 (7, 0.004285714285714286)
33 (17, 0.004285714285714286)
34 (18, 0.004285714285714286)
35 (31, 0.004285714285714286)
3
front-end
1 (32, 0.08192391138911448)
2 (8, 0.07631968883212341)
3 (3, 0.07433611630977156)
4 (9, 0.06826945734243983)
5 (6, 0.0620416481626945)
6 (11, 0.06192091463817042)
7 (24, 0.06190285906559756)
8 (33, 0.05779254334353427)
9 (22, 0.05321433431550921)
10 (4, 0.03607129822917625)
11 (25, 0.035462060679610954)
12 (19, 0.03467715744169166)
13 (21, 0.033487698753912935)
14 (34, 0.03191310970402613)
15 (10, 0.028850007287908118)
16 (23, 0.02552254342860593)
17 (13, 0.022320057970201042)
18 (14, 0.019805350105316977)
19 (27, 0.016996803202149694)
20 (15, 0.016615680330364778)
21 (26, 0.015741186775900518)
22 (29, 0.013815754350157857)
23 (0, 0.008953764892520675)
24 (2, 0.008245555395662487)
25 (16, 0.00535786916879352)
26 (31, 0.005304440935660966)
27 (1, 0.005059618417421912)
28 (5, 0.005000236620726195)
29 (12, 0.004915063848386112)
30 (20, 0.004906877494788952)
31 (30, 0.004880475181758464)
32 (28, 0.004817715224381022)
33 (7, 0.004519400387307236)
34 (17, 0.004519400387307236)
35 (18, 0.004519400387307236)
4
front-end
1 (9, 0.08096107680090579)
2 (8, 0.07803404861010649)
3 (11, 0.07599055161200753)
4 (33, 0.0720112709759321)
5 (22, 0.07103670277504345)
6 (6, 0.06639892359002236)
7 (24, 0.06517114957831259)
8 (32, 0.06189252072101765)
9 (1, 0.05725071824476825)
10 (16, 0.05181348280002696)
11 (25, 0.04151452445351732)
12 (10, 0.03430424106356856)
13 (19, 0.033908942556635215)
14 (30, 0.03315067433990809)
15 (29, 0.029019194853320447)
16 (26, 0.015925739644484398)
17 (23, 0.014372044019329774)
18 (13, 0.012114445155809415)
19 (2, 0.011061866545965561)
20 (0, 0.010526549955527325)
21 (14, 0.008601775258104299)
22 (3, 0.008552921028655347)
23 (34, 0.007759322917498422)
24 (5, 0.006217688237541273)
25 (21, 0.005821742615523959)
26 (12, 0.005165451254325087)
27 (28, 0.0049281087200298635)
28 (20, 0.0048794209898781835)
29 (31, 0.004746748856242468)
30 (4, 0.004582728411861225)
31 (27, 0.0045635189346415585)
32 (15, 0.004499329000387258)
33 (7, 0.004407525159700618)
34 (17, 0.004407525159700618)
35 (18, 0.004407525159700618)
5
front-end
1 (11, 0.08197663317870482)
2 (16, 0.07448458337511166)
3 (32, 0.07180985149744708)
4 (30, 0.06975690286396154)
5 (29, 0.06932362708045349)
6 (13, 0.06506813344665936)
7 (14, 0.060980529771634644)
8 (8, 0.058611155084006036)
9 (9, 0.057445714535077255)
10 (1, 0.05153946458468776)
11 (4, 0.03482141776188267)
12 (3, 0.03419844870103433)
13 (19, 0.0326919330186463)
14 (20, 0.03236471380396128)
15 (6, 0.031518531313714244)
16 (27, 0.031251818104867636)
17 (25, 0.02262169109531143)
18 (24, 0.018606710901115663)
19 (33, 0.01437889124800036)
20 (10, 0.009029064231523241)
21 (26, 0.007051416717702021)
22 (34, 0.00692873934532997)
23 (22, 0.00688687277419469)
24 (0, 0.006546629802505551)
25 (2, 0.0049699929987239)
26 (23, 0.0048184881320199316)
27 (21, 0.004793824778881529)
28 (15, 0.004569296185062637)
29 (12, 0.004559058662618634)
30 (31, 0.004521181702206305)
31 (28, 0.004494455420602013)
32 (5, 0.004461288810875972)
33 (7, 0.004306313023825338)
34 (17, 0.004306313023825338)
35 (18, 0.004306313023825338)
6
front-end
1 (1, 0.08537015583172979)
2 (24, 0.082798608177991)
3 (8, 0.08089319865338726)
4 (6, 0.07669253863149901)
5 (16, 0.07338458668684286)
6 (9, 0.07095233342281135)
7 (32, 0.07047071922709018)
8 (11, 0.06808752344040875)
9 (29, 0.05634477453737535)
10 (22, 0.04963075344312262)
11 (25, 0.04936198323200725)
12 (34, 0.04931305541213924)
13 (23, 0.024373523275686627)
14 (10, 0.021403920739964173)
15 (27, 0.01524674535612702)
16 (14, 0.012484692861386038)
17 (26, 0.012202902685211976)
18 (20, 0.009329539148273574)
19 (13, 0.00926016968421527)
20 (4, 0.008894919803735208)
21 (0, 0.007202295581878383)
22 (33, 0.005910467462710534)
23 (2, 0.0053178465244249585)
24 (21, 0.005291220808609982)
25 (19, 0.005045166490066714)
26 (30, 0.005009386441421472)
27 (15, 0.0047260148919094636)
28 (12, 0.004476540010586409)
29 (3, 0.004470566630233301)
30 (31, 0.004449410577140794)
31 (5, 0.0043845934935084424)
32 (28, 0.00436270397936214)
33 (7, 0.004285714285714286)
34 (17, 0.004285714285714286)
35 (18, 0.004285714285714286)
7
front-end
1 (1, 0.09282775260990045)
2 (9, 0.07768367341226941)
3 (8, 0.0747213215032963)
4 (11, 0.07022995971218726)
5 (29, 0.06737496662657874)
6 (6, 0.057498128634476196)
7 (16, 0.04838569125646055)
8 (24, 0.04375148567532254)
9 (30, 0.043554964096810596)
10 (25, 0.041196241085271375)
11 (27, 0.04031092362520183)
12 (22, 0.03953942154921478)
13 (33, 0.039337065181753464)
14 (19, 0.036284463578086165)
15 (34, 0.0346883343940486)
16 (32, 0.032424960765187624)
17 (23, 0.027919469618303147)
18 (10, 0.02492866131137929)
19 (26, 0.013787514531409204)
20 (3, 0.01018799914318127)
21 (13, 0.00987364801064934)
22 (0, 0.007877427599218608)
23 (21, 0.005915408877533449)
24 (4, 0.005680876912291778)
25 (2, 0.005624481401604111)
26 (14, 0.005295301532104575)
27 (20, 0.005259570251921029)
28 (12, 0.00483624014375857)
29 (15, 0.004831574013911777)
30 (31, 0.00482253602671959)
31 (5, 0.004742152238016833)
32 (28, 0.004709597898369434)
33 (7, 0.004632728927854041)
34 (17, 0.004632728927854041)
35 (18, 0.004632728927854041)
8
front-end
1 (24, 0.08059140581530971)
2 (8, 0.07807341051639567)
3 (1, 0.07559052397858594)
4 (11, 0.07531428003268929)
5 (16, 0.07420294033851074)
6 (25, 0.07398585791240833)
7 (33, 0.0735661360919724)
8 (9, 0.07334142007132329)
9 (22, 0.0706899166166626)
10 (3, 0.056231739887169535)
11 (6, 0.04053772381650344)
12 (14, 0.037226963719431266)
13 (13, 0.036594676179931576)
14 (27, 0.030816050066054524)
15 (29, 0.011591671558254836)
16 (20, 0.010266373344659272)
17 (4, 0.007814534289621729)
18 (30, 0.007240413837428663)
19 (32, 0.007158594639852486)
20 (34, 0.0071464138397984945)
21 (26, 0.006117085174147555)
22 (0, 0.005880795689455785)
23 (10, 0.0056029515711916045)
24 (19, 0.005490174084697843)
25 (21, 0.004928959588519853)
26 (2, 0.004642281729013506)
27 (15, 0.004539527043840207)
28 (23, 0.0044921834438615815)
29 (31, 0.004421567292316876)
30 (5, 0.004362676328088551)
31 (12, 0.004330817547871734)
32 (28, 0.004328213693856718)
33 (7, 0.004293906753524811)
34 (17, 0.004293906753524811)
35 (18, 0.004293906753524811)
9
front-end
1 (1, 0.10133329704779273)
2 (14, 0.0731640186371701)
3 (13, 0.07273312383054742)
4 (27, 0.06997927060703522)
5 (19, 0.06949666984201511)
6 (20, 0.06826303571939088)
7 (11, 0.06590437661823571)
8 (9, 0.05866436997528739)
9 (8, 0.05784880028701702)
10 (22, 0.050119021357342884)
11 (29, 0.0424902835680874)
12 (6, 0.03469212048746645)
13 (32, 0.0328326054406934)
14 (25, 0.03132286040315833)
15 (24, 0.02684390880769719)
16 (30, 0.015628058930451192)
17 (10, 0.014291684644923733)
18 (33, 0.013677819977484056)
19 (3, 0.01208722920408715)
20 (16, 0.008392323906895064)
21 (26, 0.007886206809733209)
22 (4, 0.007138589332338209)
23 (0, 0.006801624167887811)
24 (34, 0.006195008634091219)
25 (2, 0.00548119181611747)
26 (23, 0.00498881486283766)
27 (21, 0.004876182980052278)
28 (5, 0.004869138495652266)
29 (12, 0.004677975854383701)
30 (28, 0.004617644736338789)
31 (31, 0.004583620785287443)
32 (7, 0.004529780558125364)
33 (15, 0.004529780558125364)
34 (17, 0.004529780558125364)
35 (18, 0.004529780558125364)
10
front-end
1 (1, 0.08565777853998524)
2 (14, 0.07959370184341424)
3 (20, 0.07545813747980197)
4 (27, 0.0743071496888238)
5 (13, 0.07345704072577683)
6 (9, 0.07275366854021682)
7 (19, 0.06989509168395817)
8 (8, 0.06775124562782325)
9 (29, 0.06346632778331168)
10 (11, 0.060864244922535206)
11 (16, 0.052233550247354855)
12 (22, 0.036931936812164085)
13 (32, 0.022697919064467314)
14 (30, 0.01816833178526934)
15 (24, 0.017811024595522196)
16 (25, 0.01467066526222828)
17 (3, 0.011383425911485246)
18 (33, 0.011310233020649142)
19 (10, 0.010468048743132983)
20 (4, 0.007227388083336196)
21 (26, 0.006468764566718278)
22 (6, 0.005944403620256382)
23 (34, 0.005779864506338845)
24 (0, 0.005676066632551657)
25 (23, 0.005432352953445525)
26 (2, 0.005007896191667461)
27 (21, 0.004684963232522154)
28 (5, 0.004504657726086835)
29 (28, 0.004443871412964811)
30 (15, 0.004431021936524068)
31 (31, 0.004376369716809953)
32 (7, 0.004285714285714286)
33 (12, 0.004285714285714286)
34 (17, 0.004285714285714286)
35 (18, 0.004285714285714286)
-----one service finish-----
1
1
user
1 (21, 0.09149693556713115)
2 (3, 0.0797279273761895)
3 (15, 0.07610424612278191)
4 (30, 0.07587708878540304)
5 (31, 0.06921677474310683)
6 (26, 0.05535451674920261)
7 (4, 0.05474091737534019)
8 (6, 0.05401540338663983)
9 (18, 0.052553101760709105)
10 (19, 0.04984096892163744)
11 (23, 0.0462242477793796)
12 (13, 0.042215349960303274)
13 (12, 0.04142315816886473)
14 (1, 0.02654600409094034)
15 (8, 0.023288446737311105)
16 (9, 0.019836806750476898)
17 (10, 0.018914188580085412)
18 (25, 0.014124118581379956)
19 (14, 0.013798722435152037)
20 (27, 0.012542571424863742)
21 (32, 0.009924580545960874)
22 (0, 0.009390667185031641)
23 (2, 0.00878908603839481)
24 (28, 0.007495462041338706)
25 (24, 0.006203682845248093)
26 (11, 0.006092468769280196)
27 (17, 0.005107972283604965)
28 (5, 0.005039336640688188)
29 (29, 0.004995940886082922)
30 (7, 0.00482550817818648)
31 (22, 0.004823622283786626)
32 (16, 0.00473508850274882)
33 (20, 0.00473508850274882)
2
user
1 (15, 0.08382916640715755)
2 (3, 0.07678866706660152)
3 (9, 0.07352847952245456)
4 (31, 0.07315213314569294)
5 (18, 0.07145661149246864)
6 (21, 0.07138126688536887)
7 (19, 0.06874173726609867)
8 (8, 0.06819705653791475)
9 (27, 0.06630260837365748)
10 (12, 0.06471133368571379)
11 (13, 0.06436931261848121)
12 (6, 0.03379807074549576)
13 (1, 0.03154345584378604)
14 (25, 0.014154575454054227)
15 (0, 0.013253801519167835)
16 (23, 0.011648332801583054)
17 (28, 0.010783940310397718)
18 (30, 0.01059974669551992)
19 (32, 0.010178568988957828)
20 (5, 0.010105336835115185)
21 (4, 0.009600353046363502)
22 (11, 0.006732866559809165)
23 (24, 0.006618344447804762)
24 (14, 0.005603029425106491)
25 (29, 0.00523940018636835)
26 (26, 0.005175420078187084)
27 (2, 0.0048316981831970545)
28 (10, 0.004717731645030648)
29 (7, 0.004701644442369171)
30 (16, 0.004563827447519074)
31 (17, 0.004563827447519074)
32 (20, 0.004563827447519074)
33 (22, 0.004563827447519074)
3
user
1 (30, 0.1439903566890195)
2 (4, 0.10349864674277769)
3 (3, 0.09502520726643005)
4 (19, 0.07347468635386806)
5 (18, 0.06875484122702298)
6 (21, 0.0669625269026613)
7 (1, 0.06244751060441824)
8 (6, 0.0601337947002741)
9 (15, 0.05672274000310121)
10 (28, 0.049771564188145906)
11 (9, 0.019390767023170635)
12 (14, 0.01740680994464676)
13 (32, 0.017391868523315687)
14 (24, 0.016407343611737096)
15 (8, 0.015206371377925873)
16 (27, 0.014102361085619988)
17 (5, 0.01184980466780071)
18 (13, 0.010763109581960828)
19 (31, 0.010632770728692856)
20 (23, 0.010494720452626102)
21 (11, 0.009701263421273339)
22 (25, 0.006592436362238631)
23 (0, 0.0063036913154083515)
24 (12, 0.005721287038119358)
25 (26, 0.0055732950974386125)
26 (29, 0.00555252974218082)
27 (2, 0.005310161016829748)
28 (10, 0.00524674212725653)
29 (17, 0.005203407947751402)
30 (7, 0.005132224289902298)
31 (16, 0.0050783866554618)
32 (20, 0.0050783866554618)
33 (22, 0.0050783866554618)
4
user
1 (21, 0.09374539091300356)
2 (15, 0.08457695865822851)
3 (18, 0.07970135829807781)
4 (30, 0.07889861021205095)
5 (19, 0.07856178521178202)
6 (31, 0.07649197801160376)
7 (6, 0.06566119174193352)
8 (32, 0.059750034140514705)
9 (3, 0.052174352154256906)
10 (4, 0.05105043442834592)
11 (8, 0.039031669392299476)
12 (9, 0.03824895654251334)
13 (23, 0.03466315871640774)
14 (24, 0.03310453393017513)
15 (27, 0.013211833448274146)
16 (14, 0.01251556933716184)
17 (25, 0.011658959488174065)
18 (1, 0.010466428649026634)
19 (13, 0.00897533345402976)
20 (0, 0.008732012199640891)
21 (11, 0.007064305751582102)
22 (28, 0.006728077471480497)
23 (2, 0.006140558414921376)
24 (26, 0.005975849520883456)
25 (10, 0.005486859568267728)
26 (12, 0.004935005730859459)
27 (5, 0.004808022347613456)
28 (17, 0.004739786647159205)
29 (29, 0.00471916743791387)
30 (7, 0.004545454545454546)
31 (16, 0.004545454545454546)
32 (20, 0.004545454545454546)
33 (22, 0.004545454545454546)
5
user
1 (32, 0.1415485550134294)
2 (31, 0.0972792940259353)
3 (19, 0.08228693003158975)
4 (18, 0.07458906221838899)
5 (4, 0.06981439377775156)
6 (3, 0.06547619676290253)
7 (21, 0.062449363472824995)
8 (30, 0.059266790480651935)
9 (24, 0.046306234673798005)
10 (26, 0.038289851553330145)
11 (6, 0.03046277663746271)
12 (1, 0.02535053521721275)
13 (15, 0.023958871838010338)
14 (14, 0.02034116923346313)
15 (28, 0.018451913778716293)
16 (9, 0.015079078264153615)
17 (5, 0.014017810569714403)
18 (13, 0.01165338216896477)
19 (11, 0.010624869998020696)
20 (8, 0.0099387684422933)
21 (23, 0.008630716777512617)
22 (0, 0.008282001478923998)
23 (25, 0.0076457248922436535)
24 (27, 0.006884417049838865)
25 (29, 0.0067664761481678265)
26 (12, 0.005926158896896835)
27 (2, 0.005921377939116388)
28 (10, 0.005664704253738781)
29 (17, 0.005497537956574735)
30 (20, 0.005467514120931377)
31 (7, 0.005410426809588763)
32 (22, 0.005395242427790114)
33 (16, 0.005321853090061407)
6
user
1 (4, 0.15105478560825752)
2 (30, 0.10092925143724467)
3 (19, 0.08623061028773829)
4 (18, 0.07963913147168722)
5 (28, 0.07178259313330676)
6 (27, 0.06701169700824358)
7 (21, 0.06571333061751652)
8 (3, 0.05700816370077071)
9 (6, 0.05532055680991721)
10 (15, 0.031192318039454797)
11 (1, 0.029133350839651993)
12 (8, 0.018940765740626597)
13 (32, 0.018405017695743025)
14 (14, 0.016945051952170654)
15 (9, 0.014875537627700523)
16 (24, 0.014477004610219814)
17 (5, 0.011856562068805823)
18 (31, 0.011677234952053184)
19 (13, 0.010454017478261267)
20 (11, 0.009979625281408763)
21 (23, 0.008713707777104077)
22 (26, 0.007205768840195565)
23 (0, 0.0068586169454713805)
24 (25, 0.0067239532207837484)
25 (10, 0.005945757120706852)
26 (2, 0.005481092065923823)
27 (12, 0.005470649672330851)
28 (29, 0.005326696698912249)
29 (7, 0.005298288508695739)
30 (17, 0.005139783881034584)
31 (22, 0.005133367352190715)
32 (16, 0.005037855777935829)
33 (20, 0.005037855777935829)
7
user
1 (9, 0.09378612147938627)
2 (6, 0.09230040321811595)
3 (8, 0.08467728784600549)
4 (12, 0.08117144830235475)
5 (3, 0.07346346787788216)
6 (19, 0.071467208311211)
7 (13, 0.07145466280772204)
8 (18, 0.07125355859464594)
9 (21, 0.06557320236077291)
10 (15, 0.06414831975091144)
11 (31, 0.044309960437898394)
12 (1, 0.029360279859843033)
13 (27, 0.015625264462548718)
14 (23, 0.013356124400716507)
15 (14, 0.010525737104145314)
16 (32, 0.010256571262211082)
17 (30, 0.009623791199812524)
18 (0, 0.008886863171490718)
19 (4, 0.008644822520910762)
20 (28, 0.008261819768234827)
21 (24, 0.007819906844020588)
22 (25, 0.0071041936473074125)
23 (11, 0.006334526754810931)
24 (26, 0.0059280293441723465)
25 (5, 0.00555440502488669)
26 (2, 0.005090606682564893)
27 (10, 0.004971529629628953)
28 (7, 0.004908815437799719)
29 (29, 0.0049000972414187625)
30 (22, 0.004875209591991305)
31 (16, 0.004788588354859524)
32 (17, 0.004788588354859524)
33 (20, 0.004788588354859524)
8
user
1 (18, 0.07048731633661938)
2 (31, 0.06951979410078012)
3 (19, 0.0681293782660235)
4 (30, 0.06562447752524653)
5 (24, 0.06468357373884454)
6 (32, 0.06451447149681402)
7 (23, 0.06195209729708766)
8 (15, 0.06039920643881237)
9 (1, 0.0600365044281709)
10 (6, 0.0579707034303673)
11 (21, 0.0578874881473919)
12 (4, 0.037230809344111736)
13 (9, 0.03665174278357451)
14 (8, 0.036438105294128435)
15 (3, 0.035728063716946694)
16 (11, 0.03233601893299853)
17 (14, 0.013408149157371096)
18 (27, 0.012973196733889879)
19 (25, 0.012132688100236207)
20 (5, 0.009502470310842955)
21 (13, 0.009197983916374386)
22 (28, 0.008494972199418943)
23 (29, 0.005631565225628671)
24 (0, 0.005490053753215387)
25 (26, 0.0053290072386798625)
26 (2, 0.005154480257593009)
27 (10, 0.005054901272916736)
28 (12, 0.004951613890216906)
29 (7, 0.004750318736775215)
30 (17, 0.004625338174678648)
31 (22, 0.00462260066333496)
32 (16, 0.004545454545454546)
33 (20, 0.004545454545454546)
9
user
1 (30, 0.08288833247440619)
2 (21, 0.07483082874987866)
3 (9, 0.07455389236169845)
4 (4, 0.07366237712420062)
5 (3, 0.07334232266339086)
6 (18, 0.0714411237740357)
7 (19, 0.06525086429172648)
8 (31, 0.06290896686608992)
9 (8, 0.061841209853567586)
10 (32, 0.0580910041448893)
11 (1, 0.0466039737225363)
12 (6, 0.04620144451935937)
13 (15, 0.03855243701342705)
14 (23, 0.03801171670876983)
15 (14, 0.014524130336869022)
16 (27, 0.011737613415641354)
17 (5, 0.010244181362622383)
18 (13, 0.009431507496844817)
19 (28, 0.009282387915670622)
20 (11, 0.008289350718662996)
21 (24, 0.006367857583087735)
22 (26, 0.00631697664625266)
23 (25, 0.0060944815319855395)
24 (0, 0.006040624594178496)
25 (29, 0.005357930669992126)
26 (12, 0.005203835245190254)
27 (2, 0.004907207762738749)
28 (7, 0.004801150200897848)
29 (10, 0.004784318780271726)
30 (20, 0.004709632145889812)
31 (16, 0.004575439775075845)
32 (17, 0.004575439775075845)
33 (22, 0.004575439775075845)
10
user
1 (30, 0.07947202313258948)
2 (21, 0.07837990668058879)
3 (31, 0.07786483994757373)
4 (9, 0.07775849474472137)
5 (18, 0.07643771489582488)
6 (15, 0.07523405232430685)
7 (6, 0.07310363721643033)
8 (19, 0.07193607508570402)
9 (8, 0.07193485802663338)
10 (4, 0.05804591712543352)
11 (32, 0.049703421367684054)
12 (1, 0.03633560580189818)
13 (3, 0.03487202610556112)
14 (14, 0.01422080324539137)
15 (23, 0.013328317395272968)
16 (27, 0.011513511469183578)
17 (5, 0.00992788446180811)
18 (12, 0.00931110296978422)
19 (11, 0.008095735934675774)
20 (28, 0.007205406054347893)
21 (24, 0.006511397596268242)
22 (25, 0.005813929093139176)
23 (0, 0.005445490145917397)
24 (29, 0.005074629858414203)
25 (26, 0.005051252039348126)
26 (13, 0.00488753117416523)
27 (2, 0.004845626569280117)
28 (7, 0.004713639205634448)
29 (10, 0.00469948116558792)
30 (20, 0.0046393255304678456)
31 (16, 0.004545454545454546)
32 (17, 0.004545454545454546)
33 (22, 0.004545454545454546)
-----one service finish-----
2
1
catalogue
1 (10, 0.1441481006031539)
2 (15, 0.09848013481286272)
3 (14, 0.09094650974914073)
4 (9, 0.05673957011349807)
5 (34, 0.055422435713001456)
6 (4, 0.04896997510381667)
7 (1, 0.04586478305890046)
8 (17, 0.04187490548831183)
9 (3, 0.038860551093666464)
10 (21, 0.03768811894935084)
11 (23, 0.037001387007623794)
12 (6, 0.03535626907373004)
13 (32, 0.03397770449815315)
14 (20, 0.032279811554712726)
15 (26, 0.031660089711355394)
16 (25, 0.024815049052587874)
17 (30, 0.014775641774292136)
18 (11, 0.014100873930693468)
19 (27, 0.013216984312663568)
20 (12, 0.010083102653284923)
21 (0, 0.009213654719912426)
22 (29, 0.00797965324421125)
23 (2, 0.007628727356569646)
24 (35, 0.007533124715955413)
25 (28, 0.006096365256051528)
26 (31, 0.005668329271694552)
27 (33, 0.0055887707084859945)
28 (13, 0.005037658905455117)
29 (24, 0.005031530874422806)
30 (5, 0.004957557200953602)
31 (16, 0.004925022362454212)
32 (22, 0.004879505030211078)
33 (7, 0.004799525524705556)
34 (8, 0.004799525524705556)
35 (18, 0.004799525524705556)
36 (19, 0.004799525524705556)
2
catalogue
1 (17, 0.11989123743955135)
2 (10, 0.08980708373274002)
3 (6, 0.08294221657091014)
4 (21, 0.07527828336363881)
5 (20, 0.07186394623981486)
6 (35, 0.06815050610847562)
7 (34, 0.06466508985820327)
8 (28, 0.05290014347367287)
9 (9, 0.05184406797013362)
10 (14, 0.03756617623060166)
11 (15, 0.033759379446391236)
12 (26, 0.023883395154329638)
13 (23, 0.02091807179736407)
14 (12, 0.020321248050933875)
15 (3, 0.019570873408580727)
16 (25, 0.01804112713882924)
17 (11, 0.014930503890008313)
18 (27, 0.014417169987326596)
19 (29, 0.012254132499313513)
20 (1, 0.011274414370679428)
21 (4, 0.010551986144957514)
22 (0, 0.009528500971470745)
23 (2, 0.008697683219585684)
24 (32, 0.007037448433778517)
25 (30, 0.005515176301859433)
26 (31, 0.005247155129229608)
27 (13, 0.005239014638942904)
28 (33, 0.005151874088754336)
29 (5, 0.00502495049318376)
30 (16, 0.005010476141051958)
31 (8, 0.004879092920003745)
32 (24, 0.004834921460856345)
33 (22, 0.004818037176208367)
34 (7, 0.004728205382872743)
35 (18, 0.004728205382872743)
36 (19, 0.004728205382872743)
3
catalogue
1 (15, 0.07301511020190708)
2 (14, 0.07040604483030952)
3 (34, 0.06940725835088184)
4 (17, 0.06749174013411507)
5 (29, 0.06711789160244251)
6 (20, 0.06677176717092817)
7 (35, 0.06597236828958986)
8 (3, 0.06476830766430978)
9 (21, 0.06403705646935262)
10 (1, 0.05822081747448602)
11 (12, 0.04883255544363391)
12 (6, 0.043739922351876466)
13 (30, 0.03588600215962374)
14 (23, 0.029227063771401322)
15 (32, 0.028916826965409568)
16 (4, 0.01944428977470001)
17 (27, 0.013930623668277114)
18 (11, 0.01389379086313905)
19 (25, 0.012274179108522586)
20 (10, 0.009630188360061775)
21 (0, 0.0074084533476379225)
22 (26, 0.006431991354378818)
23 (2, 0.005548794152255941)
24 (28, 0.005279692872709013)
25 (9, 0.005092952844705182)
26 (31, 0.004576650136496888)
27 (5, 0.004470165367213097)
28 (33, 0.004421718474756389)
29 (13, 0.004354019818996562)
30 (16, 0.004292564463484288)
31 (8, 0.004259923012434736)
32 (7, 0.004175853899992668)
33 (18, 0.004175853899992668)
34 (19, 0.004175853899992668)
35 (22, 0.004175853899992668)
36 (24, 0.004175853899992668)
4
catalogue
1 (33, 0.13607263790162302)
2 (13, 0.06319870792128628)
3 (35, 0.05126400880104233)
4 (15, 0.050689606190827664)
5 (12, 0.043032696673152786)
6 (3, 0.04238947221772977)
7 (27, 0.041973775416639755)
8 (25, 0.04189582805196764)
9 (29, 0.041565576319203754)
10 (28, 0.03845610773481896)
11 (32, 0.03814798578936863)
12 (21, 0.03687370935797385)
13 (34, 0.035735213273805654)
14 (20, 0.03566254225861151)
15 (24, 0.035612666478047235)
16 (14, 0.03510563492497795)
17 (0, 0.0320104249293977)
18 (11, 0.03128832041290162)
19 (17, 0.027977053073498348)
20 (2, 0.023048152265811323)
21 (6, 0.022201432726233535)
22 (1, 0.010695760689571341)
23 (23, 0.008670721833678757)
24 (9, 0.00844677394218845)
25 (31, 0.0070362809763120406)
26 (4, 0.006463951114961521)
27 (8, 0.0059871158354073235)
28 (30, 0.005698772279103768)
29 (16, 0.005602104042891328)
30 (7, 0.005592404930095276)
31 (5, 0.005267426939478483)
32 (10, 0.005267426939478483)
33 (18, 0.005267426939478483)
34 (19, 0.005267426939478483)
35 (22, 0.005267426939478483)
36 (26, 0.005267426939478483)
5
catalogue
1 (17, 0.10826702665047437)
2 (28, 0.0833665116371024)
3 (6, 0.08158969370300605)
4 (35, 0.07701127245446357)
5 (20, 0.0561260092965382)
6 (21, 0.05519952627861735)
7 (14, 0.05410832356320933)
8 (15, 0.05326230627858558)
9 (3, 0.0523209910543352)
10 (10, 0.04813676510455295)
11 (9, 0.045625128114582095)
12 (23, 0.038132365524217934)
13 (12, 0.035341046705729816)
14 (34, 0.03478090253757897)
15 (26, 0.021278451950149293)
16 (25, 0.016225857878518754)
17 (27, 0.01475887115679526)
18 (11, 0.013454148037609878)
19 (29, 0.011059504178915405)
20 (1, 0.01045520814263223)
21 (4, 0.009062331222913222)
22 (0, 0.00870816300902468)
23 (2, 0.00814867342036397)
24 (32, 0.0065507280541084985)
25 (30, 0.005217907037367808)
26 (33, 0.005179434119753208)
27 (31, 0.0049886921143242925)
28 (13, 0.004922037270810731)
29 (5, 0.00475551593563943)
30 (16, 0.00474262367655382)
31 (24, 0.0046417617393113625)
32 (8, 0.004612559158820162)
33 (22, 0.004553303446201758)
34 (7, 0.004472119849064165)
35 (18, 0.004472119849064165)
36 (19, 0.004472119849064165)
6
catalogue
1 (35, 0.07816924711083462)
2 (34, 0.07430045959754071)
3 (26, 0.07026005182945934)
4 (14, 0.06985236486395516)
5 (25, 0.06957689323560506)
6 (3, 0.06912167819635406)
7 (15, 0.06867265053868578)
8 (21, 0.06770681580923789)
9 (23, 0.06158528129332068)
10 (1, 0.059699862721334415)
11 (12, 0.04029649634148035)
12 (17, 0.037656701345741436)
13 (32, 0.03460213750858087)
14 (4, 0.034418638374833624)
15 (9, 0.03367378189724719)
16 (6, 0.013805784762259278)
17 (11, 0.011301027337581173)
18 (29, 0.010946743581295668)
19 (27, 0.009705346347535502)
20 (0, 0.007175743022881696)
21 (28, 0.006384186189855743)
22 (30, 0.006017568325906843)
23 (2, 0.005854226258073585)
24 (20, 0.0057837183067679)
25 (10, 0.0053493790700403785)
26 (31, 0.004711914595215391)
27 (33, 0.004570028157188897)
28 (13, 0.004530821227326559)
29 (8, 0.004369805613170239)
30 (16, 0.00435706991529789)
31 (5, 0.004341043784717221)
32 (24, 0.004309336001428158)
33 (7, 0.004223299209811655)
34 (18, 0.004223299209811655)
35 (19, 0.004223299209811655)
36 (22, 0.004223299209811655)
7
catalogue
1 (23, 0.12238005668588794)
2 (25, 0.0982670041803088)
3 (26, 0.09752210325808768)
4 (17, 0.09171275570506858)
5 (21, 0.08523841406096767)
6 (20, 0.08144003632451288)
7 (15, 0.05010501787764607)
8 (14, 0.05002641879433334)
9 (3, 0.049722854298517284)
10 (1, 0.03917873067823564)
11 (27, 0.02842607473706151)
12 (12, 0.02250864018109894)
13 (11, 0.022340323775250175)
14 (6, 0.019414413255172017)
15 (0, 0.013365791222848741)
16 (35, 0.01199794595003572)
17 (9, 0.010447146823576102)
18 (29, 0.01008868437041525)
19 (2, 0.006699207733902911)
20 (28, 0.0066573965123434865)
21 (4, 0.0065355233092632276)
22 (32, 0.006259988593408735)
23 (13, 0.005575613052414665)
24 (30, 0.0055695384056396804)
25 (10, 0.005485048514862259)
26 (34, 0.005338160712491913)
27 (31, 0.005300519069218163)
28 (33, 0.005234737399126931)
29 (8, 0.004913893442258123)
30 (16, 0.004691900263044631)
31 (5, 0.004681400158573848)
32 (22, 0.004670629246028845)
33 (7, 0.0045510078520995395)
34 (18, 0.0045510078520995395)
35 (19, 0.0045510078520995395)
36 (24, 0.0045510078520995395)
8
catalogue
1 (3, 0.0762013065067782)
2 (15, 0.07027698784052676)
3 (20, 0.06692824147345813)
4 (17, 0.06535677663647922)
5 (14, 0.06504704320163615)
6 (35, 0.06501636753898378)
7 (21, 0.06319953847615156)
8 (34, 0.06279654900166494)
9 (9, 0.06176481720700186)
10 (6, 0.0608780062939403)
11 (32, 0.050748679230893164)
12 (1, 0.04879837273257377)
13 (12, 0.033324214538602466)
14 (10, 0.03212593480432419)
15 (23, 0.029834598137187016)
16 (27, 0.013620416781982022)
17 (26, 0.01344396843960027)
18 (11, 0.012525306354785336)
19 (29, 0.010962927603496837)
20 (25, 0.01002718059925842)
21 (4, 0.009429780039079426)
22 (0, 0.008154048842003487)
23 (2, 0.007810795891378432)
24 (28, 0.006115679866799101)
25 (30, 0.006027331756120319)
26 (33, 0.005750288388742439)
27 (31, 0.004767842413446491)
28 (13, 0.004627407121565451)
29 (16, 0.004480621769286039)
30 (5, 0.0044050632444944445)
31 (8, 0.004381447540635675)
32 (24, 0.004311060297950679)
33 (22, 0.004280071566067468)
34 (7, 0.004193775954368708)
35 (18, 0.004193775954368708)
36 (19, 0.004193775954368708)
9
catalogue
1 (33, 0.09984925960756194)
2 (29, 0.04354916542998394)
3 (9, 0.03927223380275299)
4 (26, 0.03927223380275299)
5 (16, 0.037564701516159635)
6 (2, 0.037486682135039084)
7 (8, 0.0374720775728999)
8 (31, 0.036681969094104)
9 (35, 0.03451267851375882)
10 (4, 0.03397525395144776)
11 (6, 0.03397525395144776)
12 (14, 0.03397525395144776)
13 (15, 0.03397525395144776)
14 (17, 0.03397525395144776)
15 (19, 0.03397525395144776)
16 (20, 0.03397525395144776)
17 (21, 0.03397525395144776)
18 (23, 0.03397525395144776)
19 (28, 0.03397525395144776)
20 (32, 0.03397525395144776)
21 (34, 0.03397525395144776)
22 (12, 0.03343597428152082)
23 (1, 0.026826245318791478)
24 (27, 0.026282879899495515)
25 (11, 0.01941766883634469)
26 (3, 0.01866697051983899)
27 (0, 0.013800878292215954)
28 (13, 0.006259167903075963)
29 (24, 0.005729488607398564)
30 (22, 0.005638948892628695)
31 (5, 0.005096288092717165)
32 (7, 0.005096288092717165)
33 (10, 0.005096288092717165)
34 (18, 0.005096288092717165)
35 (25, 0.005096288092717165)
36 (30, 0.005096288092717165)
10
catalogue
1 (17, 0.15411591495410348)
2 (32, 0.097922558146447)
3 (21, 0.08668525346745037)
4 (34, 0.07793299795726383)
5 (35, 0.06977064855668795)
6 (20, 0.0611226787113889)
7 (1, 0.0507721913835278)
8 (23, 0.04924497512366364)
9 (29, 0.04551653197489981)
10 (3, 0.03356381104657191)
11 (14, 0.030645377282431305)
12 (12, 0.024961511330108068)
13 (15, 0.02447560167636569)
14 (9, 0.016726645959531446)
15 (4, 0.015888352063855436)
16 (6, 0.015648292407713014)
17 (25, 0.014057413693205687)
18 (11, 0.013980740214036867)
19 (27, 0.011896071302698737)
20 (10, 0.01038294384276639)
21 (0, 0.009121664579805738)
22 (30, 0.008465242812403722)
23 (28, 0.007543750130771963)
24 (2, 0.006735482981223782)
25 (26, 0.006697809780913498)
26 (33, 0.005493433228837392)
27 (31, 0.00530282711861861)
28 (5, 0.00518910446151678)
29 (22, 0.0051882890653336625)
30 (16, 0.005110005905351318)
31 (13, 0.005053001279268536)
32 (7, 0.004957775512247516)
33 (8, 0.004957775512247516)
34 (18, 0.004957775512247516)
35 (19, 0.004957775512247516)
36 (24, 0.004957775512247516)
-----one service finish-----
3
1
orders
1 (25, 0.30416568280492334)
2 (14, 0.13338769796371847)
3 (7, 0.057828563866219054)
4 (6, 0.033965317430597004)
5 (11, 0.03297228532683983)
6 (23, 0.02895277166101361)
7 (15, 0.028426930605458294)
8 (0, 0.028038127476822952)
9 (21, 0.027960435836346244)
10 (24, 0.02785026972403853)
11 (19, 0.02751460386265961)
12 (18, 0.02571927402129732)
13 (12, 0.02344878056472796)
14 (31, 0.022797552200285297)
15 (13, 0.019689646545376385)
16 (27, 0.01750102508363623)
17 (3, 0.01710966645198506)
18 (8, 0.013876377054047923)
19 (32, 0.011886143881626583)
20 (26, 0.010849711880417173)
21 (4, 0.010804295033286528)
22 (1, 0.010669115400094036)
23 (30, 0.008779083097442587)
24 (29, 0.008710200338407852)
25 (28, 0.00833334500831976)
26 (5, 0.008310116397570202)
27 (9, 0.007987650981705471)
28 (2, 0.007480121630707911)
29 (10, 0.007131357499167463)
30 (20, 0.007068462049664551)
31 (16, 0.006928462773865639)
32 (17, 0.006928462773865639)
33 (22, 0.006928462773865639)
2
orders
1 (2, 0.1212555254793009)
2 (20, 0.07189190029303288)
3 (8, 0.06105521979345657)
4 (6, 0.061055219793456565)
5 (29, 0.05904791115179113)
6 (30, 0.05489949361685136)
7 (31, 0.04586292262256964)
8 (26, 0.041570950625417984)
9 (5, 0.04127162711866221)
10 (10, 0.0409823392892663)
11 (1, 0.03934825599117427)
12 (7, 0.03934825599117427)
13 (11, 0.03934825599117427)
14 (15, 0.03934825599117427)
15 (22, 0.03934825599117427)
16 (25, 0.021242482286553753)
17 (9, 0.019619270069264297)
18 (21, 0.019619270069264297)
19 (12, 0.01622743790922996)
20 (13, 0.014603845281401755)
21 (0, 0.013196182530772026)
22 (24, 0.013183051120003774)
23 (3, 0.012416905030071508)
24 (18, 0.012416905030071508)
25 (27, 0.012416905030071508)
26 (17, 0.006709824127257904)
27 (14, 0.006607108688197011)
28 (23, 0.006595231094782968)
29 (4, 0.0059022383986761405)
30 (16, 0.0059022383986761405)
31 (19, 0.0059022383986761405)
32 (28, 0.0059022383986761405)
33 (32, 0.0059022383986761405)
3
orders
1 (15, 0.13831453826354811)
2 (12, 0.09538532764450768)
3 (3, 0.09251931689211584)
4 (13, 0.09202816229062538)
5 (1, 0.08896651791524805)
6 (6, 0.06452419113311304)
7 (21, 0.060594590233861344)
8 (24, 0.05363616431844395)
9 (4, 0.05226086092880439)
10 (8, 0.02247448574726867)
11 (27, 0.022115696547409098)
12 (23, 0.01933102590816863)
13 (11, 0.018025471613979733)
14 (14, 0.016989619080830496)
15 (9, 0.016540516156409814)
16 (31, 0.0160480580127243)
17 (26, 0.014439901520801482)
18 (25, 0.014337502681955288)
19 (32, 0.011282379092965502)
20 (18, 0.011190131541467911)
21 (28, 0.00919456316805732)
22 (0, 0.008029549368932668)
23 (29, 0.006863423179978622)
24 (5, 0.006099136333756053)
25 (30, 0.006016855618813176)
26 (19, 0.0057491026438785085)
27 (2, 0.005501373377524923)
28 (10, 0.005310424240438549)
29 (7, 0.0052996904865190465)
30 (20, 0.0052809960871846575)
31 (22, 0.005272267205240281)
32 (16, 0.005189080382713783)
33 (17, 0.005189080382713783)
4
orders
1 (15, 0.07996126849194164)
2 (21, 0.0779445476988745)
3 (11, 0.07748851820314398)
4 (6, 0.07483801127079169)
5 (4, 0.07173064937807631)
6 (3, 0.06994227271828785)
7 (1, 0.0683836806777965)
8 (13, 0.06827873609201611)
9 (12, 0.06230398350254681)
10 (30, 0.043685370493317784)
11 (19, 0.04175125814573036)
12 (26, 0.04112704722338789)
13 (18, 0.0378017583590786)
14 (24, 0.035975560071854235)
15 (31, 0.01961432315540566)
16 (8, 0.014955501648842748)
17 (14, 0.011728648815592331)
18 (27, 0.011401758031596309)
19 (25, 0.010293443789158918)
20 (32, 0.009720780050542775)
21 (9, 0.00941155873404599)
22 (29, 0.006252168432952009)
23 (0, 0.0061655719696729035)
24 (5, 0.005781018002432485)
25 (28, 0.005537763690425704)
26 (23, 0.00504258807496394)
27 (2, 0.00486824913319161)
28 (7, 0.004719501949596635)
29 (10, 0.0047073219613146715)
30 (20, 0.0046876301066296295)
31 (22, 0.00467920971415067)
32 (16, 0.00461015020632041)
33 (17, 0.00461015020632041)
5
orders
1 (21, 0.08785310298153202)
2 (11, 0.08444057572552435)
3 (15, 0.07937627755050747)
4 (6, 0.07930998577308518)
5 (4, 0.07818357914440476)
6 (3, 0.07469659334398387)
7 (13, 0.07051248051975496)
8 (12, 0.0646596945545187)
9 (30, 0.05525282951834687)
10 (1, 0.05508949100059321)
11 (18, 0.040356129549497126)
12 (19, 0.037543363197185764)
13 (24, 0.019245729911165185)
14 (8, 0.017215021806666883)
15 (23, 0.016285143513869282)
16 (31, 0.015482083650318942)
17 (14, 0.015420111063195806)
18 (26, 0.013453775366910739)
19 (27, 0.011757513222354979)
20 (9, 0.01003056095873623)
21 (0, 0.009510559175103742)
22 (32, 0.008423204678832653)
23 (29, 0.006325153894764562)
24 (5, 0.005948809400754986)
25 (25, 0.005614807217398141)
26 (28, 0.005444531737372908)
27 (2, 0.004818680471839986)
28 (10, 0.004737603108119822)
29 (7, 0.004655906028465555)
30 (20, 0.004638071859025384)
31 (22, 0.0046277209852608565)
32 (16, 0.004545454545454546)
33 (17, 0.004545454545454546)
6
orders
1 (25, 0.13009846085996593)
2 (24, 0.12465788164874517)
3 (14, 0.12318740752339503)
4 (19, 0.1017673524159744)
5 (7, 0.09769675621593009)
6 (0, 0.07988064947192396)
7 (18, 0.05998525629406389)
8 (29, 0.03610810267055639)
9 (15, 0.018316191761692576)
10 (6, 0.01794790194415834)
11 (11, 0.017710433613719653)
12 (4, 0.016395141063234725)
13 (3, 0.015237049180497063)
14 (12, 0.014266763560395133)
15 (13, 0.013881740603722896)
16 (21, 0.013596162074055817)
17 (31, 0.013538802089827193)
18 (27, 0.011172699751094237)
19 (8, 0.009275902484848208)
20 (32, 0.007905698899851227)
21 (26, 0.007649087521167436)
22 (1, 0.007495173223303201)
23 (30, 0.006378756620021507)
24 (5, 0.006066986765374802)
25 (28, 0.006006944478963169)
26 (9, 0.005860791655005462)
27 (23, 0.0057178403765795385)
28 (2, 0.005618425144693883)
29 (10, 0.005396148943260265)
30 (20, 0.005359342849826081)
31 (16, 0.005274716098050905)
32 (17, 0.005274716098050905)
33 (22, 0.005274716098050905)
7
orders
1 (15, 0.14311109101789057)
2 (1, 0.09192523870016732)
3 (3, 0.09191582891399211)
4 (13, 0.0891148000099155)
5 (12, 0.08823166199507104)
6 (4, 0.08725046532974683)
7 (6, 0.06774351345749591)
8 (21, 0.06620319695159624)
9 (8, 0.023102143385577336)
10 (30, 0.02179172422675884)
11 (27, 0.019779771316017578)
12 (11, 0.018644867850852165)
13 (24, 0.017438699721961517)
14 (14, 0.01644565915181804)
15 (31, 0.015545076951586138)
16 (26, 0.013828885951880764)
17 (9, 0.012974982403873713)
18 (23, 0.012521080751501207)
19 (25, 0.010868797856761073)
20 (18, 0.010633561814032886)
21 (32, 0.01025005215940622)
22 (28, 0.008494513187969791)
23 (0, 0.007649610107741245)
24 (29, 0.006750287960665879)
25 (5, 0.005997481908319599)
26 (19, 0.005515854224034931)
27 (2, 0.005387532396351411)
28 (10, 0.005197984895482902)
29 (7, 0.005191090427701549)
30 (20, 0.005169809837772564)
31 (22, 0.005163291952077227)
32 (16, 0.005080721591990014)
33 (17, 0.005080721591990014)
8
orders
1 (8, 0.07992455908292298)
2 (1, 0.07788577597751689)
3 (9, 0.07652410667005081)
4 (21, 0.07574644499802484)
5 (6, 0.07296047377030611)
6 (24, 0.07040213207333353)
7 (12, 0.05415891355181261)
8 (13, 0.054038448871530864)
9 (15, 0.05106757822629967)
10 (3, 0.04912899317362838)
11 (30, 0.04757728209655437)
12 (4, 0.04418747243985016)
13 (23, 0.03929702770375295)
14 (26, 0.03876694993390401)
15 (11, 0.03159064386683352)
16 (27, 0.017569220278481002)
17 (0, 0.014525469726648492)
18 (31, 0.012570140399457988)
19 (18, 0.009979013280183767)
20 (32, 0.00892028360093277)
21 (28, 0.008273077129031746)
22 (14, 0.008173519788132487)
23 (29, 0.006098740788031668)
24 (25, 0.005761316670524729)
25 (5, 0.005559356462293949)
26 (19, 0.005370899398483698)
27 (2, 0.005026849078152652)
28 (10, 0.004869235786624261)
29 (7, 0.0048658165099646974)
30 (20, 0.004831549032296842)
31 (22, 0.004822825574553209)
32 (16, 0.00476294202994214)
33 (17, 0.00476294202994214)
9
orders
1 (21, 0.08201899981891338)
2 (6, 0.08156499242765433)
3 (1, 0.08040992823796704)
4 (24, 0.06595189061678909)
5 (23, 0.05992741652481833)
6 (15, 0.05620167786324284)
7 (8, 0.05256367644541465)
8 (4, 0.05178526086358079)
9 (3, 0.050928901126324075)
10 (12, 0.049061726696655025)
11 (13, 0.04859695523032998)
12 (9, 0.04678688995325483)
13 (26, 0.03887591849756783)
14 (30, 0.03456550781030977)
15 (19, 0.030992363460185586)
16 (18, 0.02749786942750411)
17 (11, 0.019104281300217695)
18 (27, 0.016655705589610877)
19 (14, 0.013332437477133408)
20 (25, 0.013316548494648162)
21 (31, 0.011784922859174457)
22 (28, 0.007632730263734351)
23 (32, 0.006851705421801012)
24 (29, 0.0067439088860291796)
25 (0, 0.006402158978099932)
26 (5, 0.0061158833557726465)
27 (2, 0.005134239226300763)
28 (10, 0.005038075099842621)
29 (7, 0.004925395203079152)
30 (20, 0.004879736175588542)
31 (16, 0.004784098889485131)
32 (17, 0.004784098889485131)
33 (22, 0.004784098889485131)
10
orders
1 (1, 0.1558662852705793)
2 (8, 0.10008724516912228)
3 (9, 0.09274943549962356)
4 (30, 0.08271088924877663)
5 (27, 0.06597068737984563)
6 (15, 0.06239373975768874)
7 (28, 0.05088698200644619)
8 (6, 0.046161734414133446)
9 (26, 0.034553634222522736)
10 (21, 0.034111614886091116)
11 (31, 0.024077491693566568)
12 (25, 0.02324524140141669)
13 (5, 0.022817208013037278)
14 (12, 0.021507011898417087)
15 (11, 0.02131749067560449)
16 (32, 0.018047179480791674)
17 (0, 0.015688877360139915)
18 (29, 0.014777664513888702)
19 (19, 0.012700020294650073)
20 (23, 0.011829617516665577)
21 (13, 0.011436382103581865)
22 (3, 0.010975635176441043)
23 (14, 0.008963019495725899)
24 (18, 0.0067863898168699895)
25 (2, 0.005934865249347901)
26 (7, 0.005861923253048173)
27 (24, 0.005735819365730646)
28 (10, 0.005723250362241633)
29 (20, 0.005701468691096288)
30 (4, 0.005345298945727213)
31 (16, 0.005345298945727213)
32 (17, 0.005345298945727213)
33 (22, 0.005345298945727213)
-----one service finish-----
4
1
carts
1 (21, 0.09072576518074203)
2 (1, 0.08748651753091682)
3 (3, 0.08321889515293236)
4 (23, 0.07992518401669367)
5 (19, 0.07642254062263994)
6 (11, 0.07610879927473665)
7 (9, 0.07439944132841092)
8 (8, 0.07292638252045694)
9 (18, 0.06363775411033139)
10 (15, 0.051663850639814025)
11 (24, 0.04234402408335144)
12 (26, 0.03279034018388436)
13 (6, 0.020564390312774943)
14 (32, 0.017455641959165442)
15 (14, 0.012183647579477411)
16 (28, 0.012088634989177761)
17 (20, 0.010308588016223145)
18 (12, 0.008903290005510494)
19 (31, 0.0075461727440515)
20 (29, 0.006775740142117146)
21 (33, 0.006756533455506129)
22 (4, 0.00665222461545405)
23 (0, 0.00627897592911169)
24 (10, 0.00621938781306087)
25 (13, 0.004938767844489331)
26 (7, 0.004871165138258904)
27 (2, 0.00486618878986884)
28 (17, 0.004766267242434185)
29 (25, 0.004706152847380445)
30 (5, 0.00466627635983378)
31 (22, 0.004529046831221501)
32 (16, 0.00442447091332397)
33 (27, 0.00442447091332397)
34 (30, 0.00442447091332397)
2
carts
1 (21, 0.08267198490732305)
2 (1, 0.08004504572780832)
3 (8, 0.07593546263230629)
4 (23, 0.0752089213668505)
5 (15, 0.07433876153577501)
6 (9, 0.07224301428769568)
7 (3, 0.06962365767016379)
8 (4, 0.056513337626194794)
9 (11, 0.056391137987326805)
10 (6, 0.055223728757301034)
11 (32, 0.0409021964161079)
12 (19, 0.03519725265865706)
13 (18, 0.03406290152486431)
14 (13, 0.033310032436231575)
15 (12, 0.032962439590375175)
16 (28, 0.022508503737670802)
17 (14, 0.01086763864467901)
18 (29, 0.00841871979264873)
19 (31, 0.007137720003999991)
20 (0, 0.0067320097928070715)
21 (33, 0.006326417072337412)
22 (26, 0.006027064995283042)
23 (20, 0.005496913133920011)
24 (10, 0.0053928268482817685)
25 (24, 0.005252816191431893)
26 (5, 0.004854722785194105)
27 (2, 0.0048103911253808505)
28 (7, 0.004674923983209835)
29 (17, 0.00464035368838904)
30 (22, 0.004481485642525755)
31 (25, 0.00447014297336219)
32 (27, 0.004453945052132553)
33 (16, 0.004411764705882355)
34 (30, 0.004411764705882355)
3
carts
1 (28, 0.0775237095418655)
2 (1, 0.0761012201595389)
3 (6, 0.0724023396953143)
4 (9, 0.07182375966184112)
5 (11, 0.07114289968746686)
6 (23, 0.06991421941378391)
7 (8, 0.0697090758861674)
8 (19, 0.0633722960797076)
9 (31, 0.06072383666372771)
10 (21, 0.058220557162138586)
11 (18, 0.05513840154259588)
12 (15, 0.042280237513025086)
13 (32, 0.02586785235327705)
14 (3, 0.02243476027502466)
15 (4, 0.022008174349758117)
16 (14, 0.015317497330533553)
17 (10, 0.012769033167535457)
18 (33, 0.012493609476149255)
19 (29, 0.010294225383452343)
20 (26, 0.008971922281266788)
21 (0, 0.008779079034600885)
22 (12, 0.008367658164236654)
23 (17, 0.008361157909529009)
24 (2, 0.007860560847436466)
25 (20, 0.006158258672802048)
26 (25, 0.005119366222979016)
27 (7, 0.004897888189970829)
28 (5, 0.004769171869581798)
29 (24, 0.004728352792390444)
30 (13, 0.004653992303946236)
31 (22, 0.004559592250709343)
32 (16, 0.004411764705882353)
33 (27, 0.004411764705882353)
34 (30, 0.004411764705882353)
4
carts
1 (32, 0.08262413304431587)
2 (19, 0.0770517741507604)
3 (9, 0.07595819023456339)
4 (8, 0.07358357163595446)
5 (6, 0.07306456445077474)
6 (1, 0.07212697013614316)
7 (18, 0.0718431166877092)
8 (31, 0.06868991957478904)
9 (21, 0.06370627309862896)
10 (33, 0.05040333463145362)
11 (15, 0.039007159475771117)
12 (26, 0.038463046820426935)
13 (10, 0.024006557906286613)
14 (2, 0.018761165793930706)
15 (3, 0.01742106839774325)
16 (17, 0.017138459656576198)
17 (4, 0.015305063166895172)
18 (14, 0.015210888815639236)
19 (11, 0.012552948409101278)
20 (0, 0.011308238640085191)
21 (28, 0.010075478500619147)
22 (23, 0.008308172597433354)
23 (12, 0.008161764705882354)
24 (29, 0.006663192699690346)
25 (20, 0.006630727035482956)
26 (25, 0.005176273499995955)
27 (5, 0.0050545135291136505)
28 (7, 0.00484908105159493)
29 (22, 0.004623283544931703)
30 (24, 0.004584009284177647)
31 (13, 0.004411764705882354)
32 (16, 0.004411764705882354)
33 (27, 0.004411764705882354)
34 (30, 0.004411764705882354)
5
carts
1 (1, 0.07962445775336764)
2 (18, 0.07919039401831565)
3 (13, 0.0764826458075521)
4 (11, 0.0747108871838921)
5 (8, 0.07398085421739528)
6 (21, 0.07310257496275303)
7 (19, 0.07299287714461306)
8 (12, 0.06687780297862911)
9 (9, 0.06568302966714738)
10 (32, 0.06217959933324559)
11 (6, 0.052290387655523456)
12 (15, 0.029478922760538182)
13 (33, 0.02894012468697082)
14 (3, 0.016227065263263528)
15 (20, 0.015356779609494954)
16 (28, 0.014960131943259765)
17 (14, 0.0121967355043448)
18 (29, 0.011177358348405985)
19 (23, 0.009646021317015573)
20 (26, 0.007982131285234827)
21 (31, 0.007631453034462452)
22 (4, 0.007510694101270883)
23 (10, 0.006566465239269869)
24 (0, 0.006507589310283936)
25 (7, 0.006105975453464202)
26 (2, 0.005431304975380038)
27 (17, 0.005338845668574431)
28 (5, 0.0047490212736457805)
29 (25, 0.004659504565845263)
30 (24, 0.004633007336475811)
31 (22, 0.004550063482717521)
32 (16, 0.004411764705882355)
33 (27, 0.004411764705882355)
34 (30, 0.004411764705882355)
6
carts
1 (21, 0.07900010236645866)
2 (9, 0.07277568476178264)
3 (31, 0.07145271980582359)
4 (3, 0.07076451460355423)
5 (6, 0.06794544077138821)
6 (28, 0.0678227692733848)
7 (8, 0.06590185565590587)
8 (1, 0.06537568406946957)
9 (11, 0.05877449374622733)
10 (19, 0.051090891572167986)
11 (18, 0.0483695307424368)
12 (15, 0.03985263086183971)
13 (4, 0.03908412020983692)
14 (23, 0.03365618054034463)
15 (32, 0.029868043366634345)
16 (14, 0.01567692176951966)
17 (33, 0.01345225009742634)
18 (10, 0.012585613792622005)
19 (17, 0.009567478335562587)
20 (29, 0.00941899942244884)
21 (0, 0.008804879093522082)
22 (12, 0.008204944188822413)
23 (26, 0.006676781161539008)
24 (20, 0.006436278425269441)
25 (2, 0.005771977977350001)
26 (7, 0.0049502873159460985)
27 (25, 0.004909364130853616)
28 (5, 0.004806980061084538)
29 (24, 0.004720400826944353)
30 (22, 0.00457122546721851)
31 (13, 0.004427738896653841)
32 (16, 0.004427738896653841)
33 (27, 0.004427738896653841)
34 (30, 0.004427738896653841)
7
carts
1 (1, 0.07748850661752833)
2 (15, 0.07459431232797559)
3 (19, 0.07103597888781434)
4 (18, 0.067731309578902)
5 (9, 0.06661638162482997)
6 (21, 0.06506949891967054)
7 (23, 0.06503526142078793)
8 (24, 0.06461073123659775)
9 (11, 0.06431503196500597)
10 (6, 0.0608616436367599)
11 (28, 0.0604458618584774)
12 (8, 0.0403587265762786)
13 (29, 0.03014838697817332)
14 (3, 0.026025062687498882)
15 (4, 0.023138048296190993)
16 (12, 0.019053454565889444)
17 (13, 0.01686759776278757)
18 (32, 0.013912213153862617)
19 (14, 0.011403715516491887)
20 (31, 0.007519737784816197)
21 (26, 0.007236867152454851)
22 (0, 0.007124496657715739)
23 (33, 0.006795487750472944)
24 (20, 0.005382883869413724)
25 (10, 0.0053670536363177096)
26 (2, 0.00508446221765664)
27 (5, 0.004926905801300569)
28 (17, 0.004831995228716379)
29 (7, 0.004658040396783768)
30 (25, 0.004557952109276519)
31 (22, 0.004514279362558451)
32 (27, 0.004464585009228816)
33 (16, 0.004411764705882354)
34 (30, 0.004411764705882354)
8
carts
1 (31, 0.13549991466625882)
2 (21, 0.10520083360362682)
3 (32, 0.07367835622628345)
4 (33, 0.06757574747267582)
5 (1, 0.06524261993046931)
6 (3, 0.05023008722275601)
7 (4, 0.045086749874862726)
8 (23, 0.039910411145029044)
9 (15, 0.0361945118644207)
10 (24, 0.03422546126731388)
11 (12, 0.03342577041114294)
12 (13, 0.028459831891424356)
13 (10, 0.0271980616506545)
14 (17, 0.026468789698415623)
15 (25, 0.025825924267848445)
16 (6, 0.024008264086299306)
17 (14, 0.019378579334473286)
18 (2, 0.01788615963560086)
19 (11, 0.01673671169391623)
20 (5, 0.015188377155298785)
21 (0, 0.013048707467876381)
22 (27, 0.01281255748175713)
23 (18, 0.011390605653374455)
24 (28, 0.011241027179342401)
25 (22, 0.008925242954286284)
26 (9, 0.00864741537377239)
27 (26, 0.00712031796422004)
28 (20, 0.006254193394446284)
29 (7, 0.005860714737766072)
30 (29, 0.005807413807555752)
31 (19, 0.0055436554572941155)
32 (8, 0.005308995143179216)
33 (16, 0.005308995143179216)
34 (30, 0.005308995143179216)
9
carts
1 (6, 0.0778821123301728)
2 (28, 0.07498593873422793)
3 (9, 0.07355311807400004)
4 (11, 0.07336877176041723)
5 (21, 0.07297451161089184)
6 (15, 0.07004808956021813)
7 (8, 0.06967161570331876)
8 (32, 0.06840226983936568)
9 (13, 0.06486497655362894)
10 (12, 0.0644390771839318)
11 (4, 0.03814357418206163)
12 (23, 0.03520507827202995)
13 (1, 0.03520261421983166)
14 (3, 0.03379795906684841)
15 (26, 0.02220281600017651)
16 (14, 0.015099045659110678)
17 (0, 0.010890589513990098)
18 (18, 0.009725243140946246)
19 (31, 0.008810948414531958)
20 (29, 0.007799756686393415)
21 (33, 0.007153276153902137)
22 (10, 0.006404690968001682)
23 (20, 0.00588221028053435)
24 (19, 0.0055938943824553715)
25 (2, 0.005489301949492188)
26 (17, 0.0052230061827657145)
27 (24, 0.005051923916421797)
28 (5, 0.004792091992791382)
29 (7, 0.004772746246007649)
30 (25, 0.004720068928864583)
31 (22, 0.004547890086397895)
32 (16, 0.004433597468757215)
33 (27, 0.004433597468757215)
34 (30, 0.004433597468757215)
10
carts
1 (32, 0.06629062980320992)
2 (11, 0.06563658677487025)
3 (1, 0.06532666183383312)
4 (18, 0.06433199946725385)
5 (19, 0.056537150323095184)
6 (21, 0.05488184279904445)
7 (17, 0.050388444805397406)
8 (33, 0.043082669799243516)
9 (15, 0.04179612041932173)
10 (28, 0.0396927701502295)
11 (6, 0.03830984618831265)
12 (9, 0.03672027492137192)
13 (26, 0.036674315564437565)
14 (8, 0.03540983893810082)
15 (24, 0.035224548375004903)
16 (23, 0.033952287930221335)
17 (13, 0.03290364970470338)
18 (12, 0.03229696600287283)
19 (3, 0.025646419297124003)
20 (2, 0.023211016267336047)
21 (10, 0.01830375487163968)
22 (20, 0.01636200398372771)
23 (4, 0.01330112327094695)
24 (14, 0.011830422127976305)
25 (22, 0.010681929545733137)
26 (29, 0.009356044765747888)
27 (0, 0.006638856682991849)
28 (31, 0.006191754631487662)
29 (25, 0.0053144136386205024)
30 (7, 0.005102794263982081)
31 (5, 0.005039655732695252)
32 (16, 0.004521069039822251)
33 (27, 0.004521069039822251)
34 (30, 0.004521069039822251)
-----one service finish-----
5
1
payment
1 (19, 0.13212781089530204)
2 (20, 0.10333561446861354)
3 (0, 0.09888825309518727)
4 (15, 0.08748377408109251)
5 (22, 0.05408544224354525)
6 (26, 0.04910193242821393)
7 (6, 0.04440477058835381)
8 (7, 0.04034489046992782)
9 (9, 0.03973462903240528)
10 (3, 0.0391483959694624)
11 (28, 0.03897966800244895)
12 (16, 0.03609634412974808)
13 (1, 0.03288849992874086)
14 (25, 0.025664819069337715)
15 (27, 0.02285922383401134)
16 (24, 0.021315291570524822)
17 (12, 0.018362331984949094)
18 (33, 0.014374984429528694)
19 (5, 0.011567983934659787)
20 (13, 0.009972050580570452)
21 (11, 0.007655787598203115)
22 (32, 0.007476297243974151)
23 (2, 0.005880337172636694)
24 (21, 0.005734652229805998)
25 (10, 0.005664072706341749)
26 (4, 0.005609742023738782)
27 (31, 0.005522735368528462)
28 (8, 0.005398905121561188)
29 (14, 0.005053459966431024)
30 (17, 0.005053459966431024)
31 (18, 0.005053459966431024)
32 (23, 0.005053459966431024)
33 (29, 0.005053459966431024)
34 (30, 0.005053459966431024)
2
payment
1 (32, 0.08296490985606683)
2 (15, 0.0826520924616748)
3 (16, 0.080055782370449)
4 (10, 0.07768589591375744)
5 (9, 0.07451367797806412)
6 (0, 0.07161465236550019)
7 (6, 0.06905348934042407)
8 (12, 0.06865908290581749)
9 (7, 0.0657240865168999)
10 (3, 0.053777853727101116)
11 (33, 0.028206268647789624)
12 (28, 0.02811598283000703)
13 (4, 0.025764501506939524)
14 (19, 0.024741437207769005)
15 (20, 0.0223325823426282)
16 (14, 0.020509380866389846)
17 (13, 0.01758726732719736)
18 (24, 0.01373709931648678)
19 (29, 0.013280152176794801)
20 (11, 0.008770970330742655)
21 (22, 0.007980393200195939)
22 (25, 0.007238187532044807)
23 (26, 0.005252874242666998)
24 (2, 0.0046990424624920885)
25 (27, 0.004676456625562279)
26 (1, 0.004614057062647875)
27 (21, 0.0046123280802551295)
28 (5, 0.004524313928159054)
29 (31, 0.004518646172813163)
30 (8, 0.004489475881133482)
31 (17, 0.004411764705882354)
32 (18, 0.004411764705882354)
33 (23, 0.004411764705882354)
34 (30, 0.004411764705882354)
3
payment
1 (0, 0.09492379659844864)
2 (19, 0.08781632818423415)
3 (28, 0.08504171690728615)
4 (15, 0.08110918073427711)
5 (7, 0.06764634619558)
6 (16, 0.06572602123496753)
7 (20, 0.0588415664749636)
8 (22, 0.058156066774878924)
9 (12, 0.05782589149526195)
10 (3, 0.044239333269310205)
11 (1, 0.039733063869044426)
12 (9, 0.03877002683135808)
13 (13, 0.0373768445586164)
14 (32, 0.022670607006425193)
15 (6, 0.021330940327014842)
16 (4, 0.019417824272365474)
17 (5, 0.01301914820793045)
18 (33, 0.011242173106680999)
19 (24, 0.009995314666713042)
20 (26, 0.007964513350713055)
21 (11, 0.007015718051643442)
22 (27, 0.006229822708261419)
23 (10, 0.006099775300211299)
24 (31, 0.005908739631701713)
25 (21, 0.005755082153388273)
26 (2, 0.005509461671997352)
27 (25, 0.005446647840215215)
28 (23, 0.005186554508158181)
29 (30, 0.0051731406729672285)
30 (8, 0.0051567093583649755)
31 (14, 0.0049179110092551674)
32 (17, 0.0049179110092551674)
33 (18, 0.0049179110092551674)
34 (29, 0.0049179110092551674)
4
payment
1 (4, 0.15316167428559246)
2 (3, 0.11827233463622162)
3 (0, 0.07251416294799742)
4 (15, 0.0646531591308848)
5 (7, 0.060017871577019696)
6 (32, 0.05327466495305807)
7 (22, 0.04530546567859107)
8 (6, 0.04064611954814425)
9 (28, 0.040489583269403044)
10 (19, 0.037758179175104434)
11 (13, 0.035653339393662616)
12 (9, 0.03207615552995652)
13 (20, 0.03192875510333889)
14 (14, 0.02991988143751491)
15 (10, 0.026309687026895862)
16 (16, 0.022939066516574066)
17 (1, 0.020909822026322505)
18 (24, 0.013282629130785229)
19 (33, 0.011978534818337274)
20 (26, 0.007550020234539149)
21 (12, 0.007146712930388576)
22 (11, 0.006801154185089937)
23 (25, 0.006465590442175956)
24 (27, 0.006098274666198604)
25 (29, 0.0060639397106896685)
26 (5, 0.005909115629258406)
27 (2, 0.005725000201494811)
28 (21, 0.005646188122400759)
29 (31, 0.005593558279298403)
30 (23, 0.0053804667785999115)
31 (8, 0.005296232833670158)
32 (17, 0.0050775532669303)
33 (18, 0.0050775532669303)
34 (30, 0.0050775532669303)
5
payment
1 (0, 0.07739201918614379)
2 (15, 0.07601952727463449)
3 (22, 0.07320515502571938)
4 (6, 0.069627389741124)
5 (16, 0.0644754250318598)
6 (32, 0.0640506288982389)
7 (12, 0.06295422581108252)
8 (9, 0.06126283797055096)
9 (10, 0.05881234226180382)
10 (19, 0.05787023415981283)
11 (28, 0.0575279794376961)
12 (7, 0.0400287075917365)
13 (3, 0.036909938151281546)
14 (13, 0.03136867770024138)
15 (20, 0.029853485168602114)
16 (33, 0.02189112252718955)
17 (11, 0.020294034129274996)
18 (24, 0.012931552379368267)
19 (26, 0.006432165999735824)
20 (25, 0.006126240997919848)
21 (4, 0.005758725736374435)
22 (29, 0.005578881137515223)
23 (5, 0.0053610594601080615)
24 (27, 0.00528548273602172)
25 (2, 0.005230551052909723)
26 (1, 0.00520457675791285)
27 (21, 0.005125877984913812)
28 (31, 0.005113729577178795)
29 (8, 0.004864896366361559)
30 (14, 0.004688505949337463)
31 (17, 0.004688505949337463)
32 (18, 0.004688505949337463)
33 (23, 0.004688505949337463)
34 (30, 0.004688505949337463)
6
payment
1 (22, 0.12409461472998051)
2 (19, 0.09928614728692646)
3 (13, 0.09785999769783962)
4 (0, 0.07864233538182308)
5 (6, 0.06603485643940261)
6 (15, 0.05548725962310979)
7 (20, 0.05295968588542299)
8 (14, 0.05165311737892738)
9 (24, 0.05032611993541727)
10 (28, 0.04856039530932705)
11 (9, 0.04730026335998341)
12 (5, 0.024546599601793468)
13 (1, 0.022534992311542726)
14 (33, 0.021170927561127866)
15 (3, 0.016185034978985317)
16 (26, 0.010860323856192256)
17 (7, 0.010195006853724577)
18 (16, 0.010027821664171469)
19 (32, 0.009808812989685797)
20 (12, 0.009758373143432588)
21 (11, 0.009352360827879855)
22 (31, 0.007560200252223394)
23 (21, 0.00715718564319588)
24 (10, 0.0070074268977006185)
25 (25, 0.006906491130871672)
26 (2, 0.006800485718180283)
27 (4, 0.006563714627754782)
28 (8, 0.006261913128225296)
29 (17, 0.005849589297525312)
30 (18, 0.005849589297525312)
31 (23, 0.005849589297525312)
32 (27, 0.005849589297525312)
33 (29, 0.005849589297525312)
34 (30, 0.005849589297525312)
7
payment
1 (32, 0.14443353376348234)
2 (28, 0.10846967747508113)
3 (0, 0.08271683905364913)
4 (15, 0.07048871408612652)
5 (19, 0.06172659634909033)
6 (6, 0.05560387629042844)
7 (13, 0.05324677694001683)
8 (33, 0.051106240863435536)
9 (20, 0.04912239053684974)
10 (12, 0.04827434521793541)
11 (16, 0.042143803501124934)
12 (9, 0.04149772487506602)
13 (3, 0.03503109863975145)
14 (24, 0.0192153945783437)
15 (4, 0.015993382140440104)
16 (22, 0.012154744842332465)
17 (25, 0.009711535942652541)
18 (29, 0.009027664128875734)
19 (26, 0.006690888973669773)
20 (10, 0.005955326351667649)
21 (11, 0.00595184188080977)
22 (7, 0.005834269462506923)
23 (2, 0.005750325539264361)
24 (1, 0.005593711467098907)
25 (21, 0.005589948378745683)
26 (31, 0.0055567903491350636)
27 (8, 0.005523090143751556)
28 (27, 0.005491966309866472)
29 (5, 0.005468781931464921)
30 (14, 0.005325743997467325)
31 (17, 0.005325743997467325)
32 (18, 0.005325743997467325)
33 (23, 0.005325743997467325)
34 (30, 0.005325743997467325)
8
payment
1 (26, 0.2482184209097097)
2 (0, 0.16729538805702376)
3 (15, 0.1355426212810144)
4 (3, 0.11255388332422861)
5 (13, 0.08258997142151285)
6 (22, 0.019740716713225692)
7 (6, 0.019324500306101996)
8 (27, 0.016641788830606394)
9 (7, 0.015567639724578992)
10 (32, 0.011697868373376257)
11 (24, 0.010669590725249)
12 (28, 0.010546829321685387)
13 (19, 0.009890768056167622)
14 (11, 0.009867529538803519)
15 (9, 0.009701330621590626)
16 (16, 0.00824546570005246)
17 (12, 0.007872337246456657)
18 (1, 0.00766838084760137)
19 (5, 0.007220671339223629)
20 (25, 0.006920674209298647)
21 (29, 0.006360378640795535)
22 (20, 0.00630942784173325)
23 (31, 0.006180495926339924)
24 (8, 0.006079989163665038)
25 (30, 0.006072575285794879)
26 (4, 0.006001362243569671)
27 (21, 0.005937772321590903)
28 (2, 0.005828257001493053)
29 (33, 0.005794605110149888)
30 (23, 0.005773843284551419)
31 (10, 0.0057227223454151864)
32 (14, 0.005387398095797894)
33 (17, 0.005387398095797894)
34 (18, 0.005387398095797894)
9
payment
1 (32, 0.1419883798601923)
2 (0, 0.10334639227874251)
3 (15, 0.09160629093949801)
4 (7, 0.06417382182935388)
5 (13, 0.06396776300430895)
6 (12, 0.05666073342382835)
7 (3, 0.04979355327649244)
8 (6, 0.04621233349839535)
9 (33, 0.04489716630903489)
10 (19, 0.044807965810643925)
11 (28, 0.04161470684513507)
12 (1, 0.04059018411515903)
13 (16, 0.03654579249334325)
14 (14, 0.025951414888434027)
15 (22, 0.015919329454524338)
16 (9, 0.012236217063752502)
17 (24, 0.011781459742382335)
18 (20, 0.0089311865644759)
19 (26, 0.008766556102899933)
20 (27, 0.006995280108044695)
21 (11, 0.006906224397890539)
22 (5, 0.0066225144961981125)
23 (10, 0.00638041686316126)
24 (25, 0.006252953565864449)
25 (4, 0.006203798115183323)
26 (31, 0.0061729362252447495)
27 (2, 0.006168231247115978)
28 (21, 0.006086044179451444)
29 (8, 0.005659269905560919)
30 (17, 0.005352216679137527)
31 (18, 0.005352216679137527)
32 (23, 0.005352216679137527)
33 (29, 0.005352216679137527)
34 (30, 0.005352216679137527)
10
payment
1 (20, 0.13263243842831365)
2 (12, 0.1144179587308987)
3 (19, 0.10924513643041064)
4 (6, 0.10198028126105936)
5 (16, 0.058891950238760093)
6 (5, 0.0575854916423174)
7 (15, 0.053850822398643)
8 (0, 0.05092706588792572)
9 (7, 0.041887232993170855)
10 (22, 0.03719543858781465)
11 (27, 0.03470285204720264)
12 (10, 0.025776614507697894)
13 (9, 0.022385833218145537)
14 (4, 0.01858697011115083)
15 (3, 0.013887391097917324)
16 (29, 0.011123635335359925)
17 (33, 0.010832682569508489)
18 (13, 0.009560491640011994)
19 (24, 0.009560491640011994)
20 (1, 0.008681939859424828)
21 (26, 0.007719427814991242)
22 (11, 0.006633917725188865)
23 (31, 0.005938981603027135)
24 (21, 0.005487998811904712)
25 (32, 0.005450107564399859)
26 (28, 0.005345354940353415)
27 (30, 0.00533805967574466)
28 (2, 0.004910490462663513)
29 (8, 0.004910490462663513)
30 (14, 0.004910490462663513)
31 (17, 0.004910490462663513)
32 (18, 0.004910490462663513)
33 (23, 0.004910490462663513)
34 (25, 0.004910490462663513)
-----one service finish-----
6
1
shipping
1 (14, 0.12092406666245238)
2 (15, 0.08103848320017665)
3 (20, 0.07144957522424428)
4 (21, 0.06439466221845418)
5 (30, 0.06273185224033556)
6 (2, 0.05929866771667948)
7 (33, 0.0450390266061798)
8 (32, 0.044596082095901685)
9 (3, 0.0382074947556392)
10 (25, 0.0382074947556392)
11 (34, 0.0382074947556392)
12 (6, 0.03768915335414047)
13 (28, 0.037167084185594244)
14 (23, 0.03661945609872145)
15 (31, 0.028191460303021474)
16 (17, 0.02724066484546515)
17 (1, 0.019344260725369638)
18 (16, 0.016931654358394374)
19 (12, 0.01555619518322848)
20 (5, 0.013066528903567694)
21 (0, 0.01132961416728126)
22 (24, 0.010389911381986512)
23 (9, 0.009986058887867947)
24 (22, 0.00903475099045212)
25 (27, 0.007346264099509638)
26 (13, 0.005539026183468167)
27 (8, 0.005337702384505607)
28 (7, 0.0052932866086424155)
29 (4, 0.0049802533884302225)
30 (10, 0.0049802533884302225)
31 (11, 0.0049802533884302225)
32 (18, 0.0049802533884302225)
33 (19, 0.0049802533884302225)
34 (26, 0.0049802533884302225)
35 (29, 0.0049802533884302225)
36 (35, 0.0049802533884302225)
2
shipping
1 (20, 0.10560442907868221)
2 (21, 0.08677974674598549)
3 (23, 0.08394477046959227)
4 (3, 0.07486301033608517)
5 (17, 0.06839132997201253)
6 (33, 0.06788735415418241)
7 (14, 0.06655975268087057)
8 (15, 0.06585968073929484)
9 (30, 0.04511078231458397)
10 (4, 0.035383066708598095)
11 (1, 0.03456713450286829)
12 (34, 0.034037014080423963)
13 (25, 0.033845479248629684)
14 (6, 0.02590241204306344)
15 (31, 0.020482290917158832)
16 (0, 0.01933083458934084)
17 (16, 0.016277287766364747)
18 (32, 0.010199088481944604)
19 (12, 0.008776289455618104)
20 (9, 0.008457932629757366)
21 (2, 0.008290989898688254)
22 (28, 0.008080646848265234)
23 (5, 0.00791734448761556)
24 (27, 0.006578350780657039)
25 (13, 0.005620412448211067)
26 (24, 0.0054994300825411966)
27 (22, 0.00534756878148096)
28 (8, 0.00463605093825374)
29 (7, 0.004582143165031279)
30 (10, 0.004455339379171187)
31 (11, 0.004455339379171187)
32 (18, 0.004455339379171187)
33 (19, 0.004455339379171187)
34 (26, 0.004455339379171187)
35 (29, 0.004455339379171187)
36 (35, 0.004455339379171187)
3
shipping
1 (25, 0.08199007089303335)
2 (1, 0.07782813245668392)
3 (3, 0.07781206091448256)
4 (30, 0.07027804694521948)
5 (10, 0.066805817918024)
6 (23, 0.06314978776969737)
7 (9, 0.06314938327681631)
8 (4, 0.05167464939729646)
9 (0, 0.04682898653751594)
10 (16, 0.04376319844745253)
11 (20, 0.03961631963574407)
12 (21, 0.03607095594689524)
13 (31, 0.03339086674704181)
14 (17, 0.030841092101793616)
15 (26, 0.03068617897375237)
16 (33, 0.030473511188765602)
17 (12, 0.027078452490053705)
18 (6, 0.024158653339135774)
19 (34, 0.012515721524206576)
20 (14, 0.008326434842754051)
21 (2, 0.007510647003644164)
22 (35, 0.006691714376816365)
23 (32, 0.006555754657814879)
24 (13, 0.00596491109615661)
25 (5, 0.005203647835898376)
26 (28, 0.005187366834987861)
27 (27, 0.005022696102707868)
28 (24, 0.004970479430542158)
29 (8, 0.004883467066516033)
30 (22, 0.0048199689784772)
31 (11, 0.004749621314010002)
32 (15, 0.004518610717449409)
33 (7, 0.00444777556314185)
34 (18, 0.004345005891824192)
35 (19, 0.004345005891824192)
36 (29, 0.004345005891824192)
4
shipping
1 (17, 0.17667312720319797)
2 (33, 0.12575183026998465)
3 (12, 0.09607433054623704)
4 (1, 0.08543243727647779)
5 (6, 0.07645852168867259)
6 (30, 0.06932523324477559)
7 (16, 0.06468368365548618)
8 (0, 0.0541738479067411)
9 (31, 0.025194352010647025)
10 (23, 0.022155809300487384)
11 (25, 0.014826739617021453)
12 (3, 0.013483329212544953)
13 (34, 0.012395842645133598)
14 (20, 0.010791991994159013)
15 (9, 0.010384453891488494)
16 (14, 0.010384453891488494)
17 (13, 0.009494382388379647)
18 (32, 0.009109802701071732)
19 (2, 0.008714958981813676)
20 (5, 0.008612726117211197)
21 (26, 0.008441702853530325)
22 (4, 0.007785030094508038)
23 (28, 0.007281582376929176)
24 (27, 0.006747049752534304)
25 (24, 0.006530551383624369)
26 (22, 0.006097926259821611)
27 (8, 0.005991110645598597)
28 (35, 0.00582702396048758)
29 (21, 0.005481470671944513)
30 (7, 0.005218695480275107)
31 (10, 0.005079333662954466)
32 (11, 0.005079333662954466)
33 (15, 0.005079333662954466)
34 (18, 0.005079333662954466)
35 (19, 0.005079333662954466)
36 (29, 0.005079333662954466)
5
shipping
1 (23, 0.12692174031370476)
2 (3, 0.09867663413025093)
3 (14, 0.08913598863888414)
4 (15, 0.08124300802309292)
5 (17, 0.07787531765265529)
6 (33, 0.0752858734132035)
7 (12, 0.06585481709907356)
8 (30, 0.055201654042391926)
9 (6, 0.048575844829788446)
10 (25, 0.042757309936645636)
11 (16, 0.031939501037111906)
12 (0, 0.02845964141132777)
13 (31, 0.02637809685899013)
14 (34, 0.010692694738892533)
15 (2, 0.00985029929656672)
16 (20, 0.00919398639391951)
17 (32, 0.009018249566443936)
18 (9, 0.008882269429029642)
19 (4, 0.008434248211007996)
20 (1, 0.008079208322048373)
21 (5, 0.006798779151110244)
22 (26, 0.0066128976104179804)
23 (28, 0.006445717530467842)
24 (13, 0.0061649565813074745)
25 (27, 0.00610253397761047)
26 (24, 0.005753306589493503)
27 (22, 0.005439873986343735)
28 (8, 0.005411172375475946)
29 (11, 0.005403102703570744)
30 (35, 0.005309086876449821)
31 (21, 0.004947504925898057)
32 (7, 0.004721410749798092)
33 (10, 0.004608318399256594)
34 (18, 0.004608318399256594)
35 (19, 0.004608318399256594)
36 (29, 0.004608318399256594)
6
shipping
1 (3, 0.14429696690994048)
2 (9, 0.09621613206841766)
3 (10, 0.0897969906205624)
4 (30, 0.08522689225445301)
5 (4, 0.05811253686723606)
6 (6, 0.05756032231088168)
7 (17, 0.055474801636493626)
8 (20, 0.04979007921547924)
9 (33, 0.04877010014397219)
10 (23, 0.04061125140145615)
11 (31, 0.039234856157717)
12 (25, 0.03773199413866546)
13 (16, 0.02935817306825445)
14 (0, 0.02304531366898441)
15 (26, 0.017998219969353874)
16 (34, 0.013630330523955821)
17 (14, 0.009185228771767544)
18 (35, 0.00708744011688719)
19 (2, 0.0067799481656750015)
20 (1, 0.006724941617118327)
21 (13, 0.006455051358660944)
22 (32, 0.005925583329060577)
23 (21, 0.005761141094679029)
24 (5, 0.005614544337129646)
25 (12, 0.005544288046383951)
26 (28, 0.005532598563466389)
27 (24, 0.005216857291060408)
28 (27, 0.005083081339556947)
29 (8, 0.005069296051700272)
30 (22, 0.005013455580586403)
31 (15, 0.004847091674174705)
32 (7, 0.0047383750402297965)
33 (11, 0.00464152916650985)
34 (18, 0.00464152916650985)
35 (19, 0.00464152916650985)
36 (29, 0.00464152916650985)
7
shipping
1 (30, 0.19147083939337825)
2 (31, 0.1270619973678435)
3 (23, 0.10337341939671958)
4 (3, 0.09574785836652067)
5 (17, 0.06544068428740489)
6 (33, 0.05020349961267401)
7 (4, 0.04496233748551494)
8 (14, 0.04225603748403932)
9 (15, 0.03904055397155801)
10 (12, 0.02281747732567033)
11 (25, 0.02091176367887039)
12 (26, 0.014165737505363766)
13 (16, 0.013522816305421107)
14 (34, 0.012383708233816388)
15 (20, 0.010996306779878864)
16 (2, 0.010137838438821297)
17 (9, 0.009691968047110653)
18 (6, 0.009402574558531761)
19 (32, 0.009062862637332315)
20 (1, 0.008876227656973075)
21 (28, 0.008826013915489176)
22 (0, 0.008207770347356215)
23 (24, 0.007950449965322088)
24 (5, 0.007439277081255861)
25 (27, 0.0069823082809537884)
26 (35, 0.006351011165654041)
27 (21, 0.006235206230889777)
28 (13, 0.005919159771220314)
29 (7, 0.005754915484670402)
30 (22, 0.005362166219993767)
31 (8, 0.005054067848485793)
32 (10, 0.004878229031053157)
33 (11, 0.004878229031053157)
34 (18, 0.004878229031053157)
35 (19, 0.004878229031053157)
36 (29, 0.004878229031053157)
8
shipping
1 (17, 0.18261383522380484)
2 (33, 0.1276643697806154)
3 (12, 0.09437747923024359)
4 (1, 0.08720081249631363)
5 (6, 0.08187790858800541)
6 (16, 0.07124202934196859)
7 (0, 0.06549874402659617)
8 (23, 0.04083872756453926)
9 (34, 0.03890668552739743)
10 (30, 0.021150051782242524)
11 (25, 0.013002047216177644)
12 (3, 0.0104472842929888)
13 (2, 0.010296465127049861)
14 (20, 0.010193046901065938)
15 (9, 0.009836022789213812)
16 (14, 0.009836022789213812)
17 (31, 0.009196915906573943)
18 (32, 0.008552780628063502)
19 (5, 0.008141933535047727)
20 (13, 0.008095043322435304)
21 (26, 0.008017236430423319)
22 (28, 0.007228474587600811)
23 (27, 0.006696881643944383)
24 (24, 0.006560238690675638)
25 (22, 0.005929973090522358)
26 (8, 0.005928808165151651)
27 (35, 0.005425494995052656)
28 (4, 0.005396950963463298)
29 (21, 0.005287383467709244)
30 (7, 0.00504492755542137)
31 (10, 0.0049192373900797115)
32 (11, 0.0049192373900797115)
33 (15, 0.0049192373900797115)
34 (18, 0.0049192373900797115)
35 (19, 0.0049192373900797115)
36 (29, 0.0049192373900797115)
9
shipping
1 (30, 0.07358690058672085)
2 (10, 0.06908850155583776)
3 (3, 0.06859308044450933)
4 (9, 0.06429244999559453)
5 (15, 0.06361472310073656)
6 (0, 0.060247025581114146)
7 (14, 0.05890530081710716)
8 (23, 0.0571935260580947)
9 (1, 0.05675401980330892)
10 (16, 0.051480888629760066)
11 (6, 0.04689945533735663)
12 (33, 0.044814199837412944)
13 (17, 0.043079089193034346)
14 (20, 0.03902062099875505)
15 (25, 0.03620722735134073)
16 (31, 0.03246472415218713)
17 (4, 0.01956867283185032)
18 (26, 0.01871326466898639)
19 (34, 0.011993726561203599)
20 (35, 0.006492853957714851)
21 (2, 0.006144443977368154)
22 (32, 0.005823133872435051)
23 (13, 0.005567465761022851)
24 (12, 0.005505414194991377)
25 (28, 0.004887229441919458)
26 (5, 0.004798399903199915)
27 (21, 0.004735064331966211)
28 (24, 0.004672389292806323)
29 (27, 0.004573415730418115)
30 (8, 0.004569570834802614)
31 (22, 0.0045074675284667845)
32 (11, 0.004446680853936114)
33 (7, 0.004259072814041208)
34 (18, 0.004166666666666668)
35 (19, 0.004166666666666668)
36 (29, 0.004166666666666668)
10
shipping
1 (23, 0.11468626160236442)
2 (3, 0.08443978533284342)
3 (4, 0.0828830023707302)
4 (14, 0.08051402029548232)
5 (15, 0.07741656980414917)
6 (17, 0.07590805833936444)
7 (33, 0.06232752539085869)
8 (12, 0.056816198207291016)
9 (30, 0.042155075011897344)
10 (34, 0.03752149213402192)
11 (25, 0.03604472994756948)
12 (1, 0.03278691278558694)
13 (6, 0.02931377547362901)
14 (0, 0.02446232128137846)
15 (31, 0.021955938845786838)
16 (16, 0.01854144239543755)
17 (20, 0.00901071264413742)
18 (32, 0.008920741348485316)
19 (9, 0.00873105171270507)
20 (2, 0.008665805764972393)
21 (28, 0.0070774112207278575)
22 (5, 0.0067769091798212415)
23 (13, 0.0061266368476916005)
24 (26, 0.006099930502312281)
25 (27, 0.006011578646000302)
26 (24, 0.0057277860884397)
27 (22, 0.005376608261004356)
28 (8, 0.005376557353244235)
29 (11, 0.005357922242018729)
30 (35, 0.005160119380839158)
31 (21, 0.004845572121182979)
32 (7, 0.004802074026428401)
33 (10, 0.004539868360399439)
34 (18, 0.004539868360399439)
35 (19, 0.004539868360399439)
36 (29, 0.004539868360399439)
-----one service finish-----
2023-03-14 15:09:46
