2023-03-14 01:51:21
0
1
front-end_ctn_write
front-end_ctn_read
front-end
[(0, 0.3331422761188631), (2, 0.29826457091914843), (1, 0.26839588333404196), (4, 0.05993788712784017), (3, 0.0402593825001063)]
2
front-end_ctn_write
front-end_ctn_read
front-end
[(2, 0.5516294187167836), (4, 0.2199227030316616), (3, 0.12112701260142114), (0, 0.06451244123613156), (1, 0.042808424414002226)]
3
front-end_ctn_write
front-end_ctn_read
front-end
[(2, 0.4069343143963842), (1, 0.35791753962354383), (0, 0.11553313311409164), (3, 0.07612933066703964), (4, 0.043485682198940674)]
4
front-end_ctn_write
front-end_ctn_read
front-end
[(0, 0.33168348170047485), (2, 0.2991498941554395), (1, 0.2681431158127096), (3, 0.06080204095946962), (4, 0.04022146737190645)]
5
front-end_ctn_write
front-end_ctn_read
front-end
[(2, 0.6722332531381018), (0, 0.13415319742151677), (4, 0.09337904870878902), (1, 0.050117250365796215), (3, 0.050117250365796215)]
6
front-end_ctn_write
front-end_ctn_read
front-end
[(0, 0.32799850747229625), (2, 0.29883099029203747), (1, 0.266398304796913), (3, 0.06681245171921632), (4, 0.039959745719536956)]
7
front-end_ctn_write
front-end_ctn_read
front-end
[(0, 0.3320028639478926), (2, 0.29880493482297876), (1, 0.2681318579256623), (4, 0.060840564614617024), (3, 0.04021977868884935)]
8
front-end_ctn_write
front-end_ctn_read
front-end
[(2, 0.39572707443507343), (1, 0.34545267562428733), (0, 0.14851585564064274), (4, 0.06805197508657734), (3, 0.04225241921341914)]
9
front-end_ctn_write
front-end_ctn_read
front-end
[(0, 0.5097617278449965), (1, 0.311605241007335), (3, 0.07122701809573831), (2, 0.06066522690083005), (4, 0.04674078615110025)]
10
front-end_ctn_write
front-end_ctn_read
front-end
[(2, 0.3941399088283966), (1, 0.3468699754157756), (0, 0.14850005260515872), (4, 0.06824624074447855), (3, 0.042243822406190505)]
-----one service finish-----
1
1
user_ctn_read
user
[(3, 0.5265917934426523), (1, 0.23393229740913354), (4, 0.07707126521606586), (5, 0.07508497305095584), (0, 0.05129690560127705), (2, 0.03602276527991542)]
2
user_ctn_read
user
[(1, 0.6409267005780547), (5, 0.1330386425217107), (4, 0.08582938186992695), (2, 0.05643055085053676), (0, 0.04188736208988546), (3, 0.04188736208988546)]
3
user_ctn_read
user
[(1, 0.6192881973142139), (2, 0.10591804672987389), (5, 0.09988060928395347), (4, 0.09364061831793681), (0, 0.04063626417701094), (3, 0.04063626417701094)]
4
user_ctn_read
user
[(5, 0.4756197389777543), (3, 0.2500527836595648), (2, 0.12554435699114766), (1, 0.06294432862874383), (4, 0.04833087419385469), (0, 0.03750791754893472)]
5
user_ctn_read
user
[(1, 0.6246343437876145), (2, 0.11046798558046764), (4, 0.09170575850282903), (5, 0.09131278654054388), (0, 0.04093956279427247), (3, 0.04093956279427247)]
6
user_ctn_read
user
[(1, 0.49518956482456555), (2, 0.2789854332006053), (4, 0.07643665186091567), (5, 0.06942474965902772), (0, 0.039981800227442924), (3, 0.039981800227442924)]
7
user_ctn_read
user
[(1, 0.48791646953168344), (2, 0.2752267200899047), (5, 0.10081237362595524), (4, 0.05726202059409118), (0, 0.03939120807918279), (3, 0.03939120807918279)]
8
user_ctn_read
user
[(1, 0.6396810478571998), (5, 0.13253896399337814), (4, 0.08883262125458248), (2, 0.05532073413708492), (0, 0.041813316378877315), (3, 0.041813316378877315)]
9
user_ctn_read
user
[(1, 0.6395665252617141), (5, 0.1327354301141405), (4, 0.08792858009211428), (2, 0.05615624047068445), (0, 0.041806612030673346), (3, 0.041806612030673346)]
10
user_ctn_read
user
[(1, 0.6403963917893052), (5, 0.13288869121209837), (4, 0.08678951582394664), (2, 0.056213731800180904), (0, 0.04185583468723447), (3, 0.04185583468723447)]
-----one service finish-----
2
1
catalogue_ctn_write
catalogue_ctn_read
catalogue
[(3, 0.47222079326592703), (0, 0.3610961217594414), (2, 0.07169836600311967), (1, 0.04749235948575595), (4, 0.04749235948575595)]
2
catalogue_ctn_write
catalogue_ctn_read
catalogue
[(3, 0.5186029775617368), (0, 0.31803786994991), (2, 0.06794779150338029), (1, 0.0477056804924865), (4, 0.0477056804924865)]
3
catalogue_ctn_write
catalogue_ctn_read
catalogue
[(3, 0.47142077836443275), (0, 0.36184608786405353), (2, 0.07175481141652486), (1, 0.04748916117749444), (4, 0.04748916117749444)]
4
catalogue_ctn_write
catalogue_ctn_read
catalogue
[(4, 0.6637821320736014), (1, 0.11899700678622886), (2, 0.11817856436984794), (0, 0.04952114838516092), (3, 0.04952114838516092)]
5
catalogue_ctn_write
catalogue_ctn_read
catalogue
[(0, 0.4061906459320399), (4, 0.38221396373471833), (3, 0.09149499521581206), (1, 0.07531472027183472), (2, 0.044785674845595015)]
6
catalogue_ctn_write
catalogue_ctn_read
catalogue
[(2, 0.6032595713974012), (3, 0.20085953988631536), (1, 0.10460471728123101), (0, 0.04563808571752624), (4, 0.04563808571752624)]
7
catalogue_ctn_write
catalogue_ctn_read
catalogue
[(3, 0.4699021165139962), (0, 0.3625123148548937), (2, 0.07271606242174962), (1, 0.04743475310468025), (4, 0.04743475310468025)]
8
catalogue_ctn_write
catalogue_ctn_read
catalogue
[(3, 0.613863411631167), (0, 0.18668363515409364), (1, 0.10692323292102818), (2, 0.04626486014685561), (4, 0.04626486014685561)]
9
catalogue_ctn_write
catalogue_ctn_read
catalogue
[(3, 0.25090502277986565), (0, 0.24889882476805725), (2, 0.23264937323352428), (4, 0.23264937323352428), (1, 0.03489740598502864)]
10
catalogue_ctn_write
catalogue_ctn_read
catalogue
[(3, 0.613863411631167), (0, 0.18668363515409364), (1, 0.10692323292102818), (2, 0.04626486014685561), (4, 0.04626486014685561)]
-----one service finish-----
3
1
orders_ctn_read
orders
[(0, 0.5284450709287932), (1, 0.19474557557146702), (2, 0.1242146002225038), (5, 0.08043658637333456), (3, 0.036079083451950746), (4, 0.036079083451950746)]
2
orders_ctn_read
orders
[(0, 0.5281157679020705), (1, 0.1942769863009957), (2, 0.12508499465272507), (4, 0.08039118804852356), (3, 0.036065531547842644), (5, 0.036065531547842644)]
3
orders_ctn_read
orders
[(0, 0.5240231803059037), (1, 0.19728605605522181), (2, 0.12711210345732754), (4, 0.07979851791334726), (3, 0.035890071134099887), (5, 0.035890071134099887)]
4
orders_ctn_read
orders
[(0, 0.5264320896756686), (1, 0.19469272114762917), (2, 0.1267382696092714), (4, 0.08014924643914201), (3, 0.035993836564144434), (5, 0.035993836564144434)]
5
orders_ctn_read
orders
[(3, 0.4887560424532768), (4, 0.22151557739544098), (2, 0.11980485491709161), (5, 0.08039249523402117), (1, 0.05505820915083474), (0, 0.034472820849334763)]
6
orders_ctn_read
orders
[(2, 0.5760744291462782), (4, 0.20743163905866022), (1, 0.10155224013948679), (0, 0.038313897218524906), (3, 0.038313897218524906), (5, 0.038313897218524906)]
7
orders_ctn_read
orders
[(0, 0.5220312143010115), (1, 0.19824449690055795), (2, 0.12859612545723936), (4, 0.07951584498220252), (3, 0.03580615917949439), (5, 0.03580615917949439)]
8
orders_ctn_read
orders
[(0, 0.5289350396038813), (1, 0.19512114854163315), (2, 0.12323915061540207), (4, 0.08050547737856839), (3, 0.0360995919302576), (5, 0.0360995919302576)]
9
orders_ctn_read
orders
[(0, 0.5374742529736561), (1, 0.19701073713863365), (2, 0.11942609426147864), (5, 0.07313561207836677), (3, 0.03647665177393248), (4, 0.03647665177393248)]
10
orders_ctn_read
orders
[(4, 0.49680399172074435), (1, 0.22456621447481032), (5, 0.13545531751021447), (0, 0.057011611574301305), (2, 0.05138845306664669), (3, 0.03477441165328289)]
-----one service finish-----
4
1
carts_ctn_read
carts
[(2, 0.4513123679210845), (3, 0.2393396193202916), (1, 0.16649078265462125), (4, 0.05853503048481654), (5, 0.04842125672114243), (0, 0.03590094289804375)]
2
carts_ctn_read
carts
[(2, 0.45132947226865655), (3, 0.2393467183216097), (1, 0.1664790890023819), (4, 0.05867062066768103), (5, 0.04827209199142942), (0, 0.03590200774824146)]
3
carts_ctn_read
carts
[(3, 0.4803536494674552), (5, 0.21773982081378218), (4, 0.11682878236829644), (2, 0.09322551390009888), (1, 0.05772667210956666), (0, 0.03412556134080072)]
4
carts_ctn_read
carts
[(3, 0.4804598776922197), (5, 0.21778645853645948), (4, 0.11682652256895666), (2, 0.09329309883089246), (1, 0.05750377478772543), (0, 0.034130267583746286)]
5
carts_ctn_read
carts
[(2, 0.45141733362520603), (3, 0.23938319354852916), (1, 0.1664190116667804), (4, 0.05612431002689095), (5, 0.05074867210031407), (0, 0.03590747903227938)]
6
carts_ctn_read
carts
[(2, 0.5195467285902243), (1, 0.18260567610392076), (3, 0.11191805515364639), (4, 0.07916795133777706), (5, 0.07102221246788933), (0, 0.035739376346542104)]
7
carts_ctn_read
carts
[(2, 0.4042888559914879), (3, 0.2994809024091165), (5, 0.09136020999578472), (4, 0.08661434214063944), (1, 0.08176385948107207), (0, 0.03649182998189942)]
8
carts_ctn_read
carts
[(2, 0.3135120622341315), (5, 0.2802245722942118), (3, 0.22991885791807792), (4, 0.08420931088185366), (1, 0.05764736798401326), (0, 0.03448782868771169)]
9
carts_ctn_read
carts
[(2, 0.45144022871610395), (3, 0.23939270086329387), (1, 0.16640335396354722), (4, 0.05509587064254191), (5, 0.05175894068501898), (0, 0.03590890512949408)]
10
carts_ctn_read
carts
[(2, 0.440433954845258), (3, 0.23501179129217883), (1, 0.16402813151152953), (4, 0.07008256696673257), (5, 0.055191786690474344), (0, 0.03525176869382683)]
-----one service finish-----
5
1
payment_ctn_write
payment_ctn_read
payment
[(3, 0.4284857547833882), (0, 0.3728651458681067), (1, 0.10758145801016153), (2, 0.04553382066917174), (4, 0.04553382066917174)]
2
payment_ctn_write
payment_ctn_read
payment
[(3, 0.33065387200953694), (2, 0.2996969014873786), (4, 0.2679313550808614), (0, 0.06152816816009379), (1, 0.040189703262129214)]
3
payment_ctn_write
payment_ctn_read
payment
[(3, 0.4056140327298503), (0, 0.37779628694285294), (1, 0.12758165061159266), (2, 0.04450401485785205), (4, 0.04450401485785205)]
4
payment_ctn_write
payment_ctn_read
payment
[(3, 0.48336848522079334), (2, 0.29470811169653827), (1, 0.09957522551163883), (0, 0.07814196081654888), (4, 0.04420621675448074)]
5
payment_ctn_write
payment_ctn_read
payment
[(3, 0.42032536754905964), (2, 0.3600583676597472), (1, 0.1000246865895565), (0, 0.0752572192561366), (4, 0.04433435894550014)]
6
payment_ctn_write
payment_ctn_read
payment
[(4, 0.44695191878094614), (3, 0.2755301166295252), (0, 0.14644796327583998), (1, 0.08974048381925998), (2, 0.041329517494428786)]
7
payment_ctn_write
payment_ctn_read
payment
[(2, 0.4662126242136156), (4, 0.28517286890089566), (3, 0.14936512536035898), (0, 0.05647345118999542), (1, 0.04277593033513435)]
8
payment_ctn_write
payment_ctn_read
payment
[(4, 0.6631783327682439), (3, 0.16918031441937983), (1, 0.06211283413550712), (2, 0.05604642396020453), (0, 0.04948209471666464)]
9
payment_ctn_write
payment_ctn_read
payment
[(2, 0.5624523271433389), (3, 0.2227136182464532), (1, 0.09665670125908696), (0, 0.07482476540267415), (4, 0.04335258794844682)]
10
payment_ctn_write
payment_ctn_read
payment
[(3, 0.4833843620821998), (2, 0.29471740494247034), (1, 0.0995801097932414), (0, 0.07811051244071794), (4, 0.04420761074137056)]
-----one service finish-----
6
1
shipping_ctn_write
shipping_ctn_read
shipping
[(4, 0.6231088997608283), (3, 0.17748105068165881), (2, 0.08408420482879063), (1, 0.06847969007371903), (0, 0.046846154655003205)]
2
shipping_ctn_write
shipping_ctn_read
shipping
[(4, 0.6191458298290031), (3, 0.17829896528243214), (2, 0.08559113865233797), (1, 0.0703638773736376), (0, 0.04660018886258923)]
3
shipping_ctn_write
shipping_ctn_read
shipping
[(3, 0.47224901968503247), (2, 0.3522239377162536), (4, 0.06848275983826418), (1, 0.060110518872398815), (0, 0.04693376388805101)]
4
shipping_ctn_write
shipping_ctn_read
shipping
[(3, 0.4756607673062398), (2, 0.34959398691778637), (4, 0.07200144176080835), (1, 0.055761186574408955), (0, 0.04698261744075644)]
5
shipping_ctn_write
shipping_ctn_read
shipping
[(4, 0.3952949128811366), (2, 0.3916671054231864), (3, 0.10767851538003502), (1, 0.06065559282660886), (0, 0.04470387348903313)]
6
shipping_ctn_write
shipping_ctn_read
shipping
[(2, 0.3975166795308663), (4, 0.39739644167255345), (3, 0.10330332553077809), (1, 0.05662498597897457), (0, 0.04515856728682755)]
7
shipping_ctn_write
shipping_ctn_read
shipping
[(3, 0.3205893612875616), (2, 0.3023817177230427), (4, 0.2894790431782524), (1, 0.04670117468909612), (0, 0.040848703122047296)]
8
shipping_ctn_write
shipping_ctn_read
shipping
[(3, 0.45405855912442494), (0, 0.37012191382621257), (1, 0.08198850158925816), (2, 0.04691551273005219), (4, 0.04691551273005219)]
9
shipping_ctn_write
shipping_ctn_read
shipping
[(3, 0.4337878117817388), (2, 0.3598058091472264), (1, 0.09399695084812075), (4, 0.06732689210837901), (0, 0.045082536114535)]
10
shipping_ctn_write
shipping_ctn_read
shipping
[(4, 0.6219355682540507), (3, 0.17785571140839443), (2, 0.08467960949637394), (1, 0.06875602234629821), (0, 0.04677308849488264)]
-----one service finish-----
2023-03-14 02:28:28
