2023-03-14 02:44:05
0
1
front-end_ctn_write
front-end_ctn_read
front-end
[(2, 0.2671544743143986), (0, 0.23264937323352425), (1, 0.23264937323352425), (3, 0.23264937323352425), (4, 0.03489740598502864)]
2
front-end_ctn_write
front-end_ctn_read
front-end
3
front-end_ctn_write
front-end_ctn_read
front-end
[(0, 0.36975502727891413), (1, 0.2740195533569939), (2, 0.2740195533569939), (3, 0.04110293300354909), (4, 0.04110293300354909)]
4
front-end_ctn_write
front-end_ctn_read
front-end
[(2, 0.45849394164652296), (1, 0.28117342573551113), (0, 0.1483732325096285), (4, 0.06978338624801077), (3, 0.042176013860326676)]
5
front-end_ctn_write
front-end_ctn_read
front-end
[(0, 0.3629782311425121), (1, 0.2683700294005322), (2, 0.2683700294005322), (4, 0.06002620564634367), (3, 0.04025550441007983)]
6
front-end_ctn_write
front-end_ctn_read
front-end
[(2, 0.45977772560702784), (1, 0.2818259308604502), (0, 0.14855505440596967), (3, 0.06756739949748479), (4, 0.042273889629067536)]
7
front-end_ctn_write
front-end_ctn_read
front-end
[(2, 0.32188745496186943), (3, 0.32188745496186943), (1, 0.2740193000586625), (0, 0.04110289500879938), (4, 0.04110289500879938)]
8
front-end_ctn_write
front-end_ctn_read
front-end
[(0, 0.35413349561556273), (1, 0.261812424760226), (2, 0.261812424760226), (3, 0.08296979114995144), (4, 0.0392718637140339)]
9
front-end_ctn_write
front-end_ctn_read
front-end
[(0, 0.36098254317830303), (1, 0.2668183093239413), (2, 0.2668183093239413), (3, 0.06535809177522324), (4, 0.0400227463985912)]
10
front-end_ctn_write
front-end_ctn_read
front-end
[(0, 0.361314619575405), (1, 0.26707393581185446), (2, 0.26707393581185446), (3, 0.06447641842910792), (4, 0.04006109037177817)]
-----one service finish-----
1
1
user_ctn_read
user
[(2, 0.2161666639933777), (0, 0.1888755026521981), (1, 0.1888755026521981), (3, 0.1888755026521981), (5, 0.1888755026521981), (4, 0.028331325397829718)]
2
user_ctn_read
user
[(2, 0.3433467128859532), (3, 0.2960271848201741), (1, 0.24870765675439502), (0, 0.037306148513159255), (4, 0.037306148513159255), (5, 0.037306148513159255)]
3
user_ctn_read
user
[(4, 0.23749949595918743), (5, 0.23627287487718843), (2, 0.2325586525810361), (3, 0.21202714798375918), (1, 0.049837756401265025), (0, 0.031804072197563885)]
4
user_ctn_read
user
5
user_ctn_read
user
[(2, 0.2873222850143301), (0, 0.21596294393505147), (1, 0.21596294393505147), (3, 0.21596294393505147), (4, 0.03239444159025773), (5, 0.03239444159025773)]
6
user_ctn_read
user
[(2, 0.2829548920274886), (0, 0.21252927485343637), (1, 0.21252927485343637), (3, 0.21252927485343637), (5, 0.04757789218418696), (4, 0.03187939122801547)]
7
user_ctn_read
user
[(2, 0.2161666639933777), (0, 0.1888755026521981), (3, 0.1888755026521981), (4, 0.1888755026521981), (5, 0.1888755026521981), (1, 0.028331325397829718)]
8
user_ctn_read
user
[(1, 0.5067186849417253), (3, 0.2660292202604417), (5, 0.08900652327637662), (4, 0.05843680544332411), (0, 0.039904383039066245), (2, 0.039904383039066245)]
9
user_ctn_read
user
[(2, 0.33249187041323663), (3, 0.28036390226058916), (1, 0.23728961125685588), (5, 0.07866773269226168), (0, 0.03559344168852839), (4, 0.03559344168852839)]
10
user_ctn_read
user
[(2, 0.2873222850143301), (0, 0.21596294393505147), (1, 0.21596294393505147), (3, 0.21596294393505147), (4, 0.03239444159025773), (5, 0.03239444159025773)]
-----one service finish-----
2
1
catalogue_ctn_write
catalogue_ctn_read
catalogue
[(3, 0.32796615169393817), (4, 0.30155967463833844), (0, 0.26756991444648953), (2, 0.06276877205426043), (1, 0.04013548716697343)]
2
catalogue_ctn_write
catalogue_ctn_read
catalogue
[(0, 0.2671544743143986), (2, 0.23264937323352425), (3, 0.23264937323352425), (4, 0.23264937323352425), (1, 0.03489740598502864)]
3
catalogue_ctn_write
catalogue_ctn_read
catalogue
[(3, 0.36367111952720643), (0, 0.2689200278860017), (4, 0.2689200278860017), (2, 0.05815082051788992), (1, 0.04033800418290027)]
4
catalogue_ctn_write
catalogue_ctn_read
catalogue
[(0, 0.2671544743143986), (2, 0.23264937323352425), (3, 0.23264937323352425), (4, 0.23264937323352425), (1, 0.03489740598502864)]
5
catalogue_ctn_write
catalogue_ctn_read
catalogue
[(3, 0.613863411631167), (0, 0.18668363515409364), (1, 0.10692323292102818), (2, 0.04626486014685561), (4, 0.04626486014685561)]
6
catalogue_ctn_write
catalogue_ctn_read
catalogue
[(4, 0.32360023307661717), (3, 0.3046426263868276), (0, 0.2670105876510494), (2, 0.06469496473784829), (1, 0.04005158814765741)]
7
catalogue_ctn_write
catalogue_ctn_read
catalogue
[(0, 0.4136556450796955), (4, 0.3739912513055149), (3, 0.08979193355048855), (1, 0.07781851933912784), (2, 0.044742650725173284)]
8
catalogue_ctn_write
catalogue_ctn_read
catalogue
[(0, 0.2671544743143986), (2, 0.23264937323352425), (3, 0.23264937323352425), (4, 0.23264937323352425), (1, 0.03489740598502864)]
9
catalogue_ctn_write
catalogue_ctn_read
catalogue
[(3, 0.3634512127384522), (0, 0.2687448492369341), (4, 0.2687448492369341), (2, 0.058747361402139674), (1, 0.04031172738554011)]
10
catalogue_ctn_write
catalogue_ctn_read
catalogue
[(0, 0.2671544743143986), (2, 0.23264937323352425), (3, 0.23264937323352425), (4, 0.23264937323352425), (1, 0.03489740598502864)]
-----one service finish-----
3
1
orders_ctn_read
orders
[(2, 0.2873222850143301), (0, 0.21596294393505147), (1, 0.21596294393505147), (5, 0.21596294393505147), (3, 0.03239444159025773), (4, 0.03239444159025773)]
2
orders_ctn_read
orders
[(2, 0.45735036279462654), (1, 0.32525160826613536), (4, 0.09606275219647857), (0, 0.040445092247586495), (3, 0.040445092247586495), (5, 0.040445092247586495)]
3
orders_ctn_read
orders
[(2, 0.2161666639933777), (0, 0.1888755026521981), (1, 0.1888755026521981), (3, 0.1888755026521981), (5, 0.1888755026521981), (4, 0.028331325397829718)]
4
orders_ctn_read
orders
[(2, 0.45735036279462654), (1, 0.32525160826613536), (4, 0.09606275219647857), (0, 0.040445092247586495), (3, 0.040445092247586495), (5, 0.040445092247586495)]
5
orders_ctn_read
orders
[(2, 0.3755661614169698), (0, 0.23728961125685585), (1, 0.23728961125685585), (4, 0.07866773269226165), (3, 0.035593441688528384), (5, 0.035593441688528384)]
6
orders_ctn_read
orders
[(2, 0.45735036279462654), (1, 0.32525160826613536), (4, 0.09606275219647857), (0, 0.040445092247586495), (3, 0.040445092247586495), (5, 0.040445092247586495)]
7
orders_ctn_read
orders
[(2, 0.27764766752696973), (3, 0.20878901666033023), (4, 0.20878901666033023), (5, 0.20878901666033023), (1, 0.06466692999299019), (0, 0.03131835249904954)]
8
orders_ctn_read
orders
[(3, 0.4699374248149906), (5, 0.21387026212064666), (4, 0.1577260878010212), (2, 0.06662207919257045), (1, 0.058100817125989405), (0, 0.03374332894478173)]
9
orders_ctn_read
orders
[(2, 0.3539150865905991), (1, 0.24083472383684298), (0, 0.23029366943484128), (4, 0.09587742500947001), (5, 0.04453504471302023), (3, 0.0345440504152262)]
10
orders_ctn_read
orders
[(4, 0.25164261447469083), (1, 0.23440876832927504), (2, 0.2331967900804672), (0, 0.21596294393505147), (3, 0.03239444159025773), (5, 0.03239444159025773)]
-----one service finish-----
4
1
carts_ctn_read
carts
[(2, 0.41574848938044867), (3, 0.22598492171942097), (1, 0.16479373125577654), (4, 0.08662576387157528), (5, 0.07294935551486538), (0, 0.03389773825791315)]
2
carts_ctn_read
carts
[(2, 0.4020816963341794), (3, 0.22138100615172365), (1, 0.16001352676620728), (4, 0.11268659494013945), (5, 0.07063002488499176), (0, 0.033207150922758555)]
3
carts_ctn_read
carts
[(2, 0.4764474168249641), (1, 0.2160389100460662), (4, 0.10928760178800646), (5, 0.09116064731510354), (0, 0.07310346066486889), (3, 0.03396196336099074)]
4
carts_ctn_read
carts
[(2, 0.48888857631837096), (3, 0.25651979969786914), (1, 0.13915771411971894), (0, 0.03847796995468037), (4, 0.03847796995468037), (5, 0.03847796995468037)]
5
carts_ctn_read
carts
[(2, 0.417459058711447), (3, 0.33059599855460514), (5, 0.07898279643399791), (4, 0.06884811433789831), (1, 0.06550295979068216), (0, 0.03861107217136946)]
6
carts_ctn_read
carts
[(2, 0.479510222065053), (3, 0.30309174899570884), (1, 0.09606275219647858), (0, 0.040445092247586495), (4, 0.040445092247586495), (5, 0.040445092247586495)]
7
carts_ctn_read
carts
[(2, 0.47639624998009555), (1, 0.21602200833446794), (4, 0.11042169698630107), (5, 0.09009901096329302), (0, 0.07310021958442713), (3, 0.03396081415141538)]
8
carts_ctn_read
carts
[(2, 0.48888857631837096), (3, 0.25651979969786914), (1, 0.13915771411971894), (0, 0.03847796995468037), (4, 0.03847796995468037), (5, 0.03847796995468037)]
9
carts_ctn_read
carts
[(3, 0.3626907079226023), (2, 0.2926380928778693), (4, 0.12179904601936202), (5, 0.11370739928143256), (1, 0.07472993764255986), (0, 0.03443481625617402)]
10
carts_ctn_read
carts
[(2, 0.3324918704132366), (3, 0.2803639022605891), (4, 0.23728961125685585), (1, 0.07866773269226167), (0, 0.035593441688528384), (5, 0.035593441688528384)]
-----one service finish-----
5
1
payment_ctn_write
payment_ctn_read
payment
[(0, 0.2671544743143986), (2, 0.23264937323352425), (3, 0.23264937323352425), (4, 0.23264937323352425), (1, 0.03489740598502864)]
2
payment_ctn_write
payment_ctn_read
payment
[(0, 0.2671544743143986), (2, 0.23264937323352425), (3, 0.23264937323352425), (4, 0.23264937323352425), (1, 0.03489740598502864)]
3
payment_ctn_write
payment_ctn_read
payment
[(4, 0.5418161682868553), (3, 0.2171075633602206), (2, 0.10558816041615456), (1, 0.0931546756829628), (0, 0.04233343225380674)]
4
payment_ctn_write
payment_ctn_read
payment
[(0, 0.2671544743143986), (2, 0.23264937323352425), (3, 0.23264937323352425), (4, 0.23264937323352425), (1, 0.03489740598502864)]
5
payment_ctn_write
payment_ctn_read
payment
[(0, 0.2671544743143986), (2, 0.23264937323352425), (3, 0.23264937323352425), (4, 0.23264937323352425), (1, 0.03489740598502864)]
6
payment_ctn_write
payment_ctn_read
payment
[(0, 0.2671544743143986), (2, 0.23264937323352425), (3, 0.23264937323352425), (4, 0.23264937323352425), (1, 0.03489740598502864)]
7
payment_ctn_write
payment_ctn_read
payment
[(3, 0.3113114120347152), (0, 0.3046340924416547), (2, 0.2618125117236332), (1, 0.0829701070414521), (4, 0.03927187675854498)]
8
payment_ctn_write
payment_ctn_read
payment
[(0, 0.2671544743143986), (2, 0.23264937323352425), (3, 0.23264937323352425), (4, 0.23264937323352425), (1, 0.03489740598502864)]
9
payment_ctn_write
payment_ctn_read
payment
10
payment_ctn_write
payment_ctn_read
payment
[(0, 0.35413349561556273), (3, 0.261812424760226), (4, 0.261812424760226), (1, 0.08296979114995144), (2, 0.0392718637140339)]
-----one service finish-----
6
1
shipping_ctn_write
shipping_ctn_read
shipping
[(3, 0.4981904620335506), (2, 0.35534720641467527), (0, 0.04882077718392473), (1, 0.04882077718392473), (4, 0.04882077718392473)]
2
shipping_ctn_write
shipping_ctn_read
shipping
[(2, 0.2499246840233927), (3, 0.2498791635245301), (0, 0.23264937323352425), (4, 0.23264937323352425), (1, 0.03489740598502864)]
3
shipping_ctn_write
shipping_ctn_read
shipping
[(3, 0.3327978163784649), (2, 0.29472721848542316), (4, 0.2902691751185132), (0, 0.04110289500879938), (1, 0.04110289500879938)]
4
shipping_ctn_write
shipping_ctn_read
shipping
[(3, 0.33042994197471154), (2, 0.29495995817353565), (4, 0.29240430983415405), (0, 0.04110289500879938), (1, 0.04110289500879938)]
5
shipping_ctn_write
shipping_ctn_read
shipping
[(3, 0.25228154974547135), (2, 0.2475222978024515), (0, 0.23264937323352425), (4, 0.23264937323352425), (1, 0.03489740598502864)]
6
shipping_ctn_write
shipping_ctn_read
shipping
[(3, 0.49859367949946987), (2, 0.35494398894875595), (0, 0.04882077718392473), (1, 0.04882077718392473), (4, 0.04882077718392473)]
7
shipping_ctn_write
shipping_ctn_read
shipping
[(3, 0.25333839210705433), (2, 0.24646545544086854), (0, 0.23264937323352425), (4, 0.23264937323352425), (1, 0.03489740598502864)]
8
shipping_ctn_write
shipping_ctn_read
shipping
[(3, 0.25313403508377175), (2, 0.24666981246415107), (0, 0.23264937323352425), (4, 0.23264937323352425), (1, 0.03489740598502864)]
9
shipping_ctn_write
shipping_ctn_read
shipping
[(3, 0.3337778777506682), (2, 0.2944450767464809), (4, 0.2895712554852522), (0, 0.04110289500879938), (1, 0.04110289500879938)]
10
shipping_ctn_write
shipping_ctn_read
shipping
[(3, 0.34962221342757804), (2, 0.29415269649616077), (4, 0.2740193000586625), (0, 0.04110289500879938), (1, 0.04110289500879938)]
-----one service finish-----
2023-03-14 02:57:46
