2023-03-14 01:25:27
0
1
front-end_ctn_write
front-end_ctn_read
front-end
[(2, 0.5432579404024606), (4, 0.21753838346010557), (3, 0.12667042396408396), (0, 0.07013107297580563), (1, 0.0424021791975443)]
2
front-end_ctn_write
front-end_ctn_read
front-end
[(2, 0.4064636185609261), (1, 0.3646891094762239), (0, 0.11143259120622835), (4, 0.07358860709043753), (3, 0.04382607366618413)]
3
front-end_ctn_write
front-end_ctn_read
front-end
[(2, 0.6058378280920125), (4, 0.23156637090474602), (0, 0.07095807480780605), (1, 0.04581886309771775), (3, 0.04581886309771775)]
4
front-end_ctn_write
front-end_ctn_read
front-end
[(2, 0.4078594880085713), (1, 0.3560392884243163), (0, 0.11822085955665149), (4, 0.0744457075619052), (3, 0.043434656448555695)]
5
front-end_ctn_write
front-end_ctn_read
front-end
[(2, 0.4083955146940678), (1, 0.35149577333839044), (0, 0.1254018368206968), (3, 0.07148548443004203), (4, 0.04322139071680303)]
6
front-end_ctn_write
front-end_ctn_read
front-end
[(2, 0.4083000282047931), (1, 0.3527693922707923), (0, 0.12318644405497893), (4, 0.07246026457624377), (3, 0.043283870893192015)]
7
front-end_ctn_write
front-end_ctn_read
front-end
[(2, 0.6058280750690749), (4, 0.23156460260959522), (0, 0.07097078399333974), (1, 0.04581826916399514), (3, 0.04581826916399514)]
8
front-end_ctn_write
front-end_ctn_read
front-end
[(2, 0.40687102646766543), (1, 0.36494441261416527), (0, 0.11117892184414377), (4, 0.07314345357496448), (3, 0.04386218549906104)]
9
front-end_ctn_write
front-end_ctn_read
front-end
[(2, 0.3950908779241865), (1, 0.34627422437471844), (0, 0.14853303708308233), (4, 0.06784005645230978), (3, 0.04226180416570292)]
10
front-end_ctn_write
front-end_ctn_read
front-end
[(2, 0.40708651576283766), (1, 0.3568879623473032), (0, 0.11822345833301248), (4, 0.07436335807005422), (3, 0.043438705486792434)]
-----one service finish-----
1
1
user_ctn_read
user
[(2, 0.3908049461969382), (1, 0.3269915853986328), (5, 0.11868170414051649), (4, 0.08925161617381774), (0, 0.03713507404504741), (3, 0.03713507404504741)]
2
user_ctn_read
user
[(2, 0.39914795930568436), (1, 0.31223732773790025), (5, 0.10869259368733249), (4, 0.10625053087582668), (0, 0.03683579419662807), (3, 0.03683579419662807)]
3
user_ctn_read
user
[(2, 0.36337831394695824), (1, 0.36223336626467356), (5, 0.11208795348623436), (4, 0.0872884333012392), (0, 0.03750596650044733), (3, 0.03750596650044733)]
4
user_ctn_read
user
[(1, 0.3748203457747688), (2, 0.37058803024147113), (4, 0.09435957296033622), (5, 0.0832761111140631), (0, 0.03847796995468036), (3, 0.03847796995468036)]
5
user_ctn_read
user
[(5, 0.5806724666425649), (3, 0.12958466747139868), (4, 0.1212343822328422), (2, 0.0722222127934334), (1, 0.057706672319366735), (0, 0.03857959854039409)]
6
user_ctn_read
user
[(5, 0.30817420602201157), (2, 0.2900814656647783), (3, 0.2635932266687023), (1, 0.06594150869739784), (0, 0.036104796473555044), (4, 0.036104796473555044)]
7
user_ctn_read
user
[(2, 0.39044418782237905), (1, 0.3280210790918352), (5, 0.1241544748625395), (4, 0.08304687108551065), (0, 0.03716669356886777), (3, 0.03716669356886777)]
8
user_ctn_read
user
[(1, 0.4321122869875169), (2, 0.33009993373366897), (4, 0.11976125825625449), (0, 0.03934217367418654), (3, 0.03934217367418654), (5, 0.03934217367418654)]
9
user_ctn_read
user
[(1, 0.4317416790652051), (2, 0.313666696951035), (4, 0.09313191054367835), (5, 0.08450377353072097), (0, 0.03847796995468036), (3, 0.03847796995468036)]
10
user_ctn_read
user
[(2, 0.40113604994048563), (1, 0.3161577859964317), (5, 0.12122404894482937), (4, 0.08725909025820326), (0, 0.03711151243002505), (3, 0.03711151243002505)]
-----one service finish-----
2
1
catalogue_ctn_write
catalogue_ctn_read
catalogue
[(3, 0.4434141181466372), (0, 0.36042215517709847), (1, 0.07915861322024197), (4, 0.0713248375774232), (2, 0.04568027587859916)]
2
catalogue_ctn_write
catalogue_ctn_read
catalogue
[(3, 0.6080445909488733), (1, 0.16532145409646853), (2, 0.13480867789789203), (0, 0.04591263852838307), (4, 0.04591263852838307)]
3
catalogue_ctn_write
catalogue_ctn_read
catalogue
[(4, 0.6165229499662497), (1, 0.14167899158846944), (2, 0.12300562916445998), (0, 0.07234365880951096), (3, 0.04644877047131005)]
4
catalogue_ctn_write
catalogue_ctn_read
catalogue
[(4, 0.613863411631167), (0, 0.1866836351540936), (1, 0.10692323292102818), (2, 0.04626486014685561), (3, 0.04626486014685561)]
5
catalogue_ctn_write
catalogue_ctn_read
catalogue
[(4, 0.613863411631167), (0, 0.1866836351540936), (1, 0.10692323292102818), (2, 0.04626486014685561), (3, 0.04626486014685561)]
6
catalogue_ctn_write
catalogue_ctn_read
catalogue
[(0, 0.40794990853792823), (4, 0.3821122273595424), (3, 0.0897412186506782), (1, 0.07531656882363358), (2, 0.04488007662821757)]
7
catalogue_ctn_write
catalogue_ctn_read
catalogue
[(0, 0.4078361713000363), (4, 0.3823621093778397), (3, 0.08972602370086384), (1, 0.07518784734767096), (2, 0.04488784827358928)]
8
catalogue_ctn_write
catalogue_ctn_read
catalogue
[(2, 0.4810150303075737), (4, 0.29334919818400895), (3, 0.1376310120532147), (0, 0.044002379727601355), (1, 0.044002379727601355)]
9
catalogue_ctn_write
catalogue_ctn_read
catalogue
[(3, 0.4453679211288688), (0, 0.35846835219486683), (1, 0.07857188001322567), (4, 0.0719115707844395), (2, 0.04568027587859916)]
10
catalogue_ctn_write
catalogue_ctn_read
catalogue
[(4, 0.613863411631167), (0, 0.1866836351540936), (1, 0.10692323292102818), (2, 0.04626486014685561), (3, 0.04626486014685561)]
-----one service finish-----
3
1
orders_ctn_read
orders
[(0, 0.5135947974117091), (1, 0.20423530467201648), (2, 0.10248051420994533), (5, 0.09491503117495442), (4, 0.04930141405380926), (3, 0.035472938477565524)]
2
orders_ctn_read
orders
[(1, 0.5252360642944773), (2, 0.23374073302492582), (5, 0.10332521229506139), (4, 0.06578316027821182), (0, 0.03595741505366181), (3, 0.03595741505366181)]
3
orders_ctn_read
orders
[(3, 0.3720521922429591), (2, 0.3355732211470604), (1, 0.1416499812859454), (5, 0.07739785980674957), (0, 0.03666337275864283), (4, 0.03666337275864283)]
4
orders_ctn_read
orders
[(2, 0.5845488930140661), (4, 0.15405833367838015), (5, 0.11751092857183729), (0, 0.06634443424081538), (1, 0.03876870524745057), (3, 0.03876870524745057)]
5
orders_ctn_read
orders
[(1, 0.5711373443022969), (2, 0.19135189406388647), (5, 0.09327254513448545), (4, 0.06805567854635378), (0, 0.03809126897648868), (3, 0.03809126897648868)]
6
orders_ctn_read
orders
[(5, 0.5719810848650848), (2, 0.19489179739415985), (4, 0.08918588296992745), (1, 0.06767344075671924), (0, 0.038133897007054336), (3, 0.038133897007054336)]
7
orders_ctn_read
orders
[(3, 0.4703043044991761), (5, 0.2143848955004556), (4, 0.12733009723546504), (2, 0.0819965558063508), (1, 0.07226562232594548), (0, 0.033718524632607015)]
8
orders_ctn_read
orders
[(3, 0.4721086256311576), (5, 0.21489727946591164), (4, 0.15813730585372993), (2, 0.06371261081259555), (1, 0.05731503473628663), (0, 0.03382914350031868)]
9
orders_ctn_read
orders
[(3, 0.47176230904648436), (5, 0.2147317441606325), (4, 0.15807788291850824), (2, 0.06326781480512361), (1, 0.05834438588842178), (0, 0.03381586318082958)]
10
orders_ctn_read
orders
[(0, 0.4791700830132259), (1, 0.21870115900052065), (2, 0.15986270387477097), (5, 0.07396684975023038), (3, 0.034149602180626064), (4, 0.034149602180626064)]
-----one service finish-----
4
1
carts_ctn_read
carts
[(3, 0.48113784337880994), (5, 0.2180627125431031), (4, 0.11717798716230636), (2, 0.09076108420943699), (1, 0.05870480879272572), (0, 0.03415556391361791)]
2
carts_ctn_read
carts
[(2, 0.4514880765382454), (3, 0.23941257331296062), (1, 0.166370627848298), (5, 0.057516705120592995), (4, 0.04930013118295882), (0, 0.0359118859969441)]
3
carts_ctn_read
carts
[(2, 0.4514714059080007), (3, 0.23940564904693823), (1, 0.1663820304731451), (5, 0.05825544945456379), (4, 0.04857461776031148), (0, 0.03591084735704074)]
4
carts_ctn_read
carts
[(2, 0.4515136419145121), (3, 0.2394231931521869), (1, 0.1663531401427677), (5, 0.059460488038570666), (4, 0.04733605777913469), (0, 0.03591347897282804)]
5
carts_ctn_read
carts
[(3, 0.47837507951939845), (5, 0.21687843571490006), (4, 0.1168321511204979), (2, 0.09219303909697868), (1, 0.06168317622888985), (0, 0.034038118319334947)]
6
carts_ctn_read
carts
[(2, 0.4111203106273596), (3, 0.3038745094321699), (5, 0.08487621031096752), (1, 0.08356532489780051), (4, 0.07955755972688382), (0, 0.03700608500481854)]
7
carts_ctn_read
carts
[(3, 0.5174828927026057), (5, 0.20917496264316374), (4, 0.08758982365731889), (1, 0.0788132428226379), (2, 0.07130301013735191), (0, 0.03563606803692185)]
8
carts_ctn_read
carts
[(2, 0.4395905728549444), (3, 0.23468308273734279), (1, 0.16447152399914547), (4, 0.07058818319873376), (5, 0.05546417479923231), (0, 0.035202462410601425)]
9
carts_ctn_read
carts
[(3, 0.47918676066611743), (5, 0.21723049633231195), (4, 0.1168350183600408), (2, 0.09260225018163573), (1, 0.060071466374834466), (0, 0.034074008085059726)]
10
carts_ctn_read
carts
[(2, 0.4337341962261342), (3, 0.23250266940889527), (5, 0.12871940264101744), (1, 0.09393862212357891), (4, 0.07622970918903976), (0, 0.034875400411334294)]
-----one service finish-----
5
1
payment_ctn_write
payment_ctn_read
payment
[(4, 0.5659335747071024), (3, 0.17479234182593165), (2, 0.11829538238984941), (1, 0.0974107234797845), (0, 0.04356797759733208)]
2
payment_ctn_write
payment_ctn_read
payment
[(4, 0.5412506813803128), (3, 0.2169369540780284), (2, 0.10644392900079606), (1, 0.09306187196652208), (0, 0.042306563574340636)]
3
payment_ctn_write
payment_ctn_read
payment
[(2, 0.5621664260318101), (3, 0.2226440694151824), (1, 0.09660656243592604), (0, 0.07524501899766867), (4, 0.043337923119412876)]
4
payment_ctn_write
payment_ctn_read
payment
[(4, 0.5540731826976295), (3, 0.20000138682006893), (2, 0.10770843365381057), (1, 0.09526817872841967), (0, 0.04294881810007134)]
5
payment_ctn_write
payment_ctn_read
payment
[(0, 0.4401782017592745), (3, 0.3636580715644612), (1, 0.10480317491906602), (2, 0.045680275878599165), (4, 0.045680275878599165)]
6
payment_ctn_write
payment_ctn_read
payment
[(3, 0.39528690798243504), (4, 0.3533436138950895), (2, 0.11459723403331032), (1, 0.09413843378395605), (0, 0.042633810305209206)]
7
payment_ctn_write
payment_ctn_read
payment
[(2, 0.5616389729494143), (3, 0.22251516859535025), (1, 0.09651418828533204), (0, 0.07602075938124608), (4, 0.04331091078865725)]
8
payment_ctn_write
payment_ctn_read
payment
[(0, 0.583387939525771), (1, 0.2271982690783448), (3, 0.10046691727657621), (2, 0.044473437059653995), (4, 0.044473437059653995)]
9
payment_ctn_write
payment_ctn_read
payment
[(0, 0.4401782017592745), (3, 0.3636580715644612), (1, 0.10480317491906604), (2, 0.04568027587859916), (4, 0.04568027587859916)]
10
payment_ctn_write
payment_ctn_read
payment
[(3, 0.6358136553188601), (0, 0.15693656478330353), (1, 0.11195969947331626), (2, 0.047645040212260056), (4, 0.047645040212260056)]
-----one service finish-----
6
1
shipping_ctn_write
shipping_ctn_read
shipping
[(2, 0.4060377307449369), (4, 0.3741511626817134), (3, 0.1311629967938604), (0, 0.044324054889744696), (1, 0.044324054889744696)]
2
shipping_ctn_write
shipping_ctn_read
shipping
[(3, 0.4799337232268445), (2, 0.34756963178010186), (4, 0.06948735554099585), (1, 0.05588559627710699), (0, 0.04712369317495086)]
3
shipping_ctn_write
shipping_ctn_read
shipping
[(3, 0.4781161607426705), (2, 0.34849895724795477), (4, 0.0700152245330663), (1, 0.056301791926926054), (0, 0.0470678655493823)]
4
shipping_ctn_write
shipping_ctn_read
shipping
[(3, 0.49584414508986824), (2, 0.3576935233583576), (0, 0.04882077718392473), (1, 0.04882077718392473), (4, 0.04882077718392473)]
5
shipping_ctn_write
shipping_ctn_read
shipping
[(2, 0.4040090895389481), (4, 0.36480008353998167), (3, 0.12204093170369155), (1, 0.06545095922838716), (0, 0.04369893598899147)]
6
shipping_ctn_write
shipping_ctn_read
shipping
[(3, 0.47589596582974064), (2, 0.35043921534250533), (4, 0.06859244012808878), (1, 0.05802208062016173), (0, 0.04705029807950362)]
7
shipping_ctn_write
shipping_ctn_read
shipping
[(2, 0.4026702149348011), (4, 0.3794712436219926), (3, 0.11551104376448662), (1, 0.05791492027565906), (0, 0.04443257740306063)]
8
shipping_ctn_write
shipping_ctn_read
shipping
[(2, 0.4062947017347671), (4, 0.3635786360524285), (3, 0.12247553928769324), (1, 0.06389448488832569), (0, 0.043756638036785464)]
9
shipping_ctn_write
shipping_ctn_read
shipping
[(4, 0.6207253690443746), (3, 0.17873471600103782), (2, 0.08490596155372242), (1, 0.06893591930986386), (0, 0.04669803409100137)]
10
shipping_ctn_write
shipping_ctn_read
shipping
[(3, 0.4989832767546904), (2, 0.3545543916935354), (0, 0.04882077718392473), (1, 0.04882077718392473), (4, 0.04882077718392473)]
-----one service finish-----
2023-03-14 01:51:21
