2023-03-14 02:28:28
0
1
front-end_ctn_write
front-end_ctn_read
front-end
[(2, 0.3877788570514403), (1, 0.351778771329306), (0, 0.14836271516641422), (3, 0.0699091747054973), (4, 0.042170481747342184)]
2
front-end_ctn_write
front-end_ctn_read
front-end
[(2, 0.40179549334451575), (1, 0.3644896772005753), (0, 0.11678959064555632), (4, 0.07336258126287012), (3, 0.04356265754648257)]
3
front-end_ctn_write
front-end_ctn_read
front-end
[(2, 0.583387939525771), (4, 0.2271982690783448), (3, 0.10046691727657618), (0, 0.04447343705965399), (1, 0.04447343705965399)]
4
front-end_ctn_write
front-end_ctn_read
front-end
[(2, 0.4010826578074786), (1, 0.3635267280700936), (0, 0.11647094887430406), (4, 0.07544697525253787), (3, 0.04347268999558581)]
5
front-end_ctn_write
front-end_ctn_read
front-end
[(2, 0.4014411550957609), (1, 0.3637072287604857), (0, 0.11624041703400051), (4, 0.07510961421045023), (3, 0.04350158489930264)]
6
front-end_ctn_write
front-end_ctn_read
front-end
[(2, 0.4088928731013861), (1, 0.3532433228775496), (0, 0.12535803031028467), (4, 0.06916514907606398), (3, 0.043340624634715684)]
7
front-end_ctn_write
front-end_ctn_read
front-end
[(2, 0.45827317501484593), (1, 0.28106172365550797), (0, 0.14834129870979218), (3, 0.07016454407152772), (4, 0.0421592585483262)]
8
front-end_ctn_write
front-end_ctn_read
front-end
[(0, 0.3317230541310594), (2, 0.2969397890979764), (1, 0.2671933132233976), (4, 0.06406484656405702), (3, 0.04007899698350965)]
9
front-end_ctn_write
front-end_ctn_read
front-end
[(2, 0.46067580739638275), (1, 0.2822853902442898), (0, 0.14867829741636981), (3, 0.06601769640631423), (4, 0.042342808536643475)]
10
front-end_ctn_write
front-end_ctn_read
front-end
[(2, 0.5315905588608184), (4, 0.21433902846129047), (3, 0.14577780277698613), (0, 0.06647023584118904), (1, 0.04182237405971588)]
-----one service finish-----
1
1
user_ctn_read
user
[(5, 0.3499908726809959), (4, 0.2563626439827154), (3, 0.23471006635552447), (2, 0.06275596755618462), (1, 0.060973939471251015), (0, 0.03520650995332868)]
2
user_ctn_read
user
[(2, 0.3092659400958099), (5, 0.3035900516735161), (3, 0.23728920306177678), (1, 0.060315415477247496), (4, 0.053946009232383095), (0, 0.03559338045926652)]
3
user_ctn_read
user
[(2, 0.27764766752696973), (3, 0.20878901666033023), (4, 0.20878901666033023), (5, 0.20878901666033023), (1, 0.06466692999299019), (0, 0.03131835249904954)]
4
user_ctn_read
user
[(2, 0.2776476675269697), (0, 0.2087890166603302), (1, 0.2087890166603302), (3, 0.2087890166603302), (5, 0.06466692999299016), (4, 0.03131835249904953)]
5
user_ctn_read
user
[(2, 0.3560048085686145), (3, 0.2599758940422926), (1, 0.2385579832577606), (5, 0.07389391915400408), (0, 0.03578369748866409), (4, 0.03578369748866409)]
6
user_ctn_read
user
[(2, 0.3624893067386158), (1, 0.22914794338593686), (3, 0.22914794338593686), (4, 0.07454172914435768), (5, 0.07030088583726235), (0, 0.03437219150789054)]
7
user_ctn_read
user
[(5, 0.3238134733398594), (4, 0.27731505810519025), (3, 0.23269273733721307), (2, 0.07678284307207471), (1, 0.05449197754508064), (0, 0.03490391060058197)]
8
user_ctn_read
user
[(2, 0.2833339090649981), (0, 0.21281324027318876), (1, 0.21281324027318876), (3, 0.21281324027318876), (5, 0.04630438407445727), (4, 0.03192198604097832)]
9
user_ctn_read
user
[(2, 0.28300227034848746), (0, 0.21256463875777978), (1, 0.21256463875777978), (3, 0.21256463875777978), (4, 0.047419117564506244), (5, 0.03188469581366697)]
10
user_ctn_read
user
[(2, 0.268358921406375), (4, 0.224344860784332), (3, 0.21135399770075966), (5, 0.21135399770075966), (1, 0.05288512275265961), (0, 0.031703099655113955)]
-----one service finish-----
2
1
catalogue_ctn_write
catalogue_ctn_read
catalogue
[(4, 0.613863411631167), (0, 0.1866836351540936), (1, 0.10692323292102818), (2, 0.04626486014685561), (3, 0.04626486014685561)]
2
catalogue_ctn_write
catalogue_ctn_read
catalogue
[(0, 0.35413349561556273), (3, 0.261812424760226), (4, 0.261812424760226), (1, 0.08296979114995144), (2, 0.0392718637140339)]
3
catalogue_ctn_write
catalogue_ctn_read
catalogue
[(0, 0.35413349561556273), (3, 0.261812424760226), (4, 0.261812424760226), (1, 0.08296979114995144), (2, 0.0392718637140339)]
4
catalogue_ctn_write
catalogue_ctn_read
catalogue
[(4, 0.6637146852727094), (1, 0.11897912766414823), (2, 0.118273281044929), (0, 0.049516453009106745), (3, 0.049516453009106745)]
5
catalogue_ctn_write
catalogue_ctn_read
catalogue
[(0, 0.35413349561556273), (3, 0.261812424760226), (4, 0.261812424760226), (1, 0.08296979114995144), (2, 0.0392718637140339)]
6
catalogue_ctn_write
catalogue_ctn_read
catalogue
[(4, 0.40657262807897165), (3, 0.3496291064629344), (2, 0.10528598682020461), (1, 0.09548504774514988), (0, 0.04302723089273949)]
7
catalogue_ctn_write
catalogue_ctn_read
catalogue
[(0, 0.4401782017592745), (3, 0.3636580715644612), (1, 0.10480317491906604), (2, 0.04568027587859916), (4, 0.04568027587859916)]
8
catalogue_ctn_write
catalogue_ctn_read
catalogue
[(0, 0.41094282460813975), (4, 0.3636432504886829), (3, 0.1138138026670246), (2, 0.06758628359097145), (1, 0.04401383864518135)]
9
catalogue_ctn_write
catalogue_ctn_read
catalogue
[(4, 0.4067403361589797), (0, 0.39709593716475605), (1, 0.104803174919066), (2, 0.04568027587859916), (3, 0.04568027587859916)]
10
catalogue_ctn_write
catalogue_ctn_read
catalogue
[(0, 0.4224103827837536), (4, 0.34730202043823966), (1, 0.09797523346268781), (3, 0.0885645462268921), (2, 0.043747817088426746)]
-----one service finish-----
3
1
orders_ctn_read
orders
[(2, 0.441853967939274), (1, 0.23557232948751541), (5, 0.15357704116049364), (4, 0.09832496256646234), (0, 0.03533584942312732), (3, 0.03533584942312732)]
2
orders_ctn_read
orders
[(1, 0.47917008301322594), (5, 0.21870115900052065), (2, 0.15986270387477097), (4, 0.07396684975023039), (0, 0.03414960218062607), (3, 0.03414960218062607)]
3
orders_ctn_read
orders
[(1, 0.479170083013226), (5, 0.21870115900052065), (2, 0.15986270387477095), (4, 0.07396684975023038), (0, 0.03414960218062607), (3, 0.03414960218062607)]
4
orders_ctn_read
orders
[(1, 0.3213754028075678), (2, 0.26280561246288625), (3, 0.2264652242822639), (5, 0.08217936420480319), (4, 0.0732046126001392), (0, 0.03396978364233959)]
5
orders_ctn_read
orders
[(2, 0.4620168736400532), (1, 0.2439181185920186), (4, 0.13877609095306465), (5, 0.082113481237258), (0, 0.03658771778880279), (3, 0.03658771778880279)]
6
orders_ctn_read
orders
[(1, 0.5493276412311209), (2, 0.20994511846750588), (4, 0.08371772258083694), (5, 0.08292405495675581), (0, 0.03704273138189018), (3, 0.03704273138189018)]
7
orders_ctn_read
orders
[(2, 0.37556616141696986), (0, 0.23728961125685585), (1, 0.23728961125685585), (4, 0.07866773269226167), (3, 0.035593441688528384), (5, 0.035593441688528384)]
8
orders_ctn_read
orders
[(2, 0.5596909658663537), (4, 0.16764018070939604), (1, 0.08552843800948785), (3, 0.0749117955596039), (0, 0.07467974922438239), (5, 0.03754887063077596)]
9
orders_ctn_read
orders
[(1, 0.5439309486492919), (2, 0.23855070168829665), (5, 0.08356319504240232), (4, 0.06039165347963173), (0, 0.036781750570188704), (3, 0.036781750570188704)]
10
orders_ctn_read
orders
[(1, 0.5391893567273502), (2, 0.2374072240694292), (4, 0.08806336338958692), (5, 0.06220990400211938), (0, 0.036565075905757194), (3, 0.036565075905757194)]
-----one service finish-----
4
1
carts_ctn_read
carts
[(3, 0.37452454237687954), (2, 0.3260866535189856), (5, 0.10698894770620318), (1, 0.08127463589161875), (4, 0.07477600938659333), (0, 0.036349211119719636)]
2
carts_ctn_read
carts
[(2, 0.42787344625092477), (3, 0.23026773354249758), (1, 0.16840902272109856), (4, 0.07952701282809989), (5, 0.05938262462600466), (0, 0.034540160031374646)]
3
carts_ctn_read
carts
[(3, 0.3568715335499579), (2, 0.3517714221437406), (1, 0.15164646208622098), (4, 0.0662890229037565), (0, 0.03671077965816202), (5, 0.03671077965816202)]
4
carts_ctn_read
carts
[(2, 0.38908732347027114), (3, 0.3511694122806461), (1, 0.11214862420856582), (4, 0.07115642320133883), (0, 0.03821910841958904), (5, 0.03821910841958904)]
5
carts_ctn_read
carts
[(3, 0.478346045335959), (5, 0.21686090610615494), (4, 0.11695285295280947), (2, 0.09118186971083707), (1, 0.06262295125850478), (0, 0.034035374635734826)]
6
carts_ctn_read
carts
[(3, 0.5000762362755505), (5, 0.22541597281665826), (4, 0.09606546625567845), (2, 0.08271099798575747), (1, 0.0608221670664336), (0, 0.03490915959992174)]
7
carts_ctn_read
carts
[(2, 0.4304866769165043), (3, 0.23121556863899068), (1, 0.16909841066975784), (4, 0.07858130718340134), (5, 0.0559357012954974), (0, 0.03468233529584861)]
8
carts_ctn_read
carts
[(2, 0.4119836323264551), (3, 0.3229088287171398), (5, 0.0829105123793676), (4, 0.07809531662016338), (1, 0.06614610116315559), (0, 0.037955608793718565)]
9
carts_ctn_read
carts
[(2, 0.4272928995638115), (3, 0.2300604120249224), (1, 0.1682464521865465), (4, 0.0777844591258707), (5, 0.06210671529511047), (0, 0.03450906180373836)]
10
carts_ctn_read
carts
[(3, 0.47844834303865424), (5, 0.21691792900639378), (4, 0.11663141220135093), (2, 0.09389337812088214), (1, 0.060064971497581464), (0, 0.03404396613513751)]
-----one service finish-----
5
1
payment_ctn_write
payment_ctn_read
payment
[(0, 0.2671544743143986), (2, 0.23264937323352425), (3, 0.23264937323352425), (4, 0.23264937323352425), (1, 0.03489740598502864)]
2
payment_ctn_write
payment_ctn_read
payment
[(0, 0.4401782017592745), (3, 0.3636580715644612), (1, 0.10480317491906604), (2, 0.04568027587859916), (4, 0.04568027587859916)]
3
payment_ctn_write
payment_ctn_read
payment
[(4, 0.5408450496471755), (3, 0.21681400506044898), (2, 0.10705822142664823), (1, 0.0929954008141434), (0, 0.04228732305158385)]
4
payment_ctn_write
payment_ctn_read
payment
[(3, 0.4290456562681967), (0, 0.3747906170555391), (1, 0.10480317491906602), (2, 0.045680275878599165), (4, 0.045680275878599165)]
5
payment_ctn_write
payment_ctn_read
payment
[(0, 0.4401782017592745), (3, 0.3636580715644612), (1, 0.10480317491906602), (2, 0.045680275878599165), (4, 0.045680275878599165)]
6
payment_ctn_write
payment_ctn_read
payment
[(4, 0.539931835081511), (3, 0.21653546346995253), (2, 0.10844254490424449), (1, 0.09284605077179907), (0, 0.042244105772493004)]
7
payment_ctn_write
payment_ctn_read
payment
[(0, 0.583387939525771), (1, 0.2271982690783448), (3, 0.10046691727657621), (2, 0.044473437059653995), (4, 0.044473437059653995)]
8
payment_ctn_write
payment_ctn_read
payment
[(4, 0.5811548198603228), (3, 0.1956544725840543), (2, 0.09630446755274953), (1, 0.08250948948768999), (0, 0.04437675051518333)]
9
payment_ctn_write
payment_ctn_read
payment
[(3, 0.5164900857974943), (4, 0.20853597315392144), (0, 0.14464849306383204), (1, 0.08914631565165086), (2, 0.041179132333101186)]
10
payment_ctn_write
payment_ctn_read
payment
[(3, 0.4765951308404568), (2, 0.2908260546407044), (1, 0.09754485627985113), (0, 0.09141005004288212), (4, 0.04362390819610566)]
-----one service finish-----
6
1
shipping_ctn_write
shipping_ctn_read
shipping
[(3, 0.2508073203874999), (2, 0.24899652716042298), (0, 0.23264937323352425), (4, 0.23264937323352425), (1, 0.03489740598502864)]
2
shipping_ctn_write
shipping_ctn_read
shipping
[(3, 0.2509056846290608), (2, 0.24889816291886205), (0, 0.23264937323352425), (4, 0.23264937323352425), (1, 0.03489740598502864)]
3
shipping_ctn_write
shipping_ctn_read
shipping
[(4, 0.3374732701049063), (2, 0.2933256653204685), (0, 0.26812830474089294), (3, 0.060853514122598415), (1, 0.04021924571113395)]
4
shipping_ctn_write
shipping_ctn_read
shipping
[(4, 0.5429074668714067), (3, 0.21743420732572213), (2, 0.10393866493177811), (1, 0.09333422519840368), (0, 0.04238543567268942)]
5
shipping_ctn_write
shipping_ctn_read
shipping
[(3, 0.3697550272789141), (0, 0.27401955335699385), (2, 0.27401955335699385), (1, 0.041102933003549086), (4, 0.041102933003549086)]
6
shipping_ctn_write
shipping_ctn_read
shipping
[(3, 0.4982815561995065), (2, 0.35525611224871934), (0, 0.04882077718392473), (1, 0.04882077718392473), (4, 0.04882077718392473)]
7
shipping_ctn_write
shipping_ctn_read
shipping
[(3, 0.34827121151854706), (2, 0.2955036984051917), (0, 0.2740193000586625), (1, 0.04110289500879938), (4, 0.04110289500879938)]
8
shipping_ctn_write
shipping_ctn_read
shipping
[(0, 0.4401782017592745), (3, 0.3636580715644612), (1, 0.10480317491906604), (2, 0.04568027587859916), (4, 0.04568027587859916)]
9
shipping_ctn_write
shipping_ctn_read
shipping
[(3, 0.44791692221361756), (2, 0.3529140380271015), (1, 0.08713380168414847), (4, 0.06653194945749838), (0, 0.04550328861763417)]
10
shipping_ctn_write
shipping_ctn_read
shipping
[(3, 0.44712032411117225), (2, 0.3536391098949396), (1, 0.08711035396055959), (4, 0.06663111832724702), (0, 0.04549909370608155)]
-----one service finish-----
2023-03-14 02:44:05
