2023-03-14 03:22:30
0
1
front-end_ctn_write
front-end_ctn_read
front-end
[(2, 0.43593332440565297), (1, 0.327407487731715), (4, 0.0967866587797515), (3, 0.0964675465361559), (0, 0.04340498254672468)]
2
front-end_ctn_write
front-end_ctn_read
front-end
[(4, 0.2530373964024693), (1, 0.24676645114545356), (0, 0.23264937323352425), (3, 0.23264937323352425), (2, 0.03489740598502865)]
3
front-end_ctn_write
front-end_ctn_read
front-end
[(1, 0.5164900857974944), (4, 0.20853597315392147), (0, 0.1446484930638321), (3, 0.08914631565165089), (2, 0.0411791323331012)]
4
front-end_ctn_write
front-end_ctn_read
front-end
5
front-end_ctn_write
front-end_ctn_read
front-end
[(2, 0.44518832684893905), (1, 0.3241504424025957), (3, 0.10460226620069116), (4, 0.08233144815074721), (0, 0.04372751639702685)]
6
front-end_ctn_write
front-end_ctn_read
front-end
[(2, 0.43583542274742104), (1, 0.3274455589217482), (4, 0.09677561924055697), (3, 0.09654161018003371), (0, 0.043401788910240026)]
7
front-end_ctn_write
front-end_ctn_read
front-end
[(1, 0.5164900857974944), (4, 0.20853597315392147), (0, 0.1446484930638321), (3, 0.08914631565165089), (2, 0.0411791323331012)]
8
front-end_ctn_write
front-end_ctn_read
front-end
[(2, 0.43599370471427873), (1, 0.32670456466940506), (3, 0.09726280318624599), (4, 0.09666821782984819), (0, 0.04337070960022198)]
9
front-end_ctn_write
front-end_ctn_read
front-end
[(2, 0.4358070573563996), (1, 0.32703012516194), (3, 0.0970909008698844), (4, 0.09669380207099815), (0, 0.043378114540778015)]
10
front-end_ctn_write
front-end_ctn_read
front-end
[(1, 0.5164900857974944), (4, 0.20853597315392147), (0, 0.14464849306383207), (3, 0.08914631565165089), (2, 0.04117913233310119)]
-----one service finish-----
1
1
user_ctn_read
user
[(4, 0.3493565722739658), (2, 0.27695567299896945), (3, 0.24289185691468326), (0, 0.057928340737976515), (1, 0.0364337785372025), (5, 0.0364337785372025)]
2
user_ctn_read
user
[(2, 0.31549396955563563), (5, 0.27993284921249334), (3, 0.23054507797369175), (4, 0.08229347268037857), (0, 0.05715286888174701), (1, 0.03458176169605376)]
3
user_ctn_read
user
[(2, 0.32245756954616833), (5, 0.2750493871444268), (3, 0.23132228128569673), (4, 0.07277841370744426), (0, 0.06369400612340949), (1, 0.03469834219285452)]
4
user_ctn_read
user
[(4, 0.366657809137519), (2, 0.3625525106840934), (0, 0.10086017034219287), (5, 0.06941600969856819), (1, 0.06283564311298974), (3, 0.037677857024636746)]
5
user_ctn_read
user
[(5, 0.4528641459360306), (3, 0.23998537646083037), (2, 0.15509195057752467), (0, 0.06513681165829582), (4, 0.050923908898194016), (1, 0.03599780646912456)]
6
user_ctn_read
user
[(2, 0.3132699232785554), (5, 0.2810281111810693), (3, 0.23012633824891285), (4, 0.08377100095366634), (0, 0.057285675600459204), (1, 0.034518950737336934)]
7
user_ctn_read
user
[(4, 0.3910452027213846), (2, 0.3483955593409751), (0, 0.11357941553530357), (1, 0.07062261704591175), (3, 0.0381786026782125), (5, 0.0381786026782125)]
8
user_ctn_read
user
[(2, 0.373234054948349), (5, 0.3081279705479703), (4, 0.12096418940190154), (0, 0.09720436397680741), (1, 0.06496310807916862), (3, 0.03550631304580322)]
9
user_ctn_read
user
[(5, 0.5509909353557858), (4, 0.17232905076490376), (2, 0.13808737285043782), (0, 0.06434632170081869), (1, 0.03712315966402694), (3, 0.03712315966402694)]
10
user_ctn_read
user
[(2, 0.3780840295673031), (5, 0.31505811651735055), (4, 0.12462325734557589), (0, 0.08709382723244112), (1, 0.059124276570618965), (3, 0.0360164927667105)]
-----one service finish-----
2
1
catalogue_ctn_write
catalogue_ctn_read
catalogue
[(3, 0.5243584449097527), (4, 0.2116803238839984), (0, 0.1453790947023043), (1, 0.07706951102136636), (2, 0.041512625482578266)]
2
catalogue_ctn_write
catalogue_ctn_read
catalogue
[(3, 0.4310859502021189), (0, 0.35846061603328255), (1, 0.09276280033250453), (2, 0.07283996253104333), (4, 0.044850670901050764)]
3
catalogue_ctn_write
catalogue_ctn_read
catalogue
[(4, 0.5164900857974944), (3, 0.2085359731539215), (2, 0.14464849306383207), (1, 0.08914631565165088), (0, 0.04117913233310119)]
4
catalogue_ctn_write
catalogue_ctn_read
catalogue
[(3, 0.626330917700737), (0, 0.18748748236255217), (1, 0.09210351900681714), (2, 0.04703904046494691), (4, 0.04703904046494691)]
5
catalogue_ctn_write
catalogue_ctn_read
catalogue
[(2, 0.4167165406866054), (4, 0.3734704296115094), (3, 0.09085378747644822), (1, 0.07407203935357204), (0, 0.04488720287186494)]
6
catalogue_ctn_write
catalogue_ctn_read
catalogue
[(4, 0.5164900857974944), (3, 0.20853597315392142), (2, 0.1446484930638321), (1, 0.08914631565165088), (0, 0.04117913233310119)]
7
catalogue_ctn_write
catalogue_ctn_read
catalogue
[(3, 0.4236292470575037), (2, 0.40250223515232375), (0, 0.07979347160391298), (1, 0.04703752309312984), (4, 0.04703752309312984)]
8
catalogue_ctn_write
catalogue_ctn_read
catalogue
[(4, 0.5164900857974944), (3, 0.20853597315392142), (2, 0.14464849306383204), (1, 0.08914631565165088), (0, 0.04117913233310119)]
9
catalogue_ctn_write
catalogue_ctn_read
catalogue
[(2, 0.40730491694061555), (4, 0.36334056117071034), (3, 0.11320287524062089), (0, 0.07235316343843794), (1, 0.04379848320961526)]
10
catalogue_ctn_write
catalogue_ctn_read
catalogue
[(2, 0.4152155070386622), (4, 0.37356098553316797), (3, 0.08632783418296694), (1, 0.0800888574528634), (0, 0.04480681579233959)]
-----one service finish-----
3
1
orders_ctn_read
orders
[(4, 0.3437744467904903), (2, 0.2805258608489612), (3, 0.24203050169526308), (0, 0.06106004015670651), (1, 0.03630457525428947), (5, 0.03630457525428947)]
2
orders_ctn_read
orders
[(2, 0.3114530178022429), (4, 0.2834198934163577), (3, 0.23033938599937354), (5, 0.07842935523624966), (0, 0.06180743964587025), (1, 0.03455090789990604)]
3
orders_ctn_read
orders
[(4, 0.3116219111820942), (2, 0.30324476622162166), (3, 0.23810391563147243), (0, 0.05916730379805618), (5, 0.05214651582203469), (1, 0.03571558734472086)]
4
orders_ctn_read
orders
[(5, 0.4249421706487247), (2, 0.32649283747947305), (0, 0.10523618041641428), (1, 0.06576322973527139), (3, 0.03878279086005831), (4, 0.03878279086005831)]
5
orders_ctn_read
orders
[(4, 0.33385817280241137), (2, 0.2789975998714143), (3, 0.23728961125685585), (1, 0.06317249297273264), (5, 0.05108868140805741), (0, 0.035593441688528384)]
6
orders_ctn_read
orders
[(4, 0.5113442657909334), (5, 0.16845126452056833), (0, 0.16461807121058816), (1, 0.08475678830577767), (2, 0.03541480508606618), (3, 0.03541480508606618)]
7
orders_ctn_read
orders
[(4, 0.6006722778376464), (0, 0.13637421034972133), (1, 0.09769804537373787), (5, 0.08603963308621115), (2, 0.03960791667634155), (3, 0.03960791667634155)]
8
orders_ctn_read
orders
[(4, 0.6148540112856042), (0, 0.11386184774236004), (5, 0.1016680845672094), (1, 0.0888447574529137), (2, 0.04038564947595633), (3, 0.04038564947595633)]
9
orders_ctn_read
orders
[(2, 0.3207813284570688), (4, 0.29207444421675693), (3, 0.23728961125685585), (1, 0.07866773269226167), (0, 0.035593441688528384), (5, 0.035593441688528384)]
10
orders_ctn_read
orders
[(4, 0.44754489265560865), (3, 0.23785180569388867), (2, 0.13095724484249682), (5, 0.08501454884419543), (1, 0.06295373710972715), (0, 0.03567777085408331)]
-----one service finish-----
4
1
carts_ctn_read
carts
[(3, 0.47892569212384467), (5, 0.21715629835602868), (2, 0.1201415136240084), (4, 0.07618977205705765), (1, 0.07350911010036389), (0, 0.034077613738696604)]
2
carts_ctn_read
carts
[(0, 0.5705161756696883), (1, 0.22806749678241875), (4, 0.08723713746144997), (2, 0.038059730028814326), (3, 0.038059730028814326), (5, 0.038059730028814326)]
3
carts_ctn_read
carts
[(2, 0.44056012504461173), (4, 0.20111221810401686), (0, 0.15042659248178392), (5, 0.1072244683298822), (1, 0.06818465499489275), (3, 0.03249194104481256)]
4
carts_ctn_read
carts
[(2, 0.5247933967211246), (4, 0.19849121748787177), (0, 0.09782579783433215), (5, 0.07544303592378522), (1, 0.06748463425970756), (3, 0.03596191777317869)]
5
carts_ctn_read
carts
[(0, 0.570261083999306), (1, 0.22840460831372178), (4, 0.08719219693478457), (2, 0.03804737025072926), (3, 0.03804737025072926), (5, 0.03804737025072926)]
6
carts_ctn_read
carts
[(0, 0.5705186013367683), (1, 0.2280642907991216), (4, 0.08723756503358138), (2, 0.038059847610176264), (3, 0.038059847610176264), (5, 0.038059847610176264)]
7
carts_ctn_read
carts
[(0, 0.5834035906239646), (1, 0.2308634005916724), (4, 0.06953345042529191), (2, 0.03873318611969035), (3, 0.03873318611969035), (5, 0.03873318611969035)]
8
carts_ctn_read
carts
[(2, 0.5501279545475827), (4, 0.15755203108249546), (5, 0.13430819807474445), (1, 0.07044732847393699), (0, 0.05049009243355285), (3, 0.03707439538768751)]
9
carts_ctn_read
carts
[(2, 0.5514864703616372), (4, 0.15115772795944013), (5, 0.1390078517123544), (1, 0.07062672832844906), (0, 0.050585087220304616), (3, 0.03713613441781474)]
10
carts_ctn_read
carts
[(0, 0.5838729903519467), (1, 0.23068461629799242), (4, 0.06917035574172081), (2, 0.038757345869446694), (3, 0.038757345869446694), (5, 0.038757345869446694)]
-----one service finish-----
5
1
payment_ctn_write
payment_ctn_read
payment
[(4, 0.34531213603812727), (0, 0.2984627738856115), (2, 0.2740193000586625), (1, 0.04110289500879938), (3, 0.04110289500879938)]
2
payment_ctn_write
payment_ctn_read
payment
[(3, 0.6089604823821166), (0, 0.19259125824357315), (2, 0.08388092001648675), (4, 0.06858354315833741), (1, 0.045983796199486074)]
3
payment_ctn_write
payment_ctn_read
payment
[(0, 0.3248182482452184), (4, 0.3056401841444445), (2, 0.2679786287597896), (3, 0.0613661445365791), (1, 0.04019679431396845)]
4
payment_ctn_write
payment_ctn_read
payment
[(2, 0.3979855663626718), (4, 0.3803777618468116), (3, 0.10827582312588582), (0, 0.06913874621730697), (1, 0.04422210244732385)]
5
payment_ctn_write
payment_ctn_read
payment
[(4, 0.4318438844719544), (0, 0.3598927792820103), (1, 0.09158725549627687), (2, 0.07170022893400785), (3, 0.04497585181575059)]
6
payment_ctn_write
payment_ctn_read
payment
[(3, 0.4220378048369303), (2, 0.3709174948243539), (4, 0.0909349849069731), (0, 0.0710639021047799), (1, 0.04504581332696284)]
7
payment_ctn_write
payment_ctn_read
payment
[(3, 0.5777906342648721), (0, 0.2040342231415822), (1, 0.11638928480514624), (2, 0.057590631187132826), (4, 0.04419522660126671)]
8
payment_ctn_write
payment_ctn_read
payment
[(3, 0.4309611575377728), (2, 0.3671393795050009), (4, 0.07992465681868313), (0, 0.07663121657302994), (1, 0.04534358956551322)]
9
payment_ctn_write
payment_ctn_read
payment
[(2, 0.32455300084366695), (4, 0.30575635242175125), (0, 0.2679131736288291), (3, 0.06159049706142843), (1, 0.04018697604432437)]
10
payment_ctn_write
payment_ctn_read
payment
[(0, 0.39346630643430586), (4, 0.3789468414444357), (1, 0.12138607084148006), (2, 0.06230599641902398), (3, 0.04389478486075449)]
-----one service finish-----
6
1
shipping_ctn_write
shipping_ctn_read
shipping
[(0, 0.4241031438922821), (3, 0.4164958712023578), (2, 0.06347633226776801), (1, 0.047962326318796114), (4, 0.047962326318796114)]
2
shipping_ctn_write
shipping_ctn_read
shipping
[(3, 0.32743408424181036), (4, 0.2862612723513288), (0, 0.2853677067636014), (1, 0.060711499883178505), (2, 0.04022543676008101)]
3
shipping_ctn_write
shipping_ctn_read
shipping
[(2, 0.4254384980899788), (4, 0.35659422540865504), (3, 0.09412087855439616), (1, 0.07941996100232371), (0, 0.044426436944646396)]
4
shipping_ctn_write
shipping_ctn_read
shipping
[(4, 0.6369579769511625), (3, 0.16541571113340378), (2, 0.09081944744475724), (1, 0.05908172302796055), (0, 0.047725141442715856)]
5
shipping_ctn_write
shipping_ctn_read
shipping
[(0, 0.4240588387155112), (3, 0.4168794876528121), (2, 0.06309276437259806), (1, 0.04798445462953935), (4, 0.04798445462953935)]
6
shipping_ctn_write
shipping_ctn_read
shipping
[(0, 0.4258873826889018), (4, 0.3679679991602787), (2, 0.08975888033180132), (3, 0.07128812262179428), (1, 0.04509761519722377)]
7
shipping_ctn_write
shipping_ctn_read
shipping
[(2, 0.40475756213420044), (4, 0.38186841696849805), (3, 0.11425738779550479), (0, 0.054431719648954956), (1, 0.04468491345284182)]
8
shipping_ctn_write
shipping_ctn_read
shipping
[(0, 0.42355115575099356), (3, 0.4168308272723844), (2, 0.06372165082553981), (1, 0.04794818307554115), (4, 0.04794818307554115)]
9
shipping_ctn_write
shipping_ctn_read
shipping
[(3, 0.41180729274647304), (0, 0.3920289805772627), (1, 0.10480317491906602), (2, 0.045680275878599165), (4, 0.045680275878599165)]
10
shipping_ctn_write
shipping_ctn_read
shipping
[(2, 0.40252946747148355), (4, 0.3800312502948642), (3, 0.09406702335803356), (1, 0.07891627299314323), (0, 0.044455985882475624)]
-----one service finish-----
2023-03-14 03:58:16
