2023-03-14 04:13:53
0
1
front-end_ctn_write
front-end_ctn_read
front-end
[(4, 0.26715447431439865), (1, 0.23264937323352428), (2, 0.23264937323352428), (3, 0.23264937323352428), (0, 0.03489740598502865)]
2
front-end_ctn_write
front-end_ctn_read
front-end
[(1, 0.4401782017592745), (2, 0.3636580715644612), (4, 0.104803174919066), (0, 0.04568027587859916), (3, 0.04568027587859916)]
3
front-end_ctn_write
front-end_ctn_read
front-end
[(4, 0.39643454158164143), (1, 0.38842283816568535), (2, 0.12597195212695372), (0, 0.04458533406285982), (3, 0.04458533406285982)]
4
front-end_ctn_write
front-end_ctn_read
front-end
[(2, 0.44695191878094614), (1, 0.27553011662952515), (4, 0.14644796327584), (0, 0.08974048381925999), (3, 0.04132951749442878)]
5
front-end_ctn_write
front-end_ctn_read
front-end
[(3, 0.3218874549618694), (4, 0.3218874549618694), (1, 0.2740193000586625), (0, 0.04110289500879938), (2, 0.04110289500879938)]
6
front-end_ctn_write
front-end_ctn_read
front-end
[(1, 0.5164900857974944), (4, 0.20853597315392147), (0, 0.1446484930638321), (3, 0.08914631565165089), (2, 0.0411791323331012)]
7
front-end_ctn_write
front-end_ctn_read
front-end
[(2, 0.44695191878094614), (1, 0.27553011662952515), (4, 0.14644796327584), (0, 0.08974048381925999), (3, 0.04132951749442878)]
8
front-end_ctn_write
front-end_ctn_read
front-end
[(1, 0.3541334956155628), (2, 0.261812424760226), (3, 0.261812424760226), (4, 0.08296979114995144), (0, 0.039271863714033906)]
9
front-end_ctn_write
front-end_ctn_read
front-end
[(4, 0.26715447431439865), (1, 0.23264937323352428), (2, 0.23264937323352428), (3, 0.23264937323352428), (0, 0.03489740598502865)]
10
front-end_ctn_write
front-end_ctn_read
front-end
[(2, 0.4176020205902834), (1, 0.33617227862482474), (3, 0.10827583687643702), (4, 0.09504956741453664), (0, 0.04290029649391823)]
-----one service finish-----
1
1
user_ctn_read
user
[(5, 0.3259139368989766), (2, 0.2699200602065594), (3, 0.23069664649381952), (4, 0.08092883756671895), (0, 0.057936021859852596), (1, 0.03460449697407293)]
2
user_ctn_read
user
[(2, 0.26841690920938754), (4, 0.2242486245949614), (3, 0.2113379940479622), (5, 0.2113379940479622), (0, 0.05295777899253235), (1, 0.031700699107194336)]
3
user_ctn_read
user
[(2, 0.27764766752696973), (3, 0.20878901666033023), (4, 0.20878901666033023), (5, 0.20878901666033023), (0, 0.06466692999299019), (1, 0.03131835249904954)]
4
user_ctn_read
user
[(2, 0.26759981678971884), (4, 0.2237882891146647), (5, 0.22150594841166757), (3, 0.21400340163900292), (0, 0.041002033799095575), (1, 0.03210051024585044)]
5
user_ctn_read
user
[(4, 0.3888451236752908), (2, 0.3372692712869557), (1, 0.085421413860875), (0, 0.08269204955552273), (5, 0.068242664620295), (3, 0.0375294770010607)]
6
user_ctn_read
user
[(0, 0.3324918704132366), (2, 0.2803639022605891), (4, 0.23728961125685585), (1, 0.07866773269226167), (3, 0.035593441688528384), (5, 0.035593441688528384)]
7
user_ctn_read
user
[(4, 0.33022609167125033), (2, 0.29342928221663866), (3, 0.2417562512079529), (0, 0.06206149954177208), (1, 0.036263437681192945), (5, 0.036263437681192945)]
8
user_ctn_read
user
[(0, 0.2161666639933777), (2, 0.1888755026521981), (3, 0.1888755026521981), (4, 0.1888755026521981), (5, 0.1888755026521981), (1, 0.028331325397829718)]
9
user_ctn_read
user
[(0, 0.2776476675269697), (2, 0.20878901666033023), (4, 0.20878901666033023), (5, 0.20878901666033023), (1, 0.06466692999299019), (3, 0.03131835249904954)]
10
user_ctn_read
user
[(2, 0.2776476675269697), (3, 0.20878901666033023), (4, 0.20878901666033023), (5, 0.20878901666033023), (0, 0.06466692999299019), (1, 0.03131835249904954)]
-----one service finish-----
2
1
catalogue_ctn_write
catalogue_ctn_read
catalogue
[(2, 0.46200362025391745), (4, 0.32596477255599315), (3, 0.09330134296481374), (1, 0.07396936724266993), (0, 0.04476089698260565)]
2
catalogue_ctn_write
catalogue_ctn_read
catalogue
[(0, 0.2671544743143986), (2, 0.23264937323352425), (3, 0.23264937323352425), (4, 0.23264937323352425), (1, 0.03489740598502864)]
3
catalogue_ctn_write
catalogue_ctn_read
catalogue
[(0, 0.4401782017592745), (3, 0.3636580715644612), (1, 0.10480317491906602), (2, 0.045680275878599165), (4, 0.045680275878599165)]
4
catalogue_ctn_write
catalogue_ctn_read
catalogue
[(3, 0.44695191878094614), (4, 0.27553011662952515), (2, 0.14644796327583995), (1, 0.08974048381925999), (0, 0.04132951749442878)]
5
catalogue_ctn_write
catalogue_ctn_read
catalogue
6
catalogue_ctn_write
catalogue_ctn_read
catalogue
[(2, 0.3218129573490603), (3, 0.29413254712730946), (4, 0.2618125117236331), (1, 0.08297010704145208), (0, 0.039271876758544974)]
7
catalogue_ctn_write
catalogue_ctn_read
catalogue
[(3, 0.3200914099943234), (2, 0.3056525791874785), (4, 0.26593079128654173), (0, 0.06843560083867498), (1, 0.03988961869298127)]
8
catalogue_ctn_write
catalogue_ctn_read
catalogue
[(3, 0.3472109482604896), (0, 0.2965639616632492), (2, 0.2740193000586625), (1, 0.04110289500879938), (4, 0.04110289500879938)]
9
catalogue_ctn_write
catalogue_ctn_read
catalogue
[(2, 0.35413349561556273), (3, 0.261812424760226), (4, 0.261812424760226), (1, 0.08296979114995144), (0, 0.0392718637140339)]
10
catalogue_ctn_write
catalogue_ctn_read
catalogue
[(0, 0.2671544743143986), (2, 0.23264937323352425), (3, 0.23264937323352425), (4, 0.23264937323352425), (1, 0.03489740598502864)]
-----one service finish-----
3
1
orders_ctn_read
orders
[(5, 0.2651462783597737), (2, 0.23092731484405032), (3, 0.21278166635918425), (4, 0.21278166635918425), (0, 0.04644582412392986), (1, 0.03191724995387764)]
2
orders_ctn_read
orders
[(2, 0.27764766752696973), (3, 0.20878901666033023), (4, 0.20878901666033023), (5, 0.20878901666033023), (0, 0.06466692999299019), (1, 0.03131835249904954)]
3
orders_ctn_read
orders
[(2, 0.2447639582325552), (4, 0.23444835617597337), (5, 0.22549148908603409), (3, 0.21154480852329588), (1, 0.05201966670364688), (0, 0.03173172127849439)]
4
orders_ctn_read
orders
[(2, 0.37556616141696986), (3, 0.23728961125685585), (4, 0.23728961125685585), (0, 0.07866773269226167), (1, 0.035593441688528384), (5, 0.035593441688528384)]
5
orders_ctn_read
orders
[(4, 0.3186290480744075), (2, 0.3063998932782637), (3, 0.24234142704017264), (0, 0.059927203495104435), (1, 0.036351214056025906), (5, 0.036351214056025906)]
6
orders_ctn_read
orders
[(2, 0.3176334281274044), (4, 0.2952223445464213), (3, 0.23728961125685588), (0, 0.07866773269226168), (1, 0.035593441688528384), (5, 0.035593441688528384)]
7
orders_ctn_read
orders
[(2, 0.4713503280781408), (5, 0.1655928435242005), (4, 0.14148956606871843), (0, 0.11575390314813921), (1, 0.07211882845335464), (3, 0.03369453072744638)]
8
orders_ctn_read
orders
[(2, 0.27764766752696973), (3, 0.20878901666033023), (4, 0.20878901666033023), (5, 0.20878901666033023), (0, 0.06466692999299019), (1, 0.03131835249904954)]
9
orders_ctn_read
orders
[(2, 0.2161666639933777), (0, 0.1888755026521981), (3, 0.1888755026521981), (4, 0.1888755026521981), (5, 0.1888755026521981), (1, 0.028331325397829718)]
10
orders_ctn_read
orders
[(2, 0.45683616331833937), (4, 0.20769150631554234), (5, 0.15477965831619617), (0, 0.09362521049602271), (1, 0.05386544090144506), (3, 0.03320202065245442)]
-----one service finish-----
4
1
carts_ctn_read
carts
2
carts_ctn_read
carts
[(0, 0.37270418800812), (2, 0.37270418800812), (1, 0.08881784203719967), (4, 0.08881784203719967), (3, 0.03847796995468037), (5, 0.03847796995468037)]
3
carts_ctn_read
carts
[(0, 0.37270418800812), (2, 0.37270418800811994), (1, 0.08881784203719965), (5, 0.08881784203719965), (3, 0.03847796995468036), (4, 0.03847796995468036)]
4
carts_ctn_read
carts
[(1, 0.25164261447469083), (2, 0.25164261447469083), (0, 0.21596294393505147), (4, 0.21596294393505147), (3, 0.03239444159025773), (5, 0.03239444159025773)]
5
carts_ctn_read
carts
[(2, 0.2161666639933777), (0, 0.1888755026521981), (3, 0.1888755026521981), (4, 0.1888755026521981), (5, 0.1888755026521981), (1, 0.028331325397829718)]
6
carts_ctn_read
carts
[(2, 0.3324918704132366), (1, 0.2803639022605891), (0, 0.23728961125685585), (4, 0.07866773269226168), (3, 0.035593441688528384), (5, 0.035593441688528384)]
7
carts_ctn_read
carts
[(0, 0.33748792381028425), (4, 0.2868857708235624), (2, 0.24206150995721504), (1, 0.06094634242177383), (3, 0.036309226493582265), (5, 0.036309226493582265)]
8
carts_ctn_read
carts
[(0, 0.37270418800812), (2, 0.37270418800812), (1, 0.08881784203719967), (4, 0.08881784203719967), (3, 0.03847796995468037), (5, 0.03847796995468037)]
9
carts_ctn_read
carts
[(2, 0.2776476675269697), (0, 0.2087890166603302), (1, 0.2087890166603302), (3, 0.2087890166603302), (5, 0.06466692999299016), (4, 0.03131835249904953)]
10
carts_ctn_read
carts
[(0, 0.37270418800812), (2, 0.37270418800812), (1, 0.08881784203719965), (5, 0.08881784203719965), (3, 0.03847796995468036), (4, 0.03847796995468036)]
-----one service finish-----
5
1
payment_ctn_write
payment_ctn_read
payment
[(2, 0.35413349561556273), (3, 0.261812424760226), (4, 0.261812424760226), (1, 0.08296979114995144), (0, 0.0392718637140339)]
2
payment_ctn_write
payment_ctn_read
payment
[(0, 0.2671544743143986), (2, 0.23264937323352425), (3, 0.23264937323352425), (4, 0.23264937323352425), (1, 0.03489740598502864)]
3
payment_ctn_write
payment_ctn_read
payment
[(3, 0.613863411631167), (0, 0.18668363515409364), (1, 0.10692323292102818), (2, 0.04626486014685561), (4, 0.04626486014685561)]
4
payment_ctn_write
payment_ctn_read
payment
[(4, 0.34203456475491334), (0, 0.3017403451688254), (2, 0.2740193000586625), (1, 0.04110289500879938), (3, 0.04110289500879938)]
5
payment_ctn_write
payment_ctn_read
payment
[(0, 0.2671544743143986), (2, 0.23264937323352425), (3, 0.23264937323352425), (4, 0.23264937323352425), (1, 0.03489740598502864)]
6
payment_ctn_write
payment_ctn_read
payment
[(3, 0.4008982829442757), (0, 0.3693224123414632), (1, 0.09807116588039942), (4, 0.08793273735363404), (2, 0.04377540148022769)]
7
payment_ctn_write
payment_ctn_read
payment
[(0, 0.4401782017592745), (3, 0.3636580715644612), (1, 0.10480317491906602), (2, 0.045680275878599165), (4, 0.045680275878599165)]
8
payment_ctn_write
payment_ctn_read
payment
[(3, 0.5698367111888665), (0, 0.1975459282371802), (1, 0.12410761356216896), (2, 0.06472077163260569), (4, 0.04378897537917873)]
9
payment_ctn_write
payment_ctn_read
payment
[(0, 0.25581808806468787), (4, 0.24398575948323503), (2, 0.23264937323352425), (3, 0.23264937323352425), (1, 0.03489740598502864)]
10
payment_ctn_write
payment_ctn_read
payment
[(0, 0.2671544743143986), (2, 0.23264937323352425), (3, 0.23264937323352425), (4, 0.23264937323352425), (1, 0.03489740598502864)]
-----one service finish-----
6
1
shipping_ctn_write
shipping_ctn_read
shipping
[(3, 0.3443889598225398), (0, 0.29938595010119895), (4, 0.2740193000586625), (1, 0.04110289500879938), (2, 0.04110289500879938)]
2
shipping_ctn_write
shipping_ctn_read
shipping
[(2, 0.2671544743143986), (0, 0.23264937323352425), (3, 0.23264937323352425), (4, 0.23264937323352425), (1, 0.03489740598502864)]
3
shipping_ctn_write
shipping_ctn_read
shipping
[(0, 0.2539239404433908), (3, 0.24587990710453209), (2, 0.23264937323352425), (4, 0.23264937323352425), (1, 0.03489740598502864)]
4
shipping_ctn_write
shipping_ctn_read
shipping
[(0, 0.2671544743143986), (2, 0.23264937323352425), (3, 0.23264937323352425), (4, 0.23264937323352425), (1, 0.03489740598502864)]
5
shipping_ctn_write
shipping_ctn_read
shipping
[(4, 0.31702965717625464), (2, 0.30396984850967157), (0, 0.27753374027403893), (3, 0.06126555621341327), (1, 0.04020119782662163)]
6
shipping_ctn_write
shipping_ctn_read
shipping
[(3, 0.42179777224424175), (0, 0.38203850107949394), (1, 0.10480317491906602), (2, 0.04568027587859916), (4, 0.04568027587859916)]
7
shipping_ctn_write
shipping_ctn_read
shipping
[(0, 0.2539847111028863), (3, 0.24581913644503658), (2, 0.23264937323352425), (4, 0.23264937323352425), (1, 0.03489740598502864)]
8
shipping_ctn_write
shipping_ctn_read
shipping
[(4, 0.5869130037745139), (3, 0.18399579284259618), (2, 0.10681929372794159), (1, 0.077571359338134), (0, 0.04470055031681428)]
9
shipping_ctn_write
shipping_ctn_read
shipping
[(4, 0.5361581522885163), (3, 0.215358732640642), (2, 0.1141829233307139), (1, 0.09223322896629514), (0, 0.04206696277383269)]
10
shipping_ctn_write
shipping_ctn_read
shipping
[(3, 0.34268785874689056), (0, 0.30108705117684825), (4, 0.2740193000586625), (1, 0.04110289500879938), (2, 0.04110289500879938)]
-----one service finish-----
2023-03-14 04:27:27
