2023-03-14 02:57:46
0
1
front-end_ctn_write
front-end_ctn_read
front-end
[(3, 0.5824084991428086), (0, 0.21275365957295603), (4, 0.11603114808002159), (1, 0.04440334660210692), (2, 0.04440334660210692)]
2
front-end_ctn_write
front-end_ctn_read
front-end
[(4, 0.5655583547510353), (0, 0.2234406458432172), (3, 0.12408235697237983), (1, 0.0434593212166838), (2, 0.0434593212166838)]
3
front-end_ctn_write
front-end_ctn_read
front-end
[(1, 0.5164900857974944), (4, 0.20853597315392147), (0, 0.1446484930638321), (3, 0.08914631565165089), (2, 0.0411791323331012)]
4
front-end_ctn_write
front-end_ctn_read
front-end
[(1, 0.5164900857974946), (4, 0.2085359731539214), (0, 0.14464849306383207), (3, 0.08914631565165089), (2, 0.04117913233310119)]
5
front-end_ctn_write
front-end_ctn_read
front-end
[(1, 0.5164900857974944), (4, 0.20853597315392147), (0, 0.1446484930638321), (3, 0.08914631565165089), (2, 0.0411791323331012)]
6
front-end_ctn_write
front-end_ctn_read
front-end
[(1, 0.5164900857974944), (4, 0.20853597315392147), (0, 0.1446484930638321), (3, 0.08914631565165089), (2, 0.0411791323331012)]
7
front-end_ctn_write
front-end_ctn_read
front-end
[(2, 0.43495621732176926), (1, 0.3281920183459326), (4, 0.09675113378016029), (3, 0.09670592567921435), (0, 0.043394704872923635)]
8
front-end_ctn_write
front-end_ctn_read
front-end
[(2, 0.44695191878094614), (1, 0.27553011662952515), (4, 0.14644796327584), (0, 0.08974048381925999), (3, 0.04132951749442878)]
9
front-end_ctn_write
front-end_ctn_read
front-end
[(2, 0.4593533909795639), (1, 0.31787020748701683), (4, 0.11078977227458456), (3, 0.0678275034970563), (0, 0.04415912576177846)]
10
front-end_ctn_write
front-end_ctn_read
front-end
[(1, 0.5164900857974944), (4, 0.20853597315392147), (0, 0.1446484930638321), (3, 0.08914631565165089), (2, 0.0411791323331012)]
-----one service finish-----
1
1
user_ctn_read
user
[(4, 0.3809546912195199), (2, 0.3505989523396508), (0, 0.10650866007534544), (1, 0.08635416213070883), (3, 0.03779176711738747), (5, 0.03779176711738747)]
2
user_ctn_read
user
[(2, 0.3179501896983978), (5, 0.2820101359741691), (3, 0.23224819777283573), (4, 0.07356534501505223), (0, 0.05938890187361985), (1, 0.03483722966592536)]
3
user_ctn_read
user
[(4, 0.3678837188553269), (2, 0.34506329049158185), (0, 0.09551825983276202), (1, 0.08323525270698363), (5, 0.07138811970833661), (3, 0.036911358405009)]
4
user_ctn_read
user
[(5, 0.4011361231216621), (2, 0.3047988691104097), (0, 0.09253814017447944), (4, 0.08282566856738806), (1, 0.08211348123725802), (3, 0.03658771778880279)]
5
user_ctn_read
user
[(5, 0.49692831102328816), (3, 0.26067098705945385), (2, 0.09622049757877037), (1, 0.06797890822065152), (0, 0.03910064805891808), (4, 0.03910064805891808)]
6
user_ctn_read
user
[(2, 0.35699685223318933), (5, 0.33193906030666515), (4, 0.10018780464375178), (0, 0.09554002231853759), (1, 0.07950247922941896), (3, 0.03583378126843721)]
7
user_ctn_read
user
[(2, 0.40580781033804075), (5, 0.3256924802677634), (4, 0.09781194930520976), (1, 0.09510979860984117), (0, 0.03778898073957247), (3, 0.03778898073957247)]
8
user_ctn_read
user
[(4, 0.3332599186976157), (2, 0.29297347496555165), (3, 0.24285793211615786), (0, 0.05805129458582738), (1, 0.036428689817423685), (5, 0.036428689817423685)]
9
user_ctn_read
user
[(4, 0.38183460068382696), (2, 0.3399211169531207), (0, 0.0917663057023377), (1, 0.08468686211113048), (5, 0.06446918271061124), (3, 0.03732193183897288)]
10
user_ctn_read
user
[(4, 0.3662177792791764), (2, 0.3453803707338825), (0, 0.10103860146526318), (1, 0.08301798678491248), (5, 0.0674961743885413), (3, 0.03684908734822416)]
-----one service finish-----
2
1
catalogue_ctn_write
catalogue_ctn_read
catalogue
[(2, 0.40255173618778867), (3, 0.3962287228767518), (4, 0.08199156983439271), (0, 0.07384476756966436), (1, 0.045383203531402266)]
2
catalogue_ctn_write
catalogue_ctn_read
catalogue
[(3, 0.5164900857974944), (4, 0.20853597315392147), (0, 0.1446484930638321), (1, 0.08914631565165089), (2, 0.0411791323331012)]
3
catalogue_ctn_write
catalogue_ctn_read
catalogue
[(0, 0.2559476013366314), (3, 0.24385624621129148), (2, 0.23264937323352425), (4, 0.23264937323352425), (1, 0.03489740598502864)]
4
catalogue_ctn_write
catalogue_ctn_read
catalogue
[(4, 0.5164900857974944), (3, 0.20853597315392142), (2, 0.14464849306383204), (1, 0.08914631565165088), (0, 0.04117913233310119)]
5
catalogue_ctn_write
catalogue_ctn_read
catalogue
[(3, 0.45839459153737167), (2, 0.35759647670467715), (0, 0.07653638979386582), (4, 0.06106215396520917), (1, 0.04641038799887611)]
6
catalogue_ctn_write
catalogue_ctn_read
catalogue
[(3, 0.43276288562590165), (0, 0.3578491887360613), (1, 0.09174834955865387), (2, 0.072728090203223), (4, 0.04491148587616023)]
7
catalogue_ctn_write
catalogue_ctn_read
catalogue
[(3, 0.32781617514345573), (0, 0.3022471933553602), (4, 0.26780527184811176), (1, 0.061960568875855535), (2, 0.04017079077721677)]
8
catalogue_ctn_write
catalogue_ctn_read
catalogue
[(0, 0.44287676271038373), (3, 0.33710708360027786), (1, 0.11745064645882643), (2, 0.05825341200709127), (4, 0.0443120952234205)]
9
catalogue_ctn_write
catalogue_ctn_read
catalogue
[(3, 0.5164900857974943), (4, 0.20853597315392144), (0, 0.14464849306383204), (1, 0.08914631565165086), (2, 0.041179132333101186)]
10
catalogue_ctn_write
catalogue_ctn_read
catalogue
[(3, 0.5622782614083925), (0, 0.1623055635021189), (4, 0.13522597188750834), (1, 0.09679494121718195), (2, 0.04339526198479842)]
-----one service finish-----
3
1
orders_ctn_read
orders
[(2, 0.3114114475432949), (4, 0.28441759090726326), (3, 0.23069483207127908), (5, 0.07699223087886503), (0, 0.061879673788605746), (1, 0.034604224810691864)]
2
orders_ctn_read
orders
[(4, 0.4905560758147003), (3, 0.2573554721714724), (2, 0.0856112979541021), (1, 0.06971129841927343), (5, 0.05816253481473092), (0, 0.03860332082572087)]
3
orders_ctn_read
orders
[(5, 0.33949346642845823), (2, 0.2833147455018091), (3, 0.24139689559584612), (1, 0.06337582379513289), (0, 0.036209534339376924), (4, 0.036209534339376924)]
4
orders_ctn_read
orders
[(4, 0.4902745386045055), (3, 0.25721187893004877), (2, 0.08615755151518369), (1, 0.0697414806785032), (5, 0.05803276843225141), (0, 0.03858178183950732)]
5
orders_ctn_read
orders
[(2, 0.36692112033549645), (4, 0.3059396977714333), (5, 0.11779265814014588), (0, 0.09703599610550602), (1, 0.07716076695620634), (3, 0.035149760691211986)]
6
orders_ctn_read
orders
[(4, 0.47392771386394467), (5, 0.21562694631400425), (0, 0.15018142235731216), (1, 0.09222140046841944), (2, 0.03402125849815977), (3, 0.03402125849815977)]
7
orders_ctn_read
orders
[(2, 0.3114419721903762), (4, 0.2823845624611843), (3, 0.22995206146151437), (5, 0.0831263209732427), (0, 0.058602273694455254), (1, 0.03449280921922716)]
8
orders_ctn_read
orders
[(2, 0.315973817262761), (4, 0.2897156505746226), (3, 0.2344510019047445), (5, 0.06282934278515183), (0, 0.061862537187008335), (1, 0.03516765028571168)]
9
orders_ctn_read
orders
[(4, 0.47450373671982715), (5, 0.21584171806177), (0, 0.1492664146098692), (1, 0.09230294205310759), (2, 0.034042594277713084), (3, 0.034042594277713084)]
10
orders_ctn_read
orders
[(4, 0.31550907330363054), (2, 0.30839171041754787), (3, 0.24186050314631144), (0, 0.06168056218861675), (1, 0.036279075471946726), (5, 0.036279075471946726)]
-----one service finish-----
4
1
carts_ctn_read
carts
[(0, 0.5700425933115345), (1, 0.22869328606027664), (4, 0.06896273040222012), (2, 0.05622780518528996), (3, 0.03803679252033938), (5, 0.03803679252033938)]
2
carts_ctn_read
carts
[(2, 0.4042750878067733), (3, 0.2999706919572413), (4, 0.10444851533934232), (5, 0.10044222051765482), (0, 0.05435123575031534), (1, 0.036512248628672736)]
3
carts_ctn_read
carts
[(0, 0.5454458789850536), (1, 0.22425543666543513), (2, 0.0908710714209607), (4, 0.06570977780800438), (3, 0.03685891756027311), (5, 0.03685891756027311)]
4
carts_ctn_read
carts
[(2, 0.4096786013210466), (3, 0.264809353453065), (4, 0.14614209310586174), (1, 0.07737709621742643), (0, 0.06677789711978194), (5, 0.03521495878281845)]
5
carts_ctn_read
carts
[(0, 0.5429918739595506), (1, 0.22379287074523743), (2, 0.09476267753792093), (4, 0.06495686350867963), (3, 0.036747857124305734), (5, 0.036747857124305734)]
6
carts_ctn_read
carts
[(2, 0.5584399820516689), (5, 0.16267873946765488), (4, 0.1187492230328018), (1, 0.07101753318714638), (0, 0.05165141040771056), (3, 0.03746311185301737)]
7
carts_ctn_read
carts
[(2, 0.5672845529944742), (4, 0.18753698357752197), (5, 0.08268736735983692), (1, 0.07278674337206396), (0, 0.05181169430471366), (3, 0.03789265839138936)]
8
carts_ctn_read
carts
[(0, 0.5700460636737281), (1, 0.22868870135771752), (5, 0.06699233016929884), (2, 0.05819898386382446), (3, 0.038036960467715535), (4, 0.038036960467715535)]
9
carts_ctn_read
carts
[(2, 0.49887803658490604), (4, 0.17387077318880845), (0, 0.117118685615128), (5, 0.11089589094652963), (1, 0.06439143724048597), (3, 0.034845176424142)]
10
carts_ctn_read
carts
[(2, 0.5585896667769933), (5, 0.15816929936085236), (4, 0.1230683239019984), (1, 0.07162156436769386), (0, 0.051080916958692484), (3, 0.0374702286337697)]
-----one service finish-----
5
1
payment_ctn_write
payment_ctn_read
payment
[(4, 0.5736841950579128), (0, 0.19666409466148493), (1, 0.12261386957269942), (2, 0.06304515838389466), (3, 0.0439926823240083)]
2
payment_ctn_write
payment_ctn_read
payment
[(0, 0.5403847459961093), (1, 0.21667390856744945), (2, 0.10775575354461145), (3, 0.09292006961942), (4, 0.04226552227240983)]
3
payment_ctn_write
payment_ctn_read
payment
[(4, 0.4567035959379168), (0, 0.3699759133261854), (1, 0.07917667419308132), (2, 0.04707190827140824), (3, 0.04707190827140824)]
4
payment_ctn_write
payment_ctn_read
payment
[(3, 0.5721926696436541), (0, 0.19700743037888283), (1, 0.12319312680367552), (2, 0.06369332831207093), (4, 0.043913444861716666)]
5
payment_ctn_write
payment_ctn_read
payment
[(4, 0.3912994163027511), (2, 0.38796998331688487), (1, 0.09980715447114809), (3, 0.07665107168583392), (0, 0.04427237422338199)]
6
payment_ctn_write
payment_ctn_read
payment
[(0, 0.2522493748242686), (3, 0.24755447272365425), (2, 0.23264937323352425), (4, 0.23264937323352425), (1, 0.03489740598502864)]
7
payment_ctn_write
payment_ctn_read
payment
[(3, 0.5716616899345587), (0, 0.1971292036394566), (1, 0.12339928352213449), (2, 0.06392450428986816), (4, 0.04388531861398215)]
8
payment_ctn_write
payment_ctn_read
payment
[(3, 0.43121200684130184), (0, 0.36230442771625576), (1, 0.09081313837894796), (2, 0.07059233229920431), (4, 0.04507809476429012)]
9
payment_ctn_write
payment_ctn_read
payment
[(4, 0.613863411631167), (0, 0.1866836351540936), (1, 0.10692323292102818), (2, 0.04626486014685561), (3, 0.04626486014685561)]
10
payment_ctn_write
payment_ctn_read
payment
[(3, 0.5931847550523772), (0, 0.1639959857851937), (1, 0.1307098339548913), (2, 0.06703294405179407), (4, 0.04507648115574371)]
-----one service finish-----
6
1
shipping_ctn_write
shipping_ctn_read
shipping
[(3, 0.42167093993988297), (0, 0.3821653333838527), (1, 0.10480317491906602), (2, 0.04568027587859916), (4, 0.04568027587859916)]
2
shipping_ctn_write
shipping_ctn_read
shipping
[(4, 0.6404991764494533), (3, 0.16510920543789567), (2, 0.08519104340878776), (1, 0.061245311907342746), (0, 0.047955262796520584)]
3
shipping_ctn_write
shipping_ctn_read
shipping
[(0, 0.2520599273213665), (3, 0.24774392022655634), (2, 0.23264937323352425), (4, 0.23264937323352425), (1, 0.03489740598502864)]
4
shipping_ctn_write
shipping_ctn_read
shipping
[(3, 0.42442957260454905), (0, 0.37940670071918664), (1, 0.104803174919066), (2, 0.04568027587859916), (4, 0.04568027587859916)]
5
shipping_ctn_write
shipping_ctn_read
shipping
[(0, 0.42460411180831964), (3, 0.4154829312733372), (2, 0.06405500477871041), (1, 0.04792897606981642), (4, 0.04792897606981642)]
6
shipping_ctn_write
shipping_ctn_read
shipping
[(3, 0.44936984277761555), (0, 0.3737949171430368), (1, 0.08313075857228568), (2, 0.04685224075353103), (4, 0.04685224075353103)]
7
shipping_ctn_write
shipping_ctn_read
shipping
[(4, 0.30775065619095987), (2, 0.30766509099650885), (0, 0.2838861249715441), (3, 0.06046170606991891), (1, 0.04023642177106828)]
8
shipping_ctn_write
shipping_ctn_read
shipping
[(3, 0.4289445209838126), (4, 0.40100684580086193), (1, 0.06320955754025508), (0, 0.059560834433266784), (2, 0.04727824124180356)]
9
shipping_ctn_write
shipping_ctn_read
shipping
[(4, 0.4120493007778839), (0, 0.3472946552551135), (3, 0.10140929196626017), (1, 0.09605407715448677), (2, 0.043192674846255795)]
10
shipping_ctn_write
shipping_ctn_read
shipping
[(3, 0.42947767620215904), (4, 0.4030138898287582), (0, 0.06054053031411079), (1, 0.05952818160674147), (2, 0.04743972204823053)]
-----one service finish-----
2023-03-14 03:22:30
