2023-03-14 03:58:16
0
1
front-end_ctn_write
front-end_ctn_read
front-end
[(4, 0.42242411404361335), (1, 0.3814121592801224), (2, 0.104803174919066), (0, 0.04568027587859916), (3, 0.04568027587859916)]
2
front-end_ctn_write
front-end_ctn_read
front-end
[(2, 0.418686529073208), (1, 0.3339876366371078), (3, 0.10962944399103021), (4, 0.09485337227614186), (0, 0.04284301802251205)]
3
front-end_ctn_write
front-end_ctn_read
front-end
[(1, 0.4469519187809461), (2, 0.2755301166295252), (4, 0.14644796327583998), (0, 0.08974048381925998), (3, 0.041329517494428786)]
4
front-end_ctn_write
front-end_ctn_read
front-end
[(2, 0.44695191878094614), (1, 0.27553011662952515), (4, 0.14644796327584), (0, 0.08974048381925999), (3, 0.04132951749442878)]
5
front-end_ctn_write
front-end_ctn_read
front-end
[(1, 0.35413349561556273), (3, 0.261812424760226), (4, 0.261812424760226), (2, 0.08296979114995144), (0, 0.0392718637140339)]
6
front-end_ctn_write
front-end_ctn_read
front-end
[(2, 0.44695191878094614), (1, 0.27553011662952515), (4, 0.14644796327584), (0, 0.08974048381925999), (3, 0.04132951749442878)]
7
front-end_ctn_write
front-end_ctn_read
front-end
[(2, 0.44695191878094614), (1, 0.27553011662952515), (4, 0.14644796327584), (0, 0.08974048381925999), (3, 0.04132951749442878)]
8
front-end_ctn_write
front-end_ctn_read
front-end
[(4, 0.42237808372515756), (1, 0.4022469494618684), (2, 0.08148844873318614), (0, 0.04694325903989394), (3, 0.04694325903989394)]
9
front-end_ctn_write
front-end_ctn_read
front-end
[(3, 0.3218874549618694), (4, 0.3218874549618694), (1, 0.2740193000586625), (0, 0.04110289500879938), (2, 0.04110289500879938)]
10
front-end_ctn_write
front-end_ctn_read
front-end
[(1, 0.35413349561556273), (3, 0.261812424760226), (4, 0.261812424760226), (2, 0.08296979114995144), (0, 0.0392718637140339)]
-----one service finish-----
1
1
user_ctn_read
user
[(2, 0.2776476675269697), (3, 0.20878901666033023), (4, 0.20878901666033023), (5, 0.20878901666033023), (0, 0.06466692999299019), (1, 0.03131835249904954)]
2
user_ctn_read
user
[(2, 0.5468837836795071), (4, 0.15833239355965614), (5, 0.09292678081504002), (1, 0.08339575700153828), (0, 0.08151126467184126), (3, 0.03695002027241726)]
3
user_ctn_read
user
[(2, 0.571913885260977), (4, 0.11186571923401734), (5, 0.10329580887486312), (1, 0.08765457639142503), (0, 0.08712720683187423), (3, 0.038142803406843326)]
4
user_ctn_read
user
[(5, 0.3236952926556023), (2, 0.2741285657540038), (3, 0.23144128546971068), (4, 0.07815793678302618), (0, 0.05786072651720046), (1, 0.03471619282045661)]
5
user_ctn_read
user
[(4, 0.3690851885620957), (2, 0.3562831918668569), (0, 0.08644622492082953), (1, 0.08529488442841535), (5, 0.06539672108718483), (3, 0.037493789134617726)]
6
user_ctn_read
user
[(2, 0.36638265476287113), (4, 0.33955233746920055), (0, 0.10355506922236335), (1, 0.08211348123725801), (5, 0.07180873951950412), (3, 0.036587717788802786)]
7
user_ctn_read
user
[(2, 0.27764766752696973), (3, 0.20878901666033023), (4, 0.20878901666033023), (5, 0.20878901666033023), (0, 0.06466692999299019), (1, 0.03131835249904954)]
8
user_ctn_read
user
[(2, 0.3823975902649494), (5, 0.3011703340894394), (4, 0.11652845485169604), (0, 0.08559561115216746), (1, 0.07870628040962337), (3, 0.03560172923212438)]
9
user_ctn_read
user
[(4, 0.35646065510246894), (2, 0.35069086733541427), (5, 0.09227040079826081), (1, 0.08230567196188057), (0, 0.08162763178462684), (3, 0.036644773017348586)]
10
user_ctn_read
user
[(4, 0.3878987548533048), (2, 0.33471711183183533), (0, 0.08588562981733698), (1, 0.08483092313573465), (5, 0.069304875070979), (3, 0.03736270529080918)]
-----one service finish-----
2
1
catalogue_ctn_write
catalogue_ctn_read
catalogue
[(4, 0.5164900857974944), (3, 0.20853597315392144), (2, 0.1446484930638321), (1, 0.08914631565165088), (0, 0.04117913233310119)]
2
catalogue_ctn_write
catalogue_ctn_read
catalogue
[(3, 0.4332192375034747), (2, 0.3940147950347076), (0, 0.0785524638493171), (1, 0.047106751806250374), (4, 0.047106751806250374)]
3
catalogue_ctn_write
catalogue_ctn_read
catalogue
[(0, 0.4401782017592745), (3, 0.3636580715644612), (1, 0.10480317491906602), (2, 0.045680275878599165), (4, 0.045680275878599165)]
4
catalogue_ctn_write
catalogue_ctn_read
catalogue
[(2, 0.35413349561556273), (3, 0.261812424760226), (4, 0.261812424760226), (0, 0.08296979114995144), (1, 0.0392718637140339)]
5
catalogue_ctn_write
catalogue_ctn_read
catalogue
[(4, 0.44582653476553435), (2, 0.3580097385582014), (0, 0.08366843787304606), (3, 0.06681501292461911), (1, 0.04568027587859916)]
6
catalogue_ctn_write
catalogue_ctn_read
catalogue
[(3, 0.613863411631167), (0, 0.1866836351540936), (1, 0.10692323292102818), (2, 0.04626486014685561), (4, 0.04626486014685561)]
7
catalogue_ctn_write
catalogue_ctn_read
catalogue
[(0, 0.2671544743143986), (2, 0.23264937323352425), (3, 0.23264937323352425), (4, 0.23264937323352425), (1, 0.03489740598502864)]
8
catalogue_ctn_write
catalogue_ctn_read
catalogue
[(2, 0.4489073598162005), (3, 0.36785453293483744), (0, 0.0749454155533109), (4, 0.06183521670892493), (1, 0.0464574749867262)]
9
catalogue_ctn_write
catalogue_ctn_read
catalogue
[(3, 0.5164900857974944), (4, 0.20853597315392147), (0, 0.1446484930638321), (1, 0.08914631565165089), (2, 0.0411791323331012)]
10
catalogue_ctn_write
catalogue_ctn_read
catalogue
[(3, 0.5164900857974946), (4, 0.20853597315392147), (0, 0.14464849306383204), (1, 0.08914631565165088), (2, 0.04117913233310119)]
-----one service finish-----
3
1
orders_ctn_read
orders
[(2, 0.27764766752696973), (3, 0.20878901666033023), (4, 0.20878901666033023), (5, 0.20878901666033023), (0, 0.06466692999299019), (1, 0.03131835249904954)]
2
orders_ctn_read
orders
[(2, 0.31538723722594936), (4, 0.28977656427443976), (3, 0.23424649720594307), (5, 0.06459097451293005), (0, 0.060861752199846304), (1, 0.03513697458089147)]
3
orders_ctn_read
orders
[(2, 0.25622095869427786), (5, 0.23021572549302202), (3, 0.2087890166603302), (4, 0.2087890166603302), (0, 0.06466692999299019), (1, 0.03131835249904953)]
4
orders_ctn_read
orders
[(2, 0.27764766752696973), (3, 0.20878901666033023), (4, 0.20878901666033023), (5, 0.20878901666033023), (0, 0.06466692999299019), (1, 0.03131835249904954)]
5
orders_ctn_read
orders
[(2, 0.3148778751332162), (4, 0.28987983857275745), (3, 0.23408885102236435), (5, 0.06570918503924147), (0, 0.06033092257906588), (1, 0.035113327653354655)]
6
orders_ctn_read
orders
[(2, 0.31160691254694417), (4, 0.28214623342494893), (3, 0.22992498414826656), (5, 0.0819497034686207), (0, 0.05988341878897972), (1, 0.03448874762223999)]
7
orders_ctn_read
orders
[(2, 0.26974661564743774), (4, 0.2220388500721305), (3, 0.21097098851203872), (5, 0.21097098851203872), (0, 0.054626908979548604), (1, 0.03164564827680581)]
8
orders_ctn_read
orders
[(2, 0.3228552762263478), (5, 0.27410745280024085), (3, 0.2311183707307299), (1, 0.0755309213427981), (4, 0.061720223290273796), (0, 0.034667755609609496)]
9
orders_ctn_read
orders
[(2, 0.306723348688782), (4, 0.3035327425060511), (3, 0.23624904013954073), (0, 0.061215194409097326), (5, 0.05684231823559772), (1, 0.035437356020931114)]
10
orders_ctn_read
orders
[(2, 0.30640369318034966), (4, 0.30364236424621305), (3, 0.2361655137301789), (0, 0.06139284132494055), (5, 0.05697076045879117), (1, 0.03542482705952684)]
-----one service finish-----
4
1
carts_ctn_read
carts
[(0, 0.38763900010866686), (2, 0.3775806881807959), (1, 0.09255304600298768), (4, 0.06322521615338973), (3, 0.03950102477707995), (5, 0.03950102477707995)]
2
carts_ctn_read
carts
[(4, 0.3507553411283365), (5, 0.2544090730862264), (3, 0.23424674803403156), (2, 0.06850034164513619), (1, 0.056951483901164585), (0, 0.03513701220510474)]
3
carts_ctn_read
carts
[(2, 0.3324918704132366), (3, 0.2803639022605891), (4, 0.23728961125685585), (1, 0.07866773269226167), (0, 0.035593441688528384), (5, 0.035593441688528384)]
4
carts_ctn_read
carts
[(2, 0.2161666639933777), (0, 0.1888755026521981), (3, 0.1888755026521981), (4, 0.1888755026521981), (5, 0.1888755026521981), (1, 0.028331325397829718)]
5
carts_ctn_read
carts
[(0, 0.516956352759582), (1, 0.21762417367969492), (2, 0.12850952049200942), (5, 0.06561558488476296), (3, 0.03564718409197526), (4, 0.03564718409197526)]
6
carts_ctn_read
carts
[(0, 0.4893189447461942), (1, 0.20961815679253534), (2, 0.1354148434444903), (5, 0.0865733851898087), (4, 0.044599464121133636), (3, 0.034475205705837855)]
7
carts_ctn_read
carts
[(2, 0.45735036279462654), (1, 0.32525160826613536), (4, 0.09606275219647857), (0, 0.040445092247586495), (3, 0.040445092247586495), (5, 0.040445092247586495)]
8
carts_ctn_read
carts
[(0, 0.5160953494503713), (1, 0.21665381129007807), (2, 0.1286367983547894), (4, 0.06737784406290304), (3, 0.03561809842092913), (5, 0.03561809842092913)]
9
carts_ctn_read
carts
[(0, 0.5215419411389528), (1, 0.22019771408694358), (2, 0.12820407790519545), (4, 0.05842687044937886), (3, 0.03581469820976474), (5, 0.03581469820976474)]
10
carts_ctn_read
carts
[(2, 0.33891039201200784), (1, 0.28893028564204265), (0, 0.24355215704468475), (4, 0.055541518187859316), (3, 0.03653282355670271), (5, 0.03653282355670271)]
-----one service finish-----
5
1
payment_ctn_write
payment_ctn_read
payment
[(3, 0.39335662602060395), (2, 0.3839971161001902), (1, 0.09943513475203097), (4, 0.07904490243228528), (0, 0.04416622069488964)]
2
payment_ctn_write
payment_ctn_read
payment
[(0, 0.2523277281863967), (3, 0.24747611936152616), (2, 0.23264937323352425), (4, 0.23264937323352425), (1, 0.03489740598502864)]
3
payment_ctn_write
payment_ctn_read
payment
[(0, 0.2529924678131062), (3, 0.24681137973481665), (2, 0.23264937323352425), (4, 0.23264937323352425), (1, 0.03489740598502864)]
4
payment_ctn_write
payment_ctn_read
payment
[(0, 0.42818595117245345), (4, 0.3478363312787664), (1, 0.09917800219505175), (3, 0.08070697576523757), (2, 0.044092739588490915)]
5
payment_ctn_write
payment_ctn_read
payment
[(0, 0.31198842511983405), (4, 0.28419386027914867), (3, 0.28157573080102016), (1, 0.0829701070414521), (2, 0.039271876758544974)]
6
payment_ctn_write
payment_ctn_read
payment
[(0, 0.2671544743143986), (2, 0.23264937323352425), (3, 0.23264937323352425), (4, 0.23264937323352425), (1, 0.03489740598502864)]
7
payment_ctn_write
payment_ctn_read
payment
[(4, 0.6276856615935944), (2, 0.15215283355934472), (1, 0.10760508979567385), (0, 0.06541748077802628), (3, 0.04713893427336075)]
8
payment_ctn_write
payment_ctn_read
payment
[(0, 0.402294748359538), (4, 0.3680314437774273), (1, 0.12246440872504588), (2, 0.06342826808983486), (3, 0.04378113104815401)]
9
payment_ctn_write
payment_ctn_read
payment
[(3, 0.4298498308127059), (2, 0.36507034595948284), (4, 0.08138146137425571), (0, 0.07853929976622039), (1, 0.045159062087335236)]
10
payment_ctn_write
payment_ctn_read
payment
[(4, 0.3231223731756765), (3, 0.30488314749142337), (2, 0.2669074862743651), (0, 0.0650508701173802), (1, 0.04003612294115477)]
-----one service finish-----
6
1
shipping_ctn_write
shipping_ctn_read
shipping
[(4, 0.3976033611472518), (2, 0.37575530110762806), (1, 0.09866710699327473), (3, 0.08402775869864063), (0, 0.04394647205320478)]
2
shipping_ctn_write
shipping_ctn_read
shipping
[(2, 0.31872323069358655), (3, 0.29722227378278326), (4, 0.2618125117236331), (1, 0.08297010704145209), (0, 0.039271876758544974)]
3
shipping_ctn_write
shipping_ctn_read
shipping
[(0, 0.315511577279817), (3, 0.30043392719655276), (4, 0.2618125117236331), (1, 0.08297010704145208), (2, 0.039271876758544974)]
4
shipping_ctn_write
shipping_ctn_read
shipping
[(3, 0.42141550084773227), (0, 0.3824207724760034), (1, 0.104803174919066), (2, 0.04568027587859916), (4, 0.04568027587859916)]
5
shipping_ctn_write
shipping_ctn_read
shipping
[(0, 0.31464936115410297), (3, 0.3012961433222668), (4, 0.2618125117236331), (1, 0.08297010704145207), (2, 0.039271876758544974)]
6
shipping_ctn_write
shipping_ctn_read
shipping
[(3, 0.42287612351172055), (0, 0.3809601498120152), (1, 0.10480317491906602), (2, 0.045680275878599165), (4, 0.045680275878599165)]
7
shipping_ctn_write
shipping_ctn_read
shipping
[(2, 0.35413349561556273), (3, 0.261812424760226), (4, 0.261812424760226), (1, 0.08296979114995144), (0, 0.0392718637140339)]
8
shipping_ctn_write
shipping_ctn_read
shipping
[(2, 0.35413349561556273), (3, 0.261812424760226), (4, 0.261812424760226), (1, 0.08296979114995144), (0, 0.0392718637140339)]
9
shipping_ctn_write
shipping_ctn_read
shipping
[(3, 0.4182223437093916), (0, 0.3856139296143441), (1, 0.10480317491906603), (2, 0.04568027587859916), (4, 0.04568027587859916)]
10
shipping_ctn_write
shipping_ctn_read
shipping
[(0, 0.32188745496186943), (3, 0.32188745496186943), (2, 0.2740193000586625), (1, 0.04110289500879938), (4, 0.04110289500879938)]
-----one service finish-----
2023-03-14 04:13:53
