2023-03-14 04:52:31
0
1
front-end_ctn_write
front-end_ctn_read
front-end
[(0, 0.7679786244215081), (1, 0.058005343894623), (2, 0.058005343894623), (3, 0.058005343894623), (4, 0.058005343894623)]
2
front-end_ctn_write
front-end_ctn_read
front-end
[(2, 0.5164900857974944), (4, 0.20853597315392142), (3, 0.1446484930638321), (1, 0.08914631565165088), (0, 0.04117913233310119)]
3
front-end_ctn_write
front-end_ctn_read
front-end
[(0, 0.6748311189165678), (2, 0.10251682902393636), (1, 0.09299897515013812), (4, 0.07935062381794378), (3, 0.05030245309141389)]
4
front-end_ctn_write
front-end_ctn_read
front-end
[(1, 0.5818029306093048), (0, 0.22698610479655199), (4, 0.08815730516440427), (2, 0.05865623197806889), (3, 0.04439742745167012)]
5
front-end_ctn_write
front-end_ctn_read
front-end
[(0, 0.43863660010796807), (4, 0.3543730917363935), (3, 0.08901151003230723), (1, 0.07292986135584102), (2, 0.04504893676749019)]
6
front-end_ctn_write
front-end_ctn_read
front-end
[(2, 0.5164900857974944), (4, 0.20853597315392142), (3, 0.1446484930638321), (1, 0.08914631565165088), (0, 0.04117913233310119)]
7
front-end_ctn_write
front-end_ctn_read
front-end
[(2, 0.3405700299842187), (0, 0.28754676176888444), (1, 0.2669558087782021), (4, 0.06488402815196452), (3, 0.04004337131673032)]
8
front-end_ctn_write
front-end_ctn_read
front-end
[(1, 0.5889906551628162), (0, 0.22227234411300834), (4, 0.08721420597834144), (2, 0.056717607287891256), (3, 0.04480518745794284)]
9
front-end_ctn_write
front-end_ctn_read
front-end
[(2, 0.5164900857974944), (4, 0.20853597315392142), (3, 0.1446484930638321), (1, 0.08914631565165088), (0, 0.04117913233310119)]
10
front-end_ctn_write
front-end_ctn_read
front-end
[(1, 0.4008891181827779), (0, 0.4006287018418299), (2, 0.08054385366484539), (4, 0.07239480823725304), (3, 0.04554351807329381)]
-----one service finish-----
1
1
user_ctn_mem
user_ctn_read
user
[(2, 0.5456331059749362), (4, 0.19280454408334122), (3, 0.1251887138346297), (0, 0.0938134570539781), (1, 0.04256017905311468)]
2
user_ctn_mem
user_ctn_read
user
[(2, 0.5454412285702079), (4, 0.19291117855936687), (3, 0.12531585606117623), (0, 0.09378103314025538), (1, 0.04255070366899348)]
3
user_ctn_mem
user_ctn_read
user
[(0, 0.43397329160316545), (2, 0.35702938448930105), (1, 0.09079383423216103), (4, 0.07326966848083258), (3, 0.0449338211945399)]
4
user_ctn_mem
user_ctn_read
user
[(1, 0.40589436655928296), (2, 0.3637553665900216), (0, 0.11553693169608718), (4, 0.07106891870089375), (3, 0.04374441645371452)]
5
user_ctn_mem
user_ctn_read
user
[(1, 0.40409066778639924), (2, 0.37831389868616544), (0, 0.12870009022154447), (3, 0.04444767165294541), (4, 0.04444767165294541)]
6
user_ctn_mem
user_ctn_read
user
[(1, 0.4060124072761325), (2, 0.3635906264278701), (0, 0.11576627943525107), (4, 0.0708888017957135), (3, 0.043741885065032814)]
7
user_ctn_mem
user_ctn_read
user
[(2, 0.5448712283680303), (4, 0.19322770773460177), (3, 0.12569362725415442), (0, 0.09368485028141167), (1, 0.04252258636180199)]
8
user_ctn_mem
user_ctn_read
user
[(2, 0.5164900857974944), (1, 0.20853597315392144), (4, 0.1446484930638321), (3, 0.08914631565165088), (0, 0.04117913233310119)]
9
user_ctn_mem
user_ctn_read
user
[(2, 0.5456258118301347), (4, 0.19280859850924192), (3, 0.1251935468599993), (0, 0.09381222404586202), (1, 0.04255981875476189)]
10
user_ctn_mem
user_ctn_read
user
[(2, 0.5452202722536644), (4, 0.19303392210109033), (3, 0.1254622826683723), (0, 0.09374372422576949), (1, 0.04253979875110365)]
-----one service finish-----
2
1
catalogue_ctn_write
catalogue_ctn_read
catalogue
[(4, 0.2515542502852423), (0, 0.24824959726268053), (1, 0.23264937323352422), (2, 0.23264937323352422), (3, 0.03489740598502864)]
2
catalogue_ctn_write
catalogue_ctn_read
catalogue
[(0, 0.2501840959959007), (1, 0.24961975155202212), (2, 0.23264937323352425), (3, 0.23264937323352425), (4, 0.03489740598502864)]
3
catalogue_ctn_write
catalogue_ctn_read
catalogue
[(2, 0.2511347660897829), (1, 0.24866908145813996), (0, 0.23264937323352425), (4, 0.23264937323352425), (3, 0.03489740598502864)]
4
catalogue_ctn_write
catalogue_ctn_read
catalogue
5
catalogue_ctn_write
catalogue_ctn_read
catalogue
[(2, 0.6039435332725055), (4, 0.19195055897279806), (0, 0.1127754205576719), (1, 0.045665243598512276), (3, 0.045665243598512276)]
6
catalogue_ctn_write
catalogue_ctn_read
catalogue
[(2, 0.2521037784277622), (4, 0.24770006912016068), (0, 0.23264937323352425), (1, 0.23264937323352425), (3, 0.03489740598502865)]
7
catalogue_ctn_write
catalogue_ctn_read
catalogue
[(4, 0.5492569603282005), (3, 0.2199037332251837), (1, 0.14565537068983725), (0, 0.0425919678783893), (2, 0.0425919678783893)]
8
catalogue_ctn_write
catalogue_ctn_read
catalogue
[(2, 0.4132887235660018), (4, 0.363344799461453), (3, 0.11257800786183862), (0, 0.06666191885832176), (1, 0.04412655025238481)]
9
catalogue_ctn_write
catalogue_ctn_read
catalogue
10
catalogue_ctn_write
catalogue_ctn_read
catalogue
[(0, 0.25061841401203777), (1, 0.24918543353588501), (2, 0.23264937323352425), (4, 0.23264937323352425), (3, 0.03489740598502864)]
-----one service finish-----
3
1
orders_ctn_read
orders
[(5, 0.5698484252463927), (0, 0.22894977799766633), (1, 0.08711959973789057), (2, 0.038027399006016815), (3, 0.038027399006016815), (4, 0.038027399006016815)]
2
orders_ctn_read
orders
[(3, 0.3653047466782713), (2, 0.3246443297671809), (0, 0.14084628194587961), (1, 0.07415323836720232), (5, 0.05917620824922582), (4, 0.03587519499223998)]
3
orders_ctn_read
orders
[(5, 0.6394264315501195), (0, 0.19343389940105118), (1, 0.041784917262207365), (2, 0.041784917262207365), (3, 0.041784917262207365), (4, 0.041784917262207365)]
4
orders_ctn_read
orders
[(3, 0.3629046133972714), (2, 0.32614417312729266), (0, 0.1397754005008086), (1, 0.07562796513175), (5, 0.05971175809752695), (4, 0.035836089745350505)]
5
orders_ctn_read
orders
[(5, 0.6394564742483129), (0, 0.1933967211066471), (1, 0.04178670116126003), (2, 0.04178670116126003), (3, 0.04178670116126003), (4, 0.04178670116126003)]
6
orders_ctn_read
orders
[(1, 0.3152186997134145), (2, 0.27888605865567134), (3, 0.23005483462183415), (0, 0.08539527971420283), (5, 0.05593690210160202), (4, 0.03450822519327513)]
7
orders_ctn_read
orders
[(1, 0.5123248786370262), (4, 0.21968429403456216), (5, 0.14520281964575504), (0, 0.046850845233987776), (2, 0.0405437500129101), (3, 0.03539341243575882)]
8
orders_ctn_read
orders
[(2, 0.47854795918569165), (5, 0.2113057692063332), (4, 0.15390809117860052), (1, 0.07655969903340819), (0, 0.04557526670462927), (3, 0.034103214691337265)]
9
orders_ctn_read
orders
[(5, 0.5699664264036484), (0, 0.22879390654106815), (1, 0.08714034621437022), (2, 0.038033106946971075), (3, 0.038033106946971075), (4, 0.038033106946971075)]
10
orders_ctn_read
orders
[(5, 0.5989897360776161), (0, 0.2151554862313825), (1, 0.06724554786530552), (2, 0.039536409941898644), (3, 0.039536409941898644), (4, 0.039536409941898644)]
-----one service finish-----
4
1
carts_ctn_mem
carts_ctn_read
carts
[(2, 0.5299765771909428), (4, 0.21376492896691088), (3, 0.1457115084334407), (1, 0.06879400546378774), (0, 0.04175297994491779)]
2
carts_ctn_mem
carts_ctn_read
carts
[(3, 0.40403299002465803), (2, 0.37879438623478445), (0, 0.12822994319809464), (1, 0.044471340271231466), (4, 0.044471340271231466)]
3
carts_ctn_mem
carts_ctn_read
carts
[(0, 0.4386080280041627), (2, 0.355596926312561), (1, 0.08904245423379469), (3, 0.0716348180987926), (4, 0.04511777335068912)]
4
carts_ctn_mem
carts_ctn_read
carts
[(2, 0.5341359945713127), (1, 0.21471101158958986), (4, 0.11727234119739828), (3, 0.09190767303751934), (0, 0.04197297960417979)]
5
carts_ctn_mem
carts_ctn_read
carts
[(0, 0.444621345626494), (2, 0.3516351291481151), (1, 0.0869842376242169), (3, 0.0715228734668997), (4, 0.04523641413427421)]
6
carts_ctn_mem
carts_ctn_read
carts
[(2, 0.555027697707703), (4, 0.2209040789801532), (3, 0.10816336128592755), (1, 0.07294439317751149), (0, 0.04296046884870478)]
7
carts_ctn_mem
carts_ctn_read
carts
[(2, 0.5475016850010053), (4, 0.21896549834766119), (3, 0.13207890564801578), (1, 0.05887513555081187), (0, 0.04257877545250596)]
8
carts_ctn_mem
carts_ctn_read
carts
[(2, 0.5290482516589), (4, 0.2134297123618907), (3, 0.14566747327140922), (1, 0.07014142694766964), (0, 0.04171313576013054)]
9
carts_ctn_mem
carts_ctn_read
carts
[(2, 0.526457173167383), (4, 0.21247472733538791), (3, 0.1455217493777742), (1, 0.0739441552446783), (0, 0.04160219487477654)]
10
carts_ctn_mem
carts_ctn_read
carts
[(2, 0.5269628837063534), (4, 0.2126633531899743), (3, 0.14555282933468225), (1, 0.07319711730585757), (0, 0.04162381646313264)]
-----one service finish-----
5
1
payment_ctn_mem
payment_ctn_write
payment_ctn_read
payment
[(3, 0.6838157437558374), (2, 0.19736366687974471), (0, 0.059410294682208965), (1, 0.059410294682208965)]
2
payment_ctn_mem
payment_ctn_write
payment_ctn_read
payment
[(3, 0.7122362007668318), (2, 0.1642267032842205), (0, 0.06176854797447384), (1, 0.06176854797447384)]
3
payment_ctn_mem
payment_ctn_write
payment_ctn_read
payment
[(3, 0.7095571814041762), (2, 0.1673670500172389), (0, 0.06153788428929251), (1, 0.06153788428929251)]
4
payment_ctn_mem
payment_ctn_write
payment_ctn_read
payment
[(3, 0.7119336218524696), (2, 0.16458156494879395), (0, 0.061742406599368214), (1, 0.061742406599368214)]
5
payment_ctn_mem
payment_ctn_write
payment_ctn_read
payment
[(3, 0.7166516332533726), (2, 0.15904311705723895), (0, 0.062152624844694235), (1, 0.062152624844694235)]
6
payment_ctn_mem
payment_ctn_write
payment_ctn_read
payment
[(3, 0.7092338825931171), (2, 0.16774578036247906), (0, 0.0615101685222019), (1, 0.0615101685222019)]
7
payment_ctn_mem
payment_ctn_write
payment_ctn_read
payment
[(0, 0.4469819085844217), (3, 0.41234779282442824), (2, 0.08668007808687204), (1, 0.053990220504278014)]
8
payment_ctn_mem
payment_ctn_write
payment_ctn_read
payment
[(2, 0.7374671820105041), (3, 0.10084626564623059), (1, 0.09765568605374511), (0, 0.06403086628952022)]
9
payment_ctn_mem
payment_ctn_write
payment_ctn_read
payment
[(3, 0.3276570240620703), (0, 0.3243160035053975), (1, 0.30263214994133236), (2, 0.04539482249119986)]
10
payment_ctn_mem
payment_ctn_write
payment_ctn_read
payment
[(0, 0.7548971866077623), (1, 0.11371697038835715), (2, 0.06569292150194028), (3, 0.06569292150194028)]
-----one service finish-----
6
1
shipping_ctn_mem
shipping_ctn_write
shipping_ctn_read
shipping
[(1, 0.6178445252575919), (0, 0.20564434754342936), (2, 0.12198159569902098), (3, 0.054529531499957644)]
2
shipping_ctn_mem
shipping_ctn_write
shipping_ctn_read
shipping
[(1, 0.6628097999410686), (0, 0.14603167296539293), (2, 0.13339484554271083), (3, 0.05776368155082773)]
3
shipping_ctn_mem
shipping_ctn_write
shipping_ctn_read
shipping
[(1, 0.5150200693289297), (3, 0.3730614851315925), (0, 0.05595922276973888), (2, 0.05595922276973888)]
4
shipping_ctn_mem
shipping_ctn_write
shipping_ctn_read
shipping
[(1, 0.5150200693289297), (3, 0.3730614851315925), (0, 0.05595922276973888), (2, 0.05595922276973888)]
5
shipping_ctn_mem
shipping_ctn_write
shipping_ctn_read
shipping
[(2, 0.6639703803172465), (3, 0.14446363311510627), (0, 0.13371398564467274), (1, 0.05785200092297459)]
6
shipping_ctn_mem
shipping_ctn_write
shipping_ctn_read
shipping
7
shipping_ctn_mem
shipping_ctn_write
shipping_ctn_read
shipping
[(1, 0.6178445252575919), (0, 0.20564434754342942), (2, 0.121981595699021), (3, 0.05452953149995766)]
8
shipping_ctn_mem
shipping_ctn_write
shipping_ctn_read
shipping
9
shipping_ctn_mem
shipping_ctn_write
shipping_ctn_read
shipping
[(1, 0.6178445252575919), (0, 0.20564434754342942), (2, 0.121981595699021), (3, 0.05452953149995766)]
10
shipping_ctn_mem
shipping_ctn_write
shipping_ctn_read
shipping
[(2, 0.7228063680591811), (0, 0.15180120441588416), (1, 0.06269621376246746), (3, 0.06269621376246746)]
-----one service finish-----
2023-03-14 05:28:24
