2023-03-14 05:44:07
0
1
front-end_ctn_write
front-end_ctn_read
front-end
[(0, 0.36975502727891413), (2, 0.2740195533569939), (4, 0.2740195533569939), (1, 0.041102933003549086), (3, 0.041102933003549086)]
2
front-end_ctn_write
front-end_ctn_read
front-end
[(1, 0.35413349561556273), (3, 0.261812424760226), (4, 0.261812424760226), (0, 0.08296979114995144), (2, 0.0392718637140339)]
3
front-end_ctn_write
front-end_ctn_read
front-end
[(0, 0.7679786244215081), (1, 0.058005343894623), (2, 0.058005343894623), (3, 0.058005343894623), (4, 0.058005343894623)]
4
front-end_ctn_write
front-end_ctn_read
front-end
[(1, 0.34559750437261433), (4, 0.27809011834774316), (3, 0.26505078437140833), (0, 0.07150397525252292), (2, 0.03975761765571126)]
5
front-end_ctn_write
front-end_ctn_read
front-end
[(1, 0.35413349561556273), (3, 0.261812424760226), (4, 0.261812424760226), (0, 0.08296979114995144), (2, 0.0392718637140339)]
6
front-end_ctn_write
front-end_ctn_read
front-end
[(1, 0.35413349561556273), (3, 0.261812424760226), (4, 0.261812424760226), (0, 0.08296979114995144), (2, 0.0392718637140339)]
7
front-end_ctn_write
front-end_ctn_read
front-end
[(1, 0.42586684834892935), (4, 0.3938832243319475), (0, 0.08696808867102904), (2, 0.04664091932404698), (3, 0.04664091932404698)]
8
front-end_ctn_write
front-end_ctn_read
front-end
[(2, 0.6484300690388577), (4, 0.1395786209162655), (1, 0.11504303251119571), (0, 0.0484741387668406), (3, 0.0484741387668406)]
9
front-end_ctn_write
front-end_ctn_read
front-end
[(1, 0.35413349561556273), (3, 0.261812424760226), (4, 0.261812424760226), (0, 0.08296979114995144), (2, 0.0392718637140339)]
10
front-end_ctn_write
front-end_ctn_read
front-end
[(0, 0.2671544743143986), (1, 0.23264937323352425), (2, 0.23264937323352425), (4, 0.23264937323352425), (3, 0.03489740598502864)]
-----one service finish-----
1
1
user_ctn_mem
user_ctn_read
user
[(2, 0.256596870868619), (3, 0.2432069766793039), (1, 0.23264937323352425), (4, 0.23264937323352425), (0, 0.03489740598502864)]
2
user_ctn_mem
user_ctn_read
user
[(2, 0.3218874549618694), (3, 0.3218874549618694), (4, 0.2740193000586625), (0, 0.04110289500879938), (1, 0.04110289500879938)]
3
user_ctn_mem
user_ctn_read
user
[(1, 0.39968215925886397), (2, 0.3836343504308451), (0, 0.1276859834377792), (3, 0.04449875343625588), (4, 0.04449875343625588)]
4
user_ctn_mem
user_ctn_read
user
5
user_ctn_mem
user_ctn_read
user
[(4, 0.35413349561556273), (1, 0.261812424760226), (2, 0.261812424760226), (3, 0.08296979114995144), (0, 0.0392718637140339)]
6
user_ctn_mem
user_ctn_read
user
7
user_ctn_mem
user_ctn_read
user
[(0, 0.2671544743143986), (1, 0.23264937323352425), (2, 0.23264937323352425), (4, 0.23264937323352425), (3, 0.03489740598502864)]
8
user_ctn_mem
user_ctn_read
user
9
user_ctn_mem
user_ctn_read
user
[(0, 0.2671544743143986), (1, 0.23264937323352425), (2, 0.23264937323352425), (3, 0.23264937323352425), (4, 0.03489740598502864)]
10
user_ctn_mem
user_ctn_read
user
[(1, 0.40399508284201624), (2, 0.3665731517297255), (0, 0.11248118414516561), (4, 0.07315630311537648), (3, 0.04379427816771636)]
-----one service finish-----
2
1
catalogue_ctn_write
catalogue_ctn_read
catalogue
2
catalogue_ctn_write
catalogue_ctn_read
catalogue
[(2, 0.6138634116311671), (4, 0.18668363515409359), (0, 0.10692323292102816), (1, 0.0462648601468556), (3, 0.0462648601468556)]
3
catalogue_ctn_write
catalogue_ctn_read
catalogue
[(0, 0.6986594486686147), (2, 0.14513492000987374), (1, 0.05206854377383721), (3, 0.05206854377383721), (4, 0.05206854377383721)]
4
catalogue_ctn_write
catalogue_ctn_read
catalogue
[(3, 0.35413349561556273), (0, 0.261812424760226), (4, 0.261812424760226), (1, 0.08296979114995144), (2, 0.0392718637140339)]
5
catalogue_ctn_write
catalogue_ctn_read
catalogue
[(2, 0.5492569603282005), (1, 0.2199037332251837), (0, 0.14565537068983725), (3, 0.0425919678783893), (4, 0.0425919678783893)]
6
catalogue_ctn_write
catalogue_ctn_read
catalogue
[(0, 0.4605344963345401), (2, 0.39300317211368574), (1, 0.04882077718392473), (3, 0.04882077718392473), (4, 0.04882077718392473)]
7
catalogue_ctn_write
catalogue_ctn_read
catalogue
[(2, 0.5492569603282006), (4, 0.21990373322518367), (0, 0.14565537068983722), (1, 0.04259196787838931), (3, 0.04259196787838931)]
8
catalogue_ctn_write
catalogue_ctn_read
catalogue
[(0, 0.6276171095266273), (2, 0.2063818751520442), (3, 0.07172598403546208), (1, 0.04713751564293324), (4, 0.04713751564293324)]
9
catalogue_ctn_write
catalogue_ctn_read
catalogue
[(4, 0.2671544743143986), (0, 0.23264937323352425), (1, 0.23264937323352425), (2, 0.23264937323352425), (3, 0.03489740598502865)]
10
catalogue_ctn_write
catalogue_ctn_read
catalogue
[(2, 0.4605344963345401), (0, 0.3930031721136858), (1, 0.04882077718392473), (3, 0.04882077718392473), (4, 0.04882077718392473)]
-----one service finish-----
3
1
orders_ctn_read
orders
[(1, 0.2630232483936169), (2, 0.23287685803872976), (4, 0.2127072653941202), (5, 0.2127072653941202), (0, 0.04677927297029493), (3, 0.031906089809118035)]
2
orders_ctn_read
orders
[(1, 0.2829633077924856), (2, 0.2125355537618461), (4, 0.2125355537618461), (5, 0.2125355537618461), (0, 0.04754969785769926), (3, 0.03188033306427692)]
3
orders_ctn_read
orders
[(1, 0.5980742618810065), (0, 0.19115863763668683), (5, 0.09238389090487466), (2, 0.03946106985914402), (3, 0.03946106985914402), (4, 0.03946106985914402)]
4
orders_ctn_read
orders
5
orders_ctn_read
orders
[(5, 0.5004585080021208), (1, 0.22650708295420116), (4, 0.1454128839770682), (0, 0.05067630102482594), (2, 0.042033849797756775), (3, 0.034911374244027155)]
6
orders_ctn_read
orders
[(3, 0.5011615668320927), (1, 0.22599706566312552), (0, 0.1261461395816993), (5, 0.07667040603548946), (2, 0.03501241094379656), (4, 0.03501241094379656)]
7
orders_ctn_read
orders
[(1, 0.38391085202692554), (4, 0.24326378281234412), (5, 0.24326378281234412), (0, 0.05658244750468295), (2, 0.036489567421851624), (3, 0.036489567421851624)]
8
orders_ctn_read
orders
[(1, 0.42599247122010986), (2, 0.22964880787975048), (4, 0.15233998113765404), (5, 0.10082725617784748), (0, 0.05674416240267555), (3, 0.03444732118196257)]
9
orders_ctn_read
orders
[(5, 0.44315058292808923), (4, 0.2360169729732062), (0, 0.17200318363245998), (1, 0.07802416857428282), (2, 0.03540254594598093), (3, 0.03540254594598093)]
10
orders_ctn_read
orders
[(2, 0.4670312806657079), (3, 0.246179629938935), (0, 0.1760082559228364), (1, 0.036926944490840254), (4, 0.036926944490840254), (5, 0.036926944490840254)]
-----one service finish-----
4
1
carts_ctn_mem
carts_ctn_read
carts
[(0, 0.5280658205553943), (2, 0.32547184789283146), (1, 0.04882077718392473), (3, 0.04882077718392473), (4, 0.04882077718392473)]
2
carts_ctn_mem
carts_ctn_read
carts
[(0, 0.4947477849136569), (2, 0.3587898835345689), (1, 0.04882077718392473), (3, 0.04882077718392473), (4, 0.04882077718392473)]
3
carts_ctn_mem
carts_ctn_read
carts
[(3, 0.44017820175927447), (2, 0.36365807156446117), (1, 0.104803174919066), (0, 0.04568027587859916), (4, 0.04568027587859916)]
4
carts_ctn_mem
carts_ctn_read
carts
[(2, 0.5164900857974944), (4, 0.20853597315392142), (3, 0.1446484930638321), (1, 0.08914631565165088), (0, 0.04117913233310119)]
5
carts_ctn_mem
carts_ctn_read
carts
[(0, 0.3240060768960269), (2, 0.30461677186384106), (3, 0.2671758969620285), (1, 0.06412486973379944), (4, 0.040076384544304275)]
6
carts_ctn_mem
carts_ctn_read
carts
[(1, 0.2671544743143986), (0, 0.23264937323352425), (2, 0.23264937323352425), (3, 0.23264937323352425), (4, 0.03489740598502864)]
7
carts_ctn_mem
carts_ctn_read
carts
[(0, 0.3246059540837357), (2, 0.3040307978321103), (4, 0.26718195095231356), (1, 0.06410400448899349), (3, 0.04007729264284704)]
8
carts_ctn_mem
carts_ctn_read
carts
[(2, 0.36975502727891413), (0, 0.2740195533569939), (1, 0.2740195533569939), (3, 0.04110293300354909), (4, 0.04110293300354909)]
9
carts_ctn_mem
carts_ctn_read
carts
[(2, 0.5278590150774326), (3, 0.21299493718708), (4, 0.14560476094342664), (1, 0.07187911923028603), (0, 0.041662167561774745)]
10
carts_ctn_mem
carts_ctn_read
carts
[(2, 0.5164900857974944), (3, 0.20853597315392142), (4, 0.1446484930638321), (1, 0.08914631565165088), (0, 0.04117913233310119)]
-----one service finish-----
5
1
payment_ctn_mem
payment_ctn_write
payment_ctn_read
payment
[(3, 0.32626026569460087), (2, 0.325712761872867), (0, 0.30263214994133236), (1, 0.04539482249119986)]
2
payment_ctn_mem
payment_ctn_write
payment_ctn_read
payment
[(3, 0.6704179631556049), (2, 0.21285294798994395), (0, 0.058364544427225655), (1, 0.058364544427225655)]
3
payment_ctn_mem
payment_ctn_write
payment_ctn_read
payment
[(3, 0.32659210483501727), (2, 0.32538092273245056), (0, 0.30263214994133236), (1, 0.04539482249119986)]
4
payment_ctn_mem
payment_ctn_write
payment_ctn_read
payment
[(3, 0.48447504385448875), (0, 0.3488228137534127), (2, 0.11437872032908668), (1, 0.05232342206301191)]
5
payment_ctn_mem
payment_ctn_write
payment_ctn_read
payment
[(3, 0.48447504385448875), (0, 0.3488228137534127), (2, 0.11437872032908668), (1, 0.05232342206301191)]
6
payment_ctn_mem
payment_ctn_write
payment_ctn_read
payment
[(3, 0.6704179631556049), (2, 0.21285294798994395), (0, 0.058364544427225655), (1, 0.058364544427225655)]
7
payment_ctn_mem
payment_ctn_write
payment_ctn_read
payment
[(0, 0.45347785405889407), (3, 0.4094297199976508), (2, 0.08286465406281776), (1, 0.05422777188063726)]
8
payment_ctn_mem
payment_ctn_write
payment_ctn_read
payment
9
payment_ctn_mem
payment_ctn_write
payment_ctn_read
payment
[(3, 0.48447504385448875), (0, 0.3488228137534127), (2, 0.11437872032908668), (1, 0.05232342206301191)]
10
payment_ctn_mem
payment_ctn_write
payment_ctn_read
payment
[(3, 0.48447504385448875), (0, 0.3488228137534127), (2, 0.11437872032908668), (1, 0.05232342206301191)]
-----one service finish-----
6
1
shipping_ctn_mem
shipping_ctn_write
shipping_ctn_read
shipping
[(1, 0.4440406924488666), (2, 0.4440406924488666), (0, 0.0559593075511334), (3, 0.0559593075511334)]
2
shipping_ctn_mem
shipping_ctn_write
shipping_ctn_read
shipping
[(1, 0.4440406924488666), (2, 0.4440406924488666), (0, 0.0559593075511334), (3, 0.0559593075511334)]
3
shipping_ctn_mem
shipping_ctn_write
shipping_ctn_read
shipping
4
shipping_ctn_mem
shipping_ctn_write
shipping_ctn_read
shipping
[(0, 0.3493408776261355), (2, 0.30263214994133236), (3, 0.30263214994133236), (1, 0.04539482249119986)]
5
shipping_ctn_mem
shipping_ctn_write
shipping_ctn_read
shipping
[(1, 0.4440406924488666), (2, 0.4440406924488666), (0, 0.0559593075511334), (3, 0.0559593075511334)]
6
shipping_ctn_mem
shipping_ctn_write
shipping_ctn_read
shipping
7
shipping_ctn_mem
shipping_ctn_write
shipping_ctn_read
shipping
[(0, 0.3493408776261355), (2, 0.30263214994133236), (3, 0.30263214994133236), (1, 0.04539482249119986)]
8
shipping_ctn_mem
shipping_ctn_write
shipping_ctn_read
shipping
9
shipping_ctn_mem
shipping_ctn_write
shipping_ctn_read
shipping
[(1, 0.3493408776261355), (2, 0.30263214994133236), (3, 0.30263214994133236), (0, 0.04539482249119986)]
10
shipping_ctn_mem
shipping_ctn_write
shipping_ctn_read
shipping
[(0, 0.3493408776261355), (2, 0.30263214994133236), (3, 0.30263214994133236), (1, 0.04539482249119986)]
-----one service finish-----
2023-03-14 05:57:39
