2023-03-14 05:28:24
0
1
front-end_ctn_write
front-end_ctn_read
front-end
[(1, 0.3218874549618694), (2, 0.3218874549618694), (3, 0.2740193000586625), (0, 0.04110289500879938), (4, 0.04110289500879938)]
2
front-end_ctn_write
front-end_ctn_read
front-end
[(0, 0.49706309772887675), (1, 0.356474570719349), (2, 0.048820777183924725), (3, 0.048820777183924725), (4, 0.048820777183924725)]
3
front-end_ctn_write
front-end_ctn_read
front-end
[(4, 0.2671544743143986), (0, 0.23264937323352425), (1, 0.23264937323352425), (2, 0.23264937323352425), (3, 0.03489740598502865)]
4
front-end_ctn_write
front-end_ctn_read
front-end
[(0, 0.4519605504444568), (1, 0.3732623198689283), (3, 0.08081588352022145), (2, 0.04698062308319679), (4, 0.04698062308319679)]
5
front-end_ctn_write
front-end_ctn_read
front-end
[(4, 0.2671544743143986), (0, 0.23264937323352425), (1, 0.23264937323352425), (2, 0.23264937323352425), (3, 0.03489740598502865)]
6
front-end_ctn_write
front-end_ctn_read
front-end
[(0, 0.36975502727891413), (2, 0.2740195533569939), (4, 0.2740195533569939), (1, 0.041102933003549086), (3, 0.041102933003549086)]
7
front-end_ctn_write
front-end_ctn_read
front-end
[(0, 0.4296643460200568), (1, 0.39756485029709804), (4, 0.07855790828153456), (2, 0.047106447700655314), (3, 0.047106447700655314)]
8
front-end_ctn_write
front-end_ctn_read
front-end
9
front-end_ctn_write
front-end_ctn_read
front-end
[(1, 0.35413349561556273), (3, 0.261812424760226), (4, 0.261812424760226), (0, 0.08296979114995144), (2, 0.0392718637140339)]
10
front-end_ctn_write
front-end_ctn_read
front-end
[(0, 0.36975502727891413), (2, 0.2740195533569939), (4, 0.2740195533569939), (1, 0.041102933003549086), (3, 0.041102933003549086)]
-----one service finish-----
1
1
user_ctn_mem
user_ctn_read
user
[(0, 0.4443304173442074), (2, 0.35700276540530057), (1, 0.0840922735049128), (4, 0.06904177319785515), (3, 0.045532770547724054)]
2
user_ctn_mem
user_ctn_read
user
[(2, 0.5164900857974946), (1, 0.20853597315392136), (4, 0.144648493063832), (3, 0.08914631565165086), (0, 0.04117913233310119)]
3
user_ctn_mem
user_ctn_read
user
[(0, 0.46888903405188), (2, 0.36441656510050396), (4, 0.07171112820567865), (1, 0.04749163632096875), (3, 0.04749163632096875)]
4
user_ctn_mem
user_ctn_read
user
[(3, 0.25572688791957077), (2, 0.24407695962835213), (1, 0.23264937323352428), (4, 0.23264937323352428), (0, 0.03489740598502865)]
5
user_ctn_mem
user_ctn_read
user
[(3, 0.2671544743143986), (1, 0.23264937323352425), (2, 0.23264937323352425), (4, 0.23264937323352425), (0, 0.03489740598502864)]
6
user_ctn_mem
user_ctn_read
user
[(1, 0.5058366043915514), (2, 0.3088883474324119), (3, 0.06980556522475695), (4, 0.06913623083641796), (0, 0.04633325211486179)]
7
user_ctn_mem
user_ctn_read
user
[(3, 0.2671544743143986), (1, 0.23264937323352425), (2, 0.23264937323352425), (4, 0.23264937323352425), (0, 0.03489740598502864)]
8
user_ctn_mem
user_ctn_read
user
[(1, 0.4993011007997413), (2, 0.3045351725239943), (3, 0.07537881113353292), (4, 0.07510463966413225), (0, 0.04568027587859916)]
9
user_ctn_mem
user_ctn_read
user
[(0, 0.44650711279430955), (2, 0.35614209393370905), (1, 0.08204480034079709), (4, 0.06969579583959183), (3, 0.045610197091592565)]
10
user_ctn_mem
user_ctn_read
user
[(2, 0.2671544743143986), (1, 0.23264937323352425), (3, 0.23264937323352425), (4, 0.23264937323352425), (0, 0.03489740598502864)]
-----one service finish-----
2
1
catalogue_ctn_write
catalogue_ctn_read
catalogue
[(2, 0.6138634116311671), (4, 0.18668363515409364), (0, 0.10692323292102819), (1, 0.046264860146855616), (3, 0.046264860146855616)]
2
catalogue_ctn_write
catalogue_ctn_read
catalogue
[(3, 0.583387939525771), (1, 0.2271982690783448), (0, 0.10046691727657621), (2, 0.044473437059653995), (4, 0.044473437059653995)]
3
catalogue_ctn_write
catalogue_ctn_read
catalogue
[(3, 0.44695191878094614), (4, 0.27553011662952515), (1, 0.14644796327584), (2, 0.08974048381925999), (0, 0.04132951749442878)]
4
catalogue_ctn_write
catalogue_ctn_read
catalogue
[(1, 0.4993011007997414), (3, 0.30453517252399437), (0, 0.10480317491906602), (2, 0.045680275878599165), (4, 0.045680275878599165)]
5
catalogue_ctn_write
catalogue_ctn_read
catalogue
[(3, 0.5721927678549036), (1, 0.22485811791642682), (0, 0.11529032180689729), (2, 0.04382939621088616), (4, 0.04382939621088616)]
6
catalogue_ctn_write
catalogue_ctn_read
catalogue
[(2, 0.6519163831518229), (4, 0.16582600835991876), (0, 0.08484132846479421), (1, 0.048708140011732036), (3, 0.048708140011732036)]
7
catalogue_ctn_write
catalogue_ctn_read
catalogue
[(2, 0.614866190937218), (4, 0.15244752535196757), (3, 0.10556525653062054), (0, 0.08077416835489229), (1, 0.04634685882530173)]
8
catalogue_ctn_write
catalogue_ctn_read
catalogue
[(0, 0.4819021480281392), (2, 0.344233925662358), (4, 0.07978821304718242), (1, 0.047037856631160224), (3, 0.047037856631160224)]
9
catalogue_ctn_write
catalogue_ctn_read
catalogue
[(0, 0.6864552439080985), (2, 0.16010578329854483), (1, 0.0511463242644522), (3, 0.0511463242644522), (4, 0.0511463242644522)]
10
catalogue_ctn_write
catalogue_ctn_read
catalogue
[(2, 0.651110272339743), (4, 0.11242682775096902), (3, 0.10250640156607882), (0, 0.0853026573334825), (1, 0.04865384100972667)]
-----one service finish-----
3
1
orders_ctn_read
orders
[(1, 0.5851807786375871), (0, 0.2085497816790593), (5, 0.08990301632824217), (2, 0.03878880778503709), (3, 0.03878880778503709), (4, 0.03878880778503709)]
2
orders_ctn_read
orders
[(2, 0.46420036765160866), (5, 0.20288455672359915), (4, 0.1496553964772206), (1, 0.10302443780975831), (0, 0.04672834936671527), (3, 0.03350689197109804)]
3
orders_ctn_read
orders
[(5, 0.41331837780048736), (2, 0.23635077797902312), (4, 0.15953734785886806), (1, 0.10788174433741242), (0, 0.04870133107087125), (3, 0.03421042095333783)]
4
orders_ctn_read
orders
[(5, 0.522466912609427), (0, 0.21798333956817406), (1, 0.12864849014987942), (2, 0.059180952526484185), (3, 0.03586015257301766), (4, 0.03586015257301766)]
5
orders_ctn_read
orders
[(3, 0.36367302194417367), (2, 0.352827543489645), (0, 0.15200887703723817), (5, 0.05733882088379005), (1, 0.03707586832257658), (4, 0.03707586832257658)]
6
orders_ctn_read
orders
[(1, 0.25381198199318683), (2, 0.2415463092275777), (3, 0.21247551706141743), (4, 0.21247551706141743), (0, 0.04781934709718803), (5, 0.03187132755921262)]
7
orders_ctn_read
orders
[(5, 0.4130835271563209), (2, 0.23632265058605287), (4, 0.15943785090171184), (1, 0.10784296771726264), (0, 0.049112814804548835), (3, 0.03420018883410298)]
8
orders_ctn_read
orders
[(1, 0.2161666639933778), (0, 0.18887550265219816), (2, 0.18887550265219816), (3, 0.18887550265219816), (4, 0.18887550265219816), (5, 0.02833132539782973)]
9
orders_ctn_read
orders
[(2, 0.4523622044525494), (5, 0.20452466690092755), (4, 0.1536169648837772), (1, 0.10851725446474325), (0, 0.04791348877145666), (3, 0.033065420526546034)]
10
orders_ctn_read
orders
[(1, 0.4284084767299287), (2, 0.2417387580962365), (4, 0.1486293230741947), (5, 0.09544957919275573), (0, 0.0507356504964864), (3, 0.0350382124103979)]
-----one service finish-----
4
1
carts_ctn_mem
carts_ctn_read
carts
[(0, 0.4623732899739073), (2, 0.3657684499215278), (1, 0.07753046362981297), (3, 0.047163898237376), (4, 0.047163898237376)]
2
carts_ctn_mem
carts_ctn_read
carts
[(0, 0.5280658205553943), (2, 0.32547184789283146), (1, 0.04882077718392473), (3, 0.04882077718392473), (4, 0.04882077718392473)]
3
carts_ctn_mem
carts_ctn_read
carts
[(2, 0.2671544743143986), (0, 0.23264937323352425), (1, 0.23264937323352425), (3, 0.23264937323352425), (4, 0.03489740598502864)]
4
carts_ctn_mem
carts_ctn_read
carts
[(2, 0.5164900857974944), (4, 0.20853597315392144), (3, 0.14464849306383204), (1, 0.08914631565165086), (0, 0.04117913233310119)]
5
carts_ctn_mem
carts_ctn_read
carts
6
carts_ctn_mem
carts_ctn_read
carts
[(2, 0.35413349561556273), (0, 0.261812424760226), (3, 0.261812424760226), (1, 0.08296979114995144), (4, 0.0392718637140339)]
7
carts_ctn_mem
carts_ctn_read
carts
[(2, 0.5164900857974944), (4, 0.20853597315392142), (3, 0.1446484930638321), (1, 0.08914631565165088), (0, 0.04117913233310119)]
8
carts_ctn_mem
carts_ctn_read
carts
[(2, 0.5164900857974944), (4, 0.20853597315392142), (3, 0.1446484930638321), (1, 0.08914631565165088), (0, 0.04117913233310119)]
9
carts_ctn_mem
carts_ctn_read
carts
[(0, 0.32140559129397656), (2, 0.306737730180702), (3, 0.26696733376270504), (1, 0.06484424469821055), (4, 0.040045100064405766)]
10
carts_ctn_mem
carts_ctn_read
carts
[(2, 0.5164900857974944), (4, 0.20853597315392144), (3, 0.14464849306383204), (1, 0.08914631565165088), (0, 0.04117913233310119)]
-----one service finish-----
5
1
payment_ctn_mem
payment_ctn_write
payment_ctn_read
payment
[(3, 0.49504836053941226), (0, 0.3565700847910523), (2, 0.09489604195087767), (1, 0.053485512718657854)]
2
payment_ctn_mem
payment_ctn_write
payment_ctn_read
payment
[(0, 0.4474234880921389), (3, 0.4135229779862842), (2, 0.08495612501908376), (1, 0.054097408902493135)]
3
payment_ctn_mem
payment_ctn_write
payment_ctn_read
payment
[(3, 0.48447504385448875), (0, 0.3488228137534127), (2, 0.11437872032908668), (1, 0.05232342206301191)]
4
payment_ctn_mem
payment_ctn_write
payment_ctn_read
payment
[(3, 0.692302036580213), (2, 0.1875095111996546), (0, 0.0600942261100662), (1, 0.0600942261100662)]
5
payment_ctn_mem
payment_ctn_write
payment_ctn_read
payment
6
payment_ctn_mem
payment_ctn_write
payment_ctn_read
payment
[(3, 0.6704179631556049), (2, 0.21285294798994395), (0, 0.058364544427225655), (1, 0.058364544427225655)]
7
payment_ctn_mem
payment_ctn_write
payment_ctn_read
payment
[(0, 0.48094835757728877), (3, 0.40713302732044454), (1, 0.0559593075511334), (2, 0.0559593075511334)]
8
payment_ctn_mem
payment_ctn_write
payment_ctn_read
payment
[(3, 0.3493408776261355), (0, 0.3026321499413323), (1, 0.3026321499413323), (2, 0.045394822491199846)]
9
payment_ctn_mem
payment_ctn_write
payment_ctn_read
payment
[(3, 0.6704179631556049), (2, 0.21285294798994395), (0, 0.058364544427225655), (1, 0.058364544427225655)]
10
payment_ctn_mem
payment_ctn_write
payment_ctn_read
payment
-----one service finish-----
6
1
shipping_ctn_mem
shipping_ctn_write
shipping_ctn_read
shipping
[(1, 0.4844750438544888), (3, 0.3488228137534127), (0, 0.11437872032908669), (2, 0.05232342206301191)]
2
shipping_ctn_mem
shipping_ctn_write
shipping_ctn_read
shipping
3
shipping_ctn_mem
shipping_ctn_write
shipping_ctn_read
shipping
[(1, 0.3493408776261355), (2, 0.30263214994133236), (3, 0.30263214994133236), (0, 0.04539482249119986)]
4
shipping_ctn_mem
shipping_ctn_write
shipping_ctn_read
shipping
[(1, 0.6178445252575919), (0, 0.20564434754342936), (2, 0.12198159569902098), (3, 0.054529531499957644)]
5
shipping_ctn_mem
shipping_ctn_write
shipping_ctn_read
shipping
6
shipping_ctn_mem
shipping_ctn_write
shipping_ctn_read
shipping
[(0, 0.3493408776261355), (2, 0.30263214994133236), (3, 0.30263214994133236), (1, 0.04539482249119986)]
7
shipping_ctn_mem
shipping_ctn_write
shipping_ctn_read
shipping
8
shipping_ctn_mem
shipping_ctn_write
shipping_ctn_read
shipping
[(0, 0.3493408776261355), (2, 0.30263214994133236), (3, 0.30263214994133236), (1, 0.04539482249119986)]
9
shipping_ctn_mem
shipping_ctn_write
shipping_ctn_read
shipping
10
shipping_ctn_mem
shipping_ctn_write
shipping_ctn_read
shipping
[(0, 0.4440406924488666), (2, 0.4440406924488666), (1, 0.0559593075511334), (3, 0.0559593075511334)]
-----one service finish-----
2023-03-14 05:44:07
