2023-03-14 04:27:27
0
1
front-end_ctn_write
front-end_ctn_read
front-end
[(0, 0.43749274363981977), (1, 0.3900149736094806), (4, 0.07824434739988331), (2, 0.04712396767540818), (3, 0.04712396767540818)]
2
front-end_ctn_write
front-end_ctn_read
front-end
[(2, 0.5164900857974944), (4, 0.20853597315392142), (3, 0.1446484930638321), (1, 0.08914631565165088), (0, 0.04117913233310119)]
3
front-end_ctn_write
front-end_ctn_read
front-end
[(1, 0.5833562721700816), (0, 0.22732116332509789), (4, 0.08400645026338066), (2, 0.06082798117801918), (3, 0.044488133063420726)]
4
front-end_ctn_write
front-end_ctn_read
front-end
[(0, 0.6771881242625891), (2, 0.10179104243539981), (1, 0.09211631677496036), (4, 0.07843242255060284), (3, 0.05047209397644791)]
5
front-end_ctn_write
front-end_ctn_read
front-end
[(1, 0.5829273512199146), (0, 0.22723050385265345), (4, 0.08494358954288946), (2, 0.06043525754421072), (3, 0.04446329784033192)]
6
front-end_ctn_write
front-end_ctn_read
front-end
[(4, 0.2503224095830336), (0, 0.2494814379648893), (1, 0.23264937323352425), (2, 0.23264937323352425), (3, 0.03489740598502865)]
7
front-end_ctn_write
front-end_ctn_read
front-end
[(2, 0.5164900857974944), (4, 0.20853597315392142), (3, 0.14464849306383204), (1, 0.08914631565165088), (0, 0.04117913233310119)]
8
front-end_ctn_write
front-end_ctn_read
front-end
[(2, 0.6024275855251331), (1, 0.2020176047018922), (4, 0.10441202734502497), (0, 0.045571391213974896), (3, 0.045571391213974896)]
9
front-end_ctn_write
front-end_ctn_read
front-end
[(1, 0.5827426937598598), (0, 0.22719381490828303), (4, 0.08497461257642572), (2, 0.060635952061304024), (3, 0.04445292669412751)]
10
front-end_ctn_write
front-end_ctn_read
front-end
[(1, 0.5827013233533577), (0, 0.22718251688348054), (4, 0.08545757770395025), (2, 0.06020838383351396), (3, 0.04445019822569756)]
-----one service finish-----
1
1
user_ctn_mem
user_ctn_read
user
[(2, 0.5566000799057892), (1, 0.22130955254624413), (4, 0.10845495081654567), (3, 0.07059814324249071), (0, 0.04303727348893031)]
2
user_ctn_mem
user_ctn_read
user
[(2, 0.5454817258759063), (4, 0.19288867592573067), (3, 0.12528902056921062), (0, 0.09378787453629124), (1, 0.04255270309286134)]
3
user_ctn_mem
user_ctn_read
user
[(2, 0.5164900857974944), (1, 0.20853597315392144), (4, 0.1446484930638321), (3, 0.08914631565165088), (0, 0.04117913233310119)]
4
user_ctn_mem
user_ctn_read
user
[(0, 0.4374721538866981), (2, 0.3577178498607213), (4, 0.08875953059349406), (3, 0.07087580400146729), (1, 0.04517466165761932)]
5
user_ctn_mem
user_ctn_read
user
[(1, 0.3224230480340931), (2, 0.3065547754111652), (3, 0.26733059134997994), (0, 0.06359199650226467), (4, 0.040099588702497)]
6
user_ctn_mem
user_ctn_read
user
[(1, 0.4053296669592293), (2, 0.3642856552627443), (0, 0.11600246083693068), (4, 0.07063966327903823), (3, 0.04374255366205747)]
7
user_ctn_mem
user_ctn_read
user
[(0, 0.4344726903318292), (2, 0.3571714942655823), (1, 0.09043270367950158), (4, 0.07295255975542105), (3, 0.04497055196766591)]
8
user_ctn_mem
user_ctn_read
user
[(0, 0.43556536565732296), (2, 0.3572529757200562), (4, 0.08995581366356889), (3, 0.07218790881699773), (1, 0.04503793614205431)]
9
user_ctn_mem
user_ctn_read
user
[(2, 0.5921840570270902), (3, 0.18324770384723066), (0, 0.13462756429761644), (1, 0.04497033741403135), (4, 0.04497033741403135)]
10
user_ctn_mem
user_ctn_read
user
[(0, 0.4347377655806662), (2, 0.35725694504384237), (4, 0.09047779494683372), (3, 0.07253684708653946), (1, 0.044990647342118106)]
-----one service finish-----
2
1
catalogue_ctn_write
catalogue_ctn_read
catalogue
[(2, 0.6066944970156707), (4, 0.1904965293634469), (0, 0.11114878028253167), (1, 0.04583009666917541), (3, 0.04583009666917541)]
2
catalogue_ctn_write
catalogue_ctn_read
catalogue
[(3, 0.583387939525771), (1, 0.2271982690783448), (0, 0.1004669172765762), (2, 0.04447343705965399), (4, 0.04447343705965399)]
3
catalogue_ctn_write
catalogue_ctn_read
catalogue
[(3, 0.5713342768779391), (1, 0.22467576129327024), (0, 0.11642797709393012), (2, 0.04378099236743029), (4, 0.04378099236743029)]
4
catalogue_ctn_write
catalogue_ctn_read
catalogue
[(1, 0.6632372926833998), (0, 0.1883179458415517), (2, 0.04948158715834954), (3, 0.04948158715834954), (4, 0.04948158715834954)]
5
catalogue_ctn_write
catalogue_ctn_read
catalogue
[(2, 0.6047920734947618), (4, 0.19150259217352728), (0, 0.11227337932522961), (1, 0.0457159775032406), (3, 0.0457159775032406)]
6
catalogue_ctn_write
catalogue_ctn_read
catalogue
[(4, 0.251043771463169), (0, 0.24876007608475392), (1, 0.23264937323352425), (2, 0.23264937323352425), (3, 0.03489740598502864)]
7
catalogue_ctn_write
catalogue_ctn_read
catalogue
[(3, 0.5711737312833898), (1, 0.22464162062348142), (0, 0.11664073404202253), (2, 0.04377195702555317), (4, 0.04377195702555317)]
8
catalogue_ctn_write
catalogue_ctn_read
catalogue
[(2, 0.6053314260403039), (4, 0.19121760776122887), (0, 0.11195440908815893), (1, 0.04574827855515422), (3, 0.04574827855515422)]
9
catalogue_ctn_write
catalogue_ctn_read
catalogue
[(0, 0.537594875231304), (2, 0.1753369098174229), (1, 0.15237409013619796), (3, 0.09252795224745816), (4, 0.042166172567617066)]
10
catalogue_ctn_write
catalogue_ctn_read
catalogue
[(3, 0.583387939525771), (1, 0.2271982690783448), (0, 0.10046691727657618), (2, 0.04447343705965399), (4, 0.04447343705965399)]
-----one service finish-----
3
1
orders_ctn_read
orders
[(2, 0.4799960186885895), (1, 0.21068090093420067), (4, 0.13741194861130052), (5, 0.0896666055677141), (0, 0.04816377005978415), (3, 0.03408075613841116)]
2
orders_ctn_read
orders
[(5, 0.6393555743979406), (0, 0.19352158354032906), (1, 0.041780710515432605), (2, 0.041780710515432605), (3, 0.041780710515432605), (4, 0.041780710515432605)]
3
orders_ctn_read
orders
[(3, 0.36287830330423193), (2, 0.32964165394806527), (0, 0.14217849232384475), (5, 0.0725238168243802), (4, 0.05679020507109985), (1, 0.03598752852837801)]
4
orders_ctn_read
orders
[(1, 0.31450532765634254), (2, 0.28069296007864786), (3, 0.23046012530602092), (0, 0.08353658591310943), (4, 0.056235982249975995), (5, 0.03456901879590314)]
5
orders_ctn_read
orders
[(5, 0.5699778534209895), (0, 0.22877881131227318), (1, 0.08714235581553713), (2, 0.03803365981706675), (3, 0.03803365981706675), (4, 0.03803365981706675)]
6
orders_ctn_read
orders
[(3, 0.3791164374643352), (2, 0.33738547841744904), (0, 0.1469300062407122), (1, 0.06241706678698826), (4, 0.03707550554525759), (5, 0.03707550554525759)]
7
orders_ctn_read
orders
[(5, 0.47632407695373163), (2, 0.2504167456354665), (0, 0.1605716418748418), (1, 0.03756251184531998), (3, 0.03756251184531998), (4, 0.03756251184531998)]
8
orders_ctn_read
orders
[(2, 0.46318686639943113), (5, 0.2030822557492024), (4, 0.15005709268044837), (1, 0.10354393978304352), (0, 0.04665911281634991), (3, 0.03347073257152475)]
9
orders_ctn_read
orders
[(1, 0.42552600172048005), (2, 0.24554474487990113), (4, 0.14838767304851974), (5, 0.09510661404835295), (0, 0.050358436337153735), (3, 0.03507652996559247)]
10
orders_ctn_read
orders
[(2, 0.44342468357382275), (3, 0.23617986843613642), (0, 0.1720619879578108), (5, 0.0609954777449237), (4, 0.05191100202188589), (1, 0.03542698026542047)]
-----one service finish-----
4
1
carts_ctn_mem
carts_ctn_read
carts
[(2, 0.5164900857974944), (4, 0.20853597315392142), (3, 0.1446484930638321), (1, 0.08914631565165088), (0, 0.04117913233310119)]
2
carts_ctn_mem
carts_ctn_read
carts
[(2, 0.5164900857974944), (4, 0.20853597315392142), (3, 0.1446484930638321), (1, 0.08914631565165088), (0, 0.04117913233310119)]
3
carts_ctn_mem
carts_ctn_read
carts
[(2, 0.5164900857974944), (4, 0.20853597315392142), (3, 0.1446484930638321), (1, 0.08914631565165088), (0, 0.04117913233310119)]
4
carts_ctn_mem
carts_ctn_read
carts
[(2, 0.5164900857974944), (4, 0.20853597315392142), (3, 0.14464849306383204), (1, 0.08914631565165088), (0, 0.04117913233310119)]
5
carts_ctn_mem
carts_ctn_read
carts
[(2, 0.32848448012780235), (3, 0.3011961218595133), (4, 0.26763762008787295), (0, 0.06253613491163051), (1, 0.04014564301318095)]
6
carts_ctn_mem
carts_ctn_read
carts
[(2, 0.5164900857974944), (4, 0.20853597315392142), (3, 0.1446484930638321), (1, 0.08914631565165088), (0, 0.04117913233310119)]
7
carts_ctn_mem
carts_ctn_read
carts
[(2, 0.5164900857974944), (4, 0.20853597315392142), (3, 0.1446484930638321), (1, 0.08914631565165088), (0, 0.04117913233310119)]
8
carts_ctn_mem
carts_ctn_read
carts
[(2, 0.5164900857974944), (4, 0.20853597315392142), (3, 0.1446484930638321), (1, 0.08914631565165088), (0, 0.04117913233310119)]
9
carts_ctn_mem
carts_ctn_read
carts
[(2, 0.2671544743143986), (1, 0.23264937323352425), (3, 0.23264937323352425), (4, 0.23264937323352425), (0, 0.03489740598502864)]
10
carts_ctn_mem
carts_ctn_read
carts
[(2, 0.5164900857974944), (4, 0.20853597315392142), (3, 0.1446484930638321), (1, 0.08914631565165088), (0, 0.04117913233310119)]
-----one service finish-----
5
1
payment_ctn_mem
payment_ctn_write
payment_ctn_read
payment
[(3, 0.6853141043827661), (2, 0.19562624733322898), (0, 0.05952982414200252), (1, 0.05952982414200252)]
2
payment_ctn_mem
payment_ctn_write
payment_ctn_read
payment
[(3, 0.6704179631556048), (2, 0.21285294798994397), (0, 0.05836454442722565), (1, 0.05836454442722565)]
3
payment_ctn_mem
payment_ctn_write
payment_ctn_read
payment
[(3, 0.6804112592767355), (2, 0.20130744688224686), (0, 0.05914064692050879), (1, 0.05914064692050879)]
4
payment_ctn_mem
payment_ctn_write
payment_ctn_read
payment
[(3, 0.6795910236036184), (2, 0.2022568116869543), (0, 0.05907608235471362), (1, 0.05907608235471362)]
5
payment_ctn_mem
payment_ctn_write
payment_ctn_read
payment
[(0, 0.44867204559032836), (3, 0.4120331618907587), (2, 0.08521337706701884), (1, 0.054081415451894106)]
6
payment_ctn_mem
payment_ctn_write
payment_ctn_read
payment
[(0, 0.44716906124484906), (3, 0.4122054026074267), (2, 0.08663235772320196), (1, 0.05399317842452224)]
7
payment_ctn_mem
payment_ctn_write
payment_ctn_read
payment
[(3, 0.6807651517581746), (2, 0.20089774535598826), (0, 0.0591685514429186), (1, 0.0591685514429186)]
8
payment_ctn_mem
payment_ctn_write
payment_ctn_read
payment
[(3, 0.6704179631556049), (2, 0.21285294798994395), (0, 0.058364544427225655), (1, 0.058364544427225655)]
9
payment_ctn_mem
payment_ctn_write
payment_ctn_read
payment
[(3, 0.6922830049202551), (2, 0.18753164844180195), (0, 0.0600926733189715), (1, 0.0600926733189715)]
10
payment_ctn_mem
payment_ctn_write
payment_ctn_read
payment
[(0, 0.4488949004924264), (1, 0.41207933958357745), (2, 0.0849265092172428), (3, 0.05409925070675342)]
-----one service finish-----
6
1
shipping_ctn_mem
shipping_ctn_write
shipping_ctn_read
shipping
[(1, 0.5150200693289297), (3, 0.3730614851315925), (0, 0.05595922276973888), (2, 0.05595922276973888)]
2
shipping_ctn_mem
shipping_ctn_write
shipping_ctn_read
shipping
[(1, 0.5150200693289297), (3, 0.3730614851315925), (0, 0.05595922276973888), (2, 0.05595922276973888)]
3
shipping_ctn_mem
shipping_ctn_write
shipping_ctn_read
shipping
[(1, 0.3493408776261355), (2, 0.30263214994133236), (3, 0.30263214994133236), (0, 0.04539482249119986)]
4
shipping_ctn_mem
shipping_ctn_write
shipping_ctn_read
shipping
5
shipping_ctn_mem
shipping_ctn_write
shipping_ctn_read
shipping
[(1, 0.3493408776261355), (2, 0.30263214994133236), (3, 0.30263214994133236), (0, 0.04539482249119986)]
6
shipping_ctn_mem
shipping_ctn_write
shipping_ctn_read
shipping
7
shipping_ctn_mem
shipping_ctn_write
shipping_ctn_read
shipping
[(0, 0.3493408776261355), (2, 0.30263214994133236), (3, 0.30263214994133236), (1, 0.04539482249119986)]
8
shipping_ctn_mem
shipping_ctn_write
shipping_ctn_read
shipping
[(1, 0.5150200693289297), (3, 0.3730614851315925), (0, 0.05595922276973888), (2, 0.05595922276973888)]
9
shipping_ctn_mem
shipping_ctn_write
shipping_ctn_read
shipping
10
shipping_ctn_mem
shipping_ctn_write
shipping_ctn_read
shipping
[(1, 0.791544237249603), (0, 0.0694852542501323), (2, 0.0694852542501323), (3, 0.0694852542501323)]
-----one service finish-----
2023-03-14 04:52:31
