2023-03-14 04:24:05
0
1
front-end
[(5, 0.2659983105285137), (0, 0.21603980521476407), (3, 0.21354214629831295), (1, 0.20826313308992378), (6, 0.03642100980640271), (4, 0.029867797531041428), (2, 0.029867797531041428)]
2
front-end
[(5, 0.20144106184810318), (0, 0.19056530107489755), (3, 0.18880123693730552), (1, 0.1836285167637178), (4, 0.1770485811822263), (6, 0.031958015016415514), (2, 0.02655728717733395)]
3
front-end
[(5, 0.26518915343570265), (0, 0.21970636756922027), (3, 0.2123974597038339), (1, 0.2070523736501433), (6, 0.03588349789914403), (4, 0.029885573870977872), (2, 0.029885573870977872)]
4
front-end
[(4, 0.4366194353657512), (3, 0.2213145234572509), (0, 0.16186594081845734), (5, 0.0791071432388847), (1, 0.03839955246489851), (2, 0.03134670232737867), (6, 0.03134670232737867)]
5
front-end
[(5, 0.26616944416396665), (0, 0.22498882251601812), (3, 0.21167945722600331), (1, 0.20692594929339136), (4, 0.030078775600206876), (2, 0.030078775600206876), (6, 0.030078775600206876)]
6
front-end
[(5, 0.2661742627340964), (0, 0.21689128948327305), (3, 0.21342695143130186), (1, 0.2071143205950652), (6, 0.03667432287580808), (4, 0.029859426440227623), (2, 0.029859426440227623)]
7
front-end
[(3, 0.35073275730459086), (0, 0.22929528577929403), (1, 0.21614060550342143), (5, 0.10370853773684437), (6, 0.03778888211965077), (4, 0.03116696577809927), (2, 0.03116696577809927)]
8
front-end
[(6, 0.39470838791964624), (3, 0.19374706247705342), (0, 0.15287901032819712), (5, 0.11114532084082983), (1, 0.07753154649199741), (4, 0.042831699813748444), (2, 0.02715697212852743)]
9
front-end
[(5, 0.2045417155406596), (0, 0.19316565576237377), (3, 0.18983430126700546), (4, 0.17709445912516877), (1, 0.17709445912516877), (6, 0.03170524031084842), (2, 0.02656416886877532)]
10
front-end
[(5, 0.1998451043107023), (0, 0.19835386899023616), (3, 0.18693288499119423), (1, 0.18345835006288985), (4, 0.17800753203459815), (2, 0.026701129805189728), (6, 0.026701129805189728)]
-----one service finish-----
1
1
user
[(4, 0.1724032092765075), (2, 0.16801355316747538), (0, 0.15893571989301616), (1, 0.15893571989301616), (3, 0.15893571989301616), (5, 0.15893571989301616), (6, 0.023840357983952433)]
2
user
[(3, 0.23863464158588757), (5, 0.22193296989424205), (1, 0.20438334674904635), (0, 0.1877413951161985), (4, 0.07616930194708679), (6, 0.04297713544010893), (2, 0.028161209267429783)]
3
user
[(4, 0.5074120162556506), (3, 0.17453228622337186), (0, 0.11677103164304127), (5, 0.06951392196604443), (6, 0.06951392196604443), (1, 0.031128410972923695), (2, 0.031128410972923695)]
4
user
[(4, 0.4544195570542085), (6, 0.1688667490594998), (5, 0.14126095984808054), (2, 0.0743839847501774), (1, 0.06922321447467279), (3, 0.06271479266668788), (0, 0.029130742146673154)]
5
user
[(4, 0.4605221597920578), (6, 0.16737164069387475), (5, 0.1420340894159264), (2, 0.07706175751580945), (1, 0.07312957421150565), (3, 0.0505345895667654), (0, 0.029346188804060532)]
6
user
[(1, 0.2392671930904225), (3, 0.2301967770156925), (5, 0.21998907107215782), (0, 0.19454404654987908), (4, 0.05033583695727184), (6, 0.036485468332094505), (2, 0.029181606982481872)]
7
user
[(4, 0.41746805425397754), (6, 0.17628144329936912), (3, 0.13056367841304867), (2, 0.0969070098648504), (0, 0.09236009001709701), (5, 0.05855349605268193), (1, 0.027866228098975376)]
8
user
[(4, 0.22027055048017793), (1, 0.18504575763593553), (0, 0.1749775947604056), (3, 0.1749775947604056), (5, 0.1749775947604056), (6, 0.04350426838860885), (2, 0.026246639214060848)]
9
user
[(4, 0.38118163985636316), (6, 0.23359320647987353), (3, 0.15468554291133552), (0, 0.10612056173231708), (5, 0.06486950858751299), (1, 0.029774770216298926), (2, 0.029774770216298926)]
10
user
[(1, 0.23435741011110986), (3, 0.23080914648334663), (5, 0.22073260023797184), (0, 0.19351848797556048), (4, 0.05393273540224578), (6, 0.03762184659343143), (2, 0.02902777319633408)]
-----one service finish-----
2
1
catalogue
[(0, 0.1954380791690002), (1, 0.194698265313355), (2, 0.1895968388641563), (6, 0.1888570250085111), (4, 0.17800753203459813), (3, 0.026701129805189728), (5, 0.026701129805189728)]
2
catalogue
[(1, 0.2782514561526191), (6, 0.20885561435227415), (2, 0.20386344044726226), (4, 0.19498668722614165), (0, 0.05554679565386033), (3, 0.029248003083921253), (5, 0.029248003083921253)]
3
catalogue
[(0, 0.20628757214291313), (1, 0.19589091632426062), (2, 0.1884041878532507), (4, 0.17800753203459815), (6, 0.17800753203459815), (3, 0.02670112980518973), (5, 0.02670112980518973)]
4
catalogue
[(1, 0.2349542768569326), (0, 0.22679964085090704), (2, 0.22300687781409714), (4, 0.2093430171906709), (5, 0.0407003627654912), (3, 0.035668762300054786), (6, 0.029527062221846374)]
5
catalogue
[(1, 0.2702366114855588), (2, 0.21391016323260706), (6, 0.21285609915529322), (4, 0.19677134968530025), (0, 0.04719437153565058), (3, 0.029515702452795042), (5, 0.029515702452795042)]
6
catalogue
[(1, 0.2695488151358864), (2, 0.21404591680231108), (6, 0.21342944793997998), (4, 0.19677772791265064), (0, 0.04716477383537676), (3, 0.0295166591868976), (5, 0.0295166591868976)]
7
catalogue
[(1, 0.26641990357581236), (2, 0.21366182315363988), (6, 0.2114856481147792), (4, 0.2019459299682228), (0, 0.04747331834991531), (3, 0.02950668841881519), (5, 0.02950668841881519)]
8
catalogue
[(1, 0.2739813401614432), (2, 0.20951882180306625), (6, 0.20908366527991695), (4, 0.1954598321021342), (0, 0.05331839102279927), (3, 0.029318974815320135), (5, 0.029318974815320135)]
9
catalogue
[(1, 0.29888351435207244), (2, 0.19353271765478539), (4, 0.19353271765478539), (6, 0.19353271765478539), (0, 0.06245851738713589), (3, 0.029029907648217813), (5, 0.029029907648217813)]
10
catalogue
[(1, 0.2690713596140331), (6, 0.21470389956099833), (2, 0.21326877942212405), (4, 0.19678367335410135), (0, 0.04713718604251262), (3, 0.029517551003115212), (5, 0.029517551003115212)]
-----one service finish-----
3
1
orders
[(5, 0.19441421823282384), (2, 0.19045771858618948), (0, 0.1862240874166825), (3, 0.1847151361649032), (1, 0.18456191534586291), (4, 0.03310070344258207), (6, 0.02652622081095605)]
2
orders
[(5, 0.19332003962235958), (2, 0.18881255365101646), (1, 0.18737597772984554), (3, 0.18706025322421974), (0, 0.18459025485168493), (4, 0.03229274124429905), (6, 0.02654817967657481)]
3
orders
[(5, 0.1945740458233212), (3, 0.19360084068019592), (2, 0.18871845341022414), (1, 0.18704576432885572), (0, 0.17693470555030402), (4, 0.0325859843745535), (6, 0.026540205832545613)]
4
orders
[(5, 0.19341428352196455), (2, 0.18896137347626407), (1, 0.18727026397262042), (0, 0.18616939264340895), (3, 0.1853727426535015), (4, 0.03226295381967233), (6, 0.02654898991256812)]
5
orders
[(2, 0.25276796726972967), (5, 0.2250399493509389), (1, 0.21838610922219762), (0, 0.20905584732435786), (3, 0.034914814734814004), (4, 0.02991765604898101), (6, 0.02991765604898101)]
6
orders
[(5, 0.19322361608214172), (2, 0.18905424382386432), (3, 0.18693161709314246), (1, 0.18642686266878356), (0, 0.18504709899032687), (4, 0.03278167411717405), (6, 0.026534887224566976)]
7
orders
[(2, 0.2658267955147089), (5, 0.2203912524389117), (3, 0.2046843401135214), (0, 0.2017057922763304), (1, 0.04844091001773636), (4, 0.029475454819395567), (6, 0.029475454819395567)]
8
orders
[(2, 0.2563892017428863), (5, 0.2245167337630315), (1, 0.2170273032977252), (0, 0.2072093472187135), (3, 0.035029719245646566), (4, 0.029913847365998454), (6, 0.029913847365998454)]
9
orders
[(2, 0.250198489363254), (5, 0.22767839423497363), (0, 0.21544070796297118), (1, 0.20819608832480826), (4, 0.038915145088710974), (3, 0.029785587512640987), (6, 0.029785587512640987)]
10
orders
[(2, 0.25602946070728344), (5, 0.21855160739260537), (3, 0.21592920798525211), (0, 0.20215088812868806), (1, 0.045317848112088756), (4, 0.03254370059906579), (6, 0.029477287075016373)]
-----one service finish-----
4
1
carts
[(6, 0.3895090670165513), (1, 0.1908574243257512), (5, 0.17504416917447546), (3, 0.11283341491435506), (0, 0.07449869727114156), (2, 0.028628613648862686), (4, 0.028628613648862686)]
2
carts
[(2, 0.34315611401642765), (5, 0.2595311499510852), (6, 0.21288665283039185), (4, 0.06732665620487582), (3, 0.05323343114810196), (0, 0.03193299792455879), (1, 0.03193299792455879)]
3
carts
[(0, 0.14285714285714288), (1, 0.14285714285714288), (2, 0.14285714285714288), (3, 0.14285714285714288), (4, 0.14285714285714288), (5, 0.14285714285714288), (6, 0.14285714285714288)]
4
carts
[(6, 0.36675485749310305), (2, 0.19925247058157644), (5, 0.1601841538143501), (4, 0.11786372025298246), (3, 0.0806005221802288), (0, 0.047260581699362654), (1, 0.028083693978396565)]
5
carts
[(0, 0.14285714285714288), (1, 0.14285714285714288), (2, 0.14285714285714288), (3, 0.14285714285714288), (4, 0.14285714285714288), (5, 0.14285714285714288), (6, 0.14285714285714288)]
6
carts
[(0, 0.14285714285714288), (1, 0.14285714285714288), (2, 0.14285714285714288), (3, 0.14285714285714288), (4, 0.14285714285714288), (5, 0.14285714285714288), (6, 0.14285714285714288)]
7
carts
[(6, 0.3805672060000389), (1, 0.20775895616262505), (2, 0.20775895616262505), (5, 0.11042335140152981), (0, 0.031163843424393763), (3, 0.031163843424393763), (4, 0.031163843424393763)]
8
carts
[(0, 0.14285714285714288), (1, 0.14285714285714288), (2, 0.14285714285714288), (3, 0.14285714285714288), (4, 0.14285714285714288), (5, 0.14285714285714288), (6, 0.14285714285714288)]
9
carts
[(0, 0.14285714285714288), (1, 0.14285714285714288), (2, 0.14285714285714288), (3, 0.14285714285714288), (4, 0.14285714285714288), (5, 0.14285714285714288), (6, 0.14285714285714288)]
10
carts
[(0, 0.14285714285714288), (1, 0.14285714285714288), (2, 0.14285714285714288), (3, 0.14285714285714288), (4, 0.14285714285714288), (5, 0.14285714285714288), (6, 0.14285714285714288)]
-----one service finish-----
5
1
payment
[(4, 0.171197561306178), (3, 0.1692192011378049), (0, 0.1589357198930162), (1, 0.1589357198930162), (5, 0.1589357198930162), (6, 0.1589357198930162), (2, 0.023840357983952433)]
2
payment
[(6, 0.3910306207416341), (2, 0.2702454191417726), (4, 0.11842419729631334), (5, 0.08654719040217027), (0, 0.07078911661081387), (1, 0.031481727903647956), (3, 0.031481727903647956)]
3
payment
[(2, 0.3129780457891327), (4, 0.2671213220866594), (6, 0.22760210122715308), (5, 0.066449383213743), (0, 0.05698845108367522), (3, 0.03724294224268619), (1, 0.031617754356950446)]
4
payment
[(2, 0.31557378122427143), (4, 0.2622271746494003), (6, 0.23133875211761107), (5, 0.06508395508647347), (0, 0.05828451274050252), (3, 0.03581693601203799), (1, 0.031674888169703166)]
5
payment
[(2, 0.31405898445654956), (4, 0.2650574174205073), (6, 0.23437641793129246), (5, 0.06543492445435062), (0, 0.05737415061820036), (1, 0.031849052559549784), (3, 0.031849052559549784)]
6
payment
[(2, 0.3140476102274988), (4, 0.26445863778945766), (6, 0.2340586767355338), (5, 0.06544718804363167), (0, 0.05836436177092648), (1, 0.03181176271647581), (3, 0.03181176271647581)]
7
payment
[(4, 0.30147367272958636), (2, 0.24834297027572874), (6, 0.19549886826979704), (5, 0.12043402181793031), (0, 0.06997712785389956), (3, 0.03494850881258848), (1, 0.02932483024046956)]
8
payment
[(6, 0.18148104255096667), (0, 0.15893571989301614), (1, 0.15893571989301614), (3, 0.15893571989301614), (4, 0.15893571989301614), (5, 0.15893571989301614), (2, 0.023840357983952426)]
9
payment
[(2, 0.30914450138446603), (4, 0.2679723361782444), (6, 0.22683277475721605), (5, 0.06977036358888088), (0, 0.05800853529341929), (3, 0.036801846795408585), (1, 0.03146964200236478)]
10
payment
[(2, 0.3279383178658851), (4, 0.2765845665010693), (6, 0.2135673952435171), (5, 0.07114500522191751), (3, 0.04669449659455604), (0, 0.03203510928652757), (1, 0.03203510928652757)]
-----one service finish-----
6
1
shipping
2
shipping
[(0, 0.20628757214291316), (4, 0.2062875721429131), (1, 0.17800753203459813), (2, 0.17800753203459813), (6, 0.17800753203459813), (3, 0.026701129805189728), (5, 0.026701129805189728)]
3
shipping
[(1, 0.2947738072009517), (2, 0.25409979590016935), (6, 0.24885606784912354), (0, 0.06990785604262648), (5, 0.06990785604262648), (3, 0.031227308482251193), (4, 0.031227308482251193)]
4
shipping
[(1, 0.3276919962185884), (2, 0.2086089192762101), (6, 0.19162578122161553), (0, 0.1193217127278299), (3, 0.07948368404986446), (4, 0.044524039322649284), (5, 0.028743867183242334)]
5
shipping
[(2, 0.22405842935322903), (3, 0.22385131131101857), (1, 0.2218937332251384), (6, 0.21676814350909643), (5, 0.04225453520991308), (4, 0.04190500514641372), (0, 0.02926884224519085)]
6
shipping
[(4, 0.18148104255096673), (0, 0.15893571989301616), (6, 0.15893571989301616), (2, 0.15893571989301616), (3, 0.15893571989301616), (1, 0.15893571989301616), (5, 0.023840357983952433)]
7
shipping
[(1, 0.22696159232513374), (0, 0.221497592969908), (3, 0.2212451735043038), (2, 0.21471247090179152), (6, 0.043802633521145586), (4, 0.04258474763866738), (5, 0.029195789139050018)]
8
shipping
[(3, 0.2249872584266898), (2, 0.22432851134844733), (1, 0.22081563349923752), (6, 0.21784658226217618), (5, 0.04228544816080321), (4, 0.040419847442322215), (0, 0.029316718860323915)]
9
shipping
[(3, 0.22766049757927537), (2, 0.2237209545649911), (6, 0.22016708073981053), (1, 0.21767193439130975), (5, 0.041922558045493594), (4, 0.039497829870139875), (0, 0.02935914480897988)]
10
shipping
-----one service finish-----
2023-03-14 05:24:07
