2023-03-14 02:01:23
0
1
front-end
[(4, 0.2503802875251624), (0, 0.23146867356946124), (3, 0.21457589948965838), (1, 0.20707855461931224), (6, 0.036785047460527784), (5, 0.02985576866793903), (2, 0.02985576866793903)]
2
front-end
[(0, 0.2497948890158499), (5, 0.23069403203273386), (3, 0.2140541393267692), (1, 0.20902017474820303), (6, 0.0367209958574964), (4, 0.029857884509473846), (2, 0.029857884509473846)]
3
front-end
[(5, 0.35033370588003626), (3, 0.22642657331359523), (0, 0.22595094861884812), (4, 0.08415617438910629), (1, 0.042311241208943584), (6, 0.03940027218311855), (2, 0.03142108440635194)]
4
front-end
[(5, 0.2678306339916874), (3, 0.21400155190311823), (0, 0.21360302052278407), (1, 0.20774248134203596), (6, 0.0371338072017841), (4, 0.029844252519295213), (2, 0.029844252519295213)]
5
front-end
[(5, 0.20225658458543677), (0, 0.1889546802098092), (3, 0.18842478520147934), (1, 0.18472817347972176), (4, 0.17703209794983452), (6, 0.03204886388124325), (2, 0.026554814692475184)]
6
front-end
[(5, 0.20236028551348564), (0, 0.1895709336033581), (3, 0.18899710730370442), (1, 0.1835487608825742), (4, 0.17705797636832823), (6, 0.03190623987330016), (2, 0.026558696455249237)]
7
front-end
[(5, 0.25860259832500704), (0, 0.21796102535259088), (3, 0.21590464501727596), (1, 0.20933370326072887), (4, 0.03441875356251758), (2, 0.03398355733136461), (6, 0.029795717150514982)]
8
front-end
[(5, 0.34220287597423016), (0, 0.22918916709993206), (3, 0.2268190306694057), (4, 0.09099127257769442), (1, 0.04360114322584173), (2, 0.03595071922680572), (6, 0.031245791226090208)]
9
front-end
[(5, 0.339187288492634), (4, 0.23447367009262343), (0, 0.22904956339973345), (3, 0.08602301435869857), (1, 0.043808758267552074), (2, 0.03603667891044911), (6, 0.03142102647830931)]
10
front-end
[(5, 0.2660285235930237), (0, 0.2142776864133426), (3, 0.2140512789356038), (1, 0.20901993992510445), (6, 0.036919944293186534), (4, 0.029851313419869453), (2, 0.029851313419869453)]
-----one service finish-----
1
1
user
[(4, 0.4575310759926261), (3, 0.2202263626065736), (1, 0.1471402174113391), (0, 0.0769290821893938), (5, 0.036538831481298606), (6, 0.032316240554287126), (2, 0.02931818976448157)]
2
user
[(1, 0.2293189815060515), (3, 0.2284649057702299), (5, 0.21882506054320788), (0, 0.21725048023753218), (4, 0.041191175558535874), (6, 0.035430780891333453), (2, 0.02951861549310914)]
3
user
[(4, 0.467332991377567), (1, 0.2209503764164917), (3, 0.1370872587320659), (0, 0.0737837799042904), (5, 0.037597035025333264), (6, 0.03361492873073974), (2, 0.02963362981351202)]
4
user
[(4, 0.43344407915548205), (6, 0.1536783906399386), (3, 0.1370531368358495), (0, 0.09601799558214988), (2, 0.09116775943044526), (5, 0.060250510905041674), (1, 0.028388127451093134)]
5
user
[(4, 0.43520980453832503), (6, 0.15111660931009654), (3, 0.13780263619932587), (0, 0.09643734819811949), (2, 0.09054270369703785), (5, 0.06044373922383683), (1, 0.028447158833258455)]
6
user
[(5, 0.5057272488289812), (1, 0.22513702860072574), (3, 0.12065214993530489), (4, 0.04976708892894788), (6, 0.03681918529405957), (0, 0.030948649205990365), (2, 0.030948649205990365)]
7
user
[(4, 0.4334202832754993), (6, 0.1537619772752018), (3, 0.1370418953953362), (0, 0.096012091522048), (2, 0.09112856704267018), (5, 0.0602478616561475), (1, 0.028387323833097035)]
8
user
[(4, 0.5134225891537822), (3, 0.2387126591057325), (0, 0.07943793474634803), (1, 0.06071852947997359), (5, 0.0404628780560447), (6, 0.03597255625848861), (2, 0.031272853199630475)]
9
user
[(4, 0.43924882210628136), (6, 0.1473729835367822), (5, 0.1394999178420687), (3, 0.09740004279303548), (2, 0.08700610239817744), (1, 0.060889037740980284), (0, 0.02858309358267454)]
10
user
[(5, 0.5162632846034289), (1, 0.21887422496654235), (3, 0.11935235726950734), (4, 0.04204574868636465), (0, 0.037115605628450885), (6, 0.03498757386487333), (2, 0.03136120498083269)]
-----one service finish-----
2
1
catalogue
[(1, 0.30268762016962814), (6, 0.2781426608005527), (4, 0.2232188321902732), (0, 0.07060887069444192), (3, 0.0546743105785214), (5, 0.03919415445918577), (2, 0.031473551107396885)]
2
catalogue
[(6, 0.19569517728896282), (0, 0.19371428579334365), (1, 0.18802105302505548), (2, 0.18623610427449486), (4, 0.18293112000776376), (3, 0.026701129805189724), (5, 0.026701129805189724)]
3
catalogue
[(1, 0.3040051643484362), (6, 0.2758323226366634), (4, 0.22421324166883144), (0, 0.07077367987568019), (3, 0.054626257546646385), (5, 0.03907571969912495), (2, 0.03147361422461747)]
4
catalogue
[(1, 0.2656706750745833), (2, 0.216787045720256), (6, 0.20857206759671784), (4, 0.20401130967293393), (0, 0.04583980793651514), (3, 0.029559546999496877), (5, 0.029559546999496877)]
5
catalogue
[(1, 0.2665465431787895), (2, 0.21582152597017643), (6, 0.20918623843294717), (4, 0.20363076675281525), (0, 0.04568584976759439), (3, 0.02956453794883862), (5, 0.02956453794883862)]
6
catalogue
[(1, 0.26700692250563357), (2, 0.21613473614857287), (6, 0.20904242826492808), (4, 0.2030629056014908), (0, 0.04561963775713075), (3, 0.029566684861122038), (5, 0.029566684861122038)]
7
catalogue
[(1, 0.26594723799744663), (2, 0.21631049917625111), (6, 0.20858822089413576), (4, 0.2042499461550064), (0, 0.04578120245150409), (3, 0.029561446662828065), (5, 0.029561446662828065)]
8
catalogue
[(1, 0.2664897571627815), (2, 0.21590934119695013), (6, 0.2095283598025737), (4, 0.20342988460539357), (0, 0.04550163354826568), (3, 0.02957051184201761), (5, 0.02957051184201761)]
9
catalogue
[(6, 0.19475110005256396), (0, 0.19419982466987312), (1, 0.18759251517693368), (2, 0.18645199199568524), (4, 0.18360230849456458), (3, 0.026701129805189724), (5, 0.026701129805189724)]
10
catalogue
[(1, 0.2657423425917797), (2, 0.21627742413583526), (6, 0.20935660661647584), (4, 0.20384298432808123), (0, 0.04564918906864379), (3, 0.02956572662959212), (5, 0.02956572662959212)]
-----one service finish-----
3
1
orders
[(5, 0.19753397547338178), (1, 0.19146110190725107), (3, 0.18918429864545536), (2, 0.18482598736589928), (0, 0.18359237699763317), (4, 0.02670112980518973), (6, 0.02670112980518973)]
2
orders
[(5, 0.199149471704027), (0, 0.1914488374203009), (1, 0.19003059432339622), (2, 0.18274764767867707), (3, 0.18057359781046786), (4, 0.02942340827792591), (6, 0.026626442785205068)]
3
orders
[(5, 0.19728595394456042), (1, 0.1901187694438535), (3, 0.1893377152034743), (0, 0.18468837530689278), (2, 0.182768654411765), (4, 0.029167076976438222), (6, 0.026633454713015786)]
4
orders
[(3, 0.19706748966131332), (5, 0.19623215070786795), (1, 0.19026564259547651), (2, 0.18168266799059565), (0, 0.1794365568785095), (4, 0.028668383402085197), (6, 0.02664710876415194)]
5
orders
[(5, 0.19804975050086085), (3, 0.1937063512547039), (1, 0.1884718763488473), (2, 0.1854795024760133), (0, 0.1773407618358566), (4, 0.030350643308339448), (6, 0.02660111427537849)]
6
orders
[(1, 0.1975346947705738), (5, 0.191935445487719), (3, 0.18760100247226552), (0, 0.1868882907692908), (2, 0.18263830688977156), (4, 0.026701129805189728), (6, 0.026701129805189728)]
7
orders
[(5, 0.19591370284989665), (3, 0.19230386310638256), (1, 0.19045761136778513), (0, 0.18505499913305595), (2, 0.18122894157306405), (4, 0.02838603541093132), (6, 0.02665484655888438)]
8
orders
[(5, 0.19694108825954426), (1, 0.19078252292251022), (3, 0.18838362892492067), (0, 0.18658796761347798), (2, 0.18188865795653442), (4, 0.028771860049468176), (6, 0.026644274273544113)]
9
orders
[(5, 0.19737380368692464), (1, 0.19007611705082766), (3, 0.1892024035511743), (0, 0.18455102658797481), (2, 0.1829031563976408), (4, 0.029262652991631687), (6, 0.026630839733826184)]
10
orders
[(5, 0.1959083865678856), (1, 0.19026273957989198), (3, 0.18976722445019578), (0, 0.18533883348364585), (2, 0.1828344553337213), (4, 0.02925737650055803), (6, 0.026630984084101483)]
-----one service finish-----
4
1
carts
[(0, 0.14285714285714288), (1, 0.14285714285714288), (2, 0.14285714285714288), (3, 0.14285714285714288), (4, 0.14285714285714288), (5, 0.14285714285714288), (6, 0.14285714285714288)]
2
carts
[(6, 0.3756256607073037), (5, 0.18884773866007656), (4, 0.15269531993891064), (3, 0.11742283293546683), (0, 0.08423791978416603), (2, 0.05457071853702917), (1, 0.026599809437047043)]
3
carts
[(0, 0.14285714285714288), (1, 0.14285714285714288), (2, 0.14285714285714288), (3, 0.14285714285714288), (4, 0.14285714285714288), (5, 0.14285714285714288), (6, 0.14285714285714288)]
4
carts
[(0, 0.14285714285714288), (1, 0.14285714285714288), (2, 0.14285714285714288), (3, 0.14285714285714288), (4, 0.14285714285714288), (5, 0.14285714285714288), (6, 0.14285714285714288)]
5
carts
[(0, 0.14285714285714288), (1, 0.14285714285714288), (2, 0.14285714285714288), (3, 0.14285714285714288), (4, 0.14285714285714288), (5, 0.14285714285714288), (6, 0.14285714285714288)]
6
carts
[(2, 0.4774124825745478), (3, 0.2342867361242234), (0, 0.11423762929315912), (4, 0.07798917048693349), (5, 0.03305392386430199), (6, 0.03305146398315427), (1, 0.029968593673679975)]
7
carts
[(0, 0.14285714285714288), (1, 0.14285714285714288), (2, 0.14285714285714288), (3, 0.14285714285714288), (4, 0.14285714285714288), (5, 0.14285714285714288), (6, 0.14285714285714288)]
8
carts
[(0, 0.14285714285714288), (1, 0.14285714285714288), (2, 0.14285714285714288), (3, 0.14285714285714288), (4, 0.14285714285714288), (5, 0.14285714285714288), (6, 0.14285714285714288)]
9
carts
[(0, 0.14285714285714288), (1, 0.14285714285714288), (2, 0.14285714285714288), (3, 0.14285714285714288), (4, 0.14285714285714288), (5, 0.14285714285714288), (6, 0.14285714285714288)]
10
carts
[(0, 0.14285714285714288), (1, 0.14285714285714288), (2, 0.14285714285714288), (3, 0.14285714285714288), (4, 0.14285714285714288), (5, 0.14285714285714288), (6, 0.14285714285714288)]
-----one service finish-----
5
1
payment
[(6, 0.29318387377971955), (1, 0.2643502597075233), (4, 0.19779985911388417), (2, 0.09704551984375843), (0, 0.06647621432721888), (3, 0.051474294360812994), (5, 0.029669978867082634)]
2
payment
[(6, 0.47692336866704704), (4, 0.2217927050838408), (2, 0.08941526617851647), (5, 0.07035681767578154), (0, 0.06549403939753713), (1, 0.046076961775697416), (3, 0.029940841221579553)]
3
payment
[(2, 0.32391776051582577), (4, 0.26107436170278286), (6, 0.2357989544014813), (5, 0.060564970259316626), (0, 0.05435310305418124), (1, 0.03214542503320606), (3, 0.03214542503320606)]
4
payment
[(6, 0.29418884054588873), (1, 0.25763901501641495), (4, 0.19608763635991242), (2, 0.10916191436940745), (0, 0.06359825397024525), (3, 0.04991119428414424), (5, 0.02941314545398687)]
5
payment
[(2, 0.31907894296384437), (4, 0.2591925068851426), (6, 0.2311238756532919), (5, 0.06296461353449455), (3, 0.05422294798061311), (0, 0.041732071047781254), (1, 0.03168504193483217)]
6
payment
[(2, 0.33253780835855956), (4, 0.2661992006183786), (6, 0.23598082438152407), (5, 0.05844835445269487), (0, 0.04138053053892685), (1, 0.032726640824958), (3, 0.032726640824958)]
7
payment
[(2, 0.3079618479571964), (4, 0.24928571100927033), (6, 0.2411251434460134), (0, 0.07916026353908673), (3, 0.05051491166096582), (5, 0.04070004047703976), (1, 0.03125208191042747)]
8
payment
[(2, 0.3231100804260917), (4, 0.26187910731486086), (6, 0.23537098448438426), (5, 0.061088517217928115), (0, 0.05429576522482375), (1, 0.0321277726659556), (3, 0.0321277726659556)]
9
payment
[(6, 0.4646056646941392), (4, 0.21757648072711466), (5, 0.13685335423635792), (0, 0.08385436433532455), (2, 0.03788651350875911), (1, 0.02961181124915225), (3, 0.02961181124915225)]
10
payment
[(2, 0.31230495577151285), (4, 0.26745729480957), (6, 0.20980448533450244), (5, 0.07857477762836225), (3, 0.059054535051364966), (0, 0.041889269593446424), (1, 0.030914681811241088)]
-----one service finish-----
6
1
shipping
[(0, 0.23424060877453384), (3, 0.23350828619100328), (6, 0.21316991614439076), (2, 0.21065891708395199), (4, 0.03979935069451097), (5, 0.03918297822147681), (1, 0.0294399428901323)]
2
shipping
[(0, 0.23362123079227898), (3, 0.22690948167531585), (1, 0.2165392660463372), (6, 0.21380887239787666), (4, 0.04063017266365391), (5, 0.039075047741622466), (2, 0.02941592868291504)]
3
shipping
[(0, 0.2347778144121005), (3, 0.23316193153622852), (1, 0.21350251802599468), (2, 0.20991042966778117), (6, 0.04014952455092518), (5, 0.03906557543901273), (4, 0.029432206367957254)]
4
shipping
[(0, 0.23498573468116932), (3, 0.23165171670304596), (6, 0.21558861830987483), (2, 0.21210540387567517), (5, 0.04100796120092421), (4, 0.035125627427717576), (1, 0.029534937801592682)]
5
shipping
[(1, 0.24415074318715319), (6, 0.23661662050794818), (3, 0.21180259108833563), (2, 0.21033052945236203), (4, 0.037430598866947495), (5, 0.029834458448626748), (0, 0.029834458448626748)]
6
shipping
[(0, 0.23496691289513438), (3, 0.23340165826735593), (1, 0.21343810822689765), (2, 0.20977393080247886), (6, 0.03996791601163037), (5, 0.039011431588664894), (4, 0.029440042207837906)]
7
shipping
[(0, 0.23495304629975308), (3, 0.2269023603661148), (1, 0.2160525377971121), (2, 0.2130076327158613), (4, 0.04067926425044121), (6, 0.03898796878589734), (5, 0.029417189784820077)]
8
shipping
[(3, 0.23678552345617115), (0, 0.23392674737261956), (1, 0.2141143186714462), (2, 0.20936618616733493), (6, 0.04094511304438293), (4, 0.03533197226401287), (5, 0.029530139024032318)]
9
shipping
[(0, 0.23392112707393528), (3, 0.23337182748757732), (1, 0.2140240292878397), (6, 0.21061407605636967), (4, 0.039612801824707534), (5, 0.03900404030931616), (2, 0.02945209796025444)]
10
shipping
[(5, 0.23463641225349918), (4, 0.22872835006299405), (0, 0.22457493610251053), (3, 0.22182414720501567), (6, 0.030078718125326864), (2, 0.030078718125326864), (1, 0.030078718125326864)]
-----one service finish-----
2023-03-14 04:24:05
