2023-03-14 00:22:09
0
1
front-end
[(0, 0.3451835100977653), (4, 0.24918799944449052), (5, 0.209875303697766), (3, 0.07079399130138944), (6, 0.06199660434925888), (1, 0.03148129555466491), (2, 0.03148129555466491)]
2
front-end
[(5, 0.26700399818301335), (0, 0.21505326572703015), (3, 0.2142139703222939), (1, 0.2070309213375631), (6, 0.037000540181578716), (4, 0.029848652124260387), (2, 0.029848652124260387)]
3
front-end
[(5, 0.19694882585973605), (3, 0.19473266474879353), (4, 0.19380072154657993), (0, 0.18310799619991291), (1, 0.17800753203459813), (2, 0.026701129805189724), (6, 0.026701129805189724)]
4
front-end
[(5, 0.20199690368807988), (0, 0.18921969742207134), (3, 0.18890385837218784), (1, 0.18412967131267258), (4, 0.17700594713535525), (6, 0.03219302999932985), (2, 0.026550892070303294)]
5
front-end
[(5, 0.20427056311119568), (0, 0.1918297457649452), (3, 0.19142088308693025), (4, 0.1770883610368192), (1, 0.1770883610368192), (6, 0.03173883180776764), (2, 0.026563254155522884)]
6
front-end
[(5, 0.1971676313436147), (0, 0.19563906820664398), (3, 0.19147228918358028), (1, 0.1819554251937753), (4, 0.17746209197835736), (2, 0.029684180297274838), (6, 0.02661931379675361)]
7
front-end
[(4, 0.19845054004050441), (5, 0.19379901001545982), (3, 0.18533684098182068), (0, 0.18482812944939106), (1, 0.18418321990244463), (2, 0.026701129805189724), (6, 0.026701129805189724)]
8
front-end
[(0, 0.4238972618305), (4, 0.22326425858212354), (5, 0.16430454746453227), (3, 0.07942277079308932), (1, 0.03951515258185063), (6, 0.03866342451841056), (2, 0.03093258422949369)]
9
front-end
[(5, 0.2035756619848511), (3, 0.19191159603801747), (0, 0.1918157376147865), (4, 0.17702343439354634), (1, 0.17702343439354634), (6, 0.032096620416220197), (2, 0.026553515159031954)]
10
front-end
[(6, 0.24085909128231206), (3, 0.23152420574756435), (0, 0.1860257535414435), (4, 0.1860257535414435), (2, 0.06887185502238309), (1, 0.058789477833637), (5, 0.027903863031216534)]
-----one service finish-----
1
1
user
[(6, 0.48363538165089526), (5, 0.15203113579500957), (4, 0.1168450471608183), (2, 0.08481301697985383), (3, 0.07964959849068247), (1, 0.052823477232591176), (0, 0.03020234269014941)]
2
user
[(5, 0.5124426061879839), (1, 0.22083728919655143), (3, 0.11886576910618717), (4, 0.04922577590354727), (6, 0.03622070248759901), (0, 0.031203928559065574), (2, 0.031203928559065574)]
3
user
[(4, 0.44716010918518195), (3, 0.20992832587295418), (0, 0.14168335305633817), (5, 0.09109768134824904), (1, 0.048045580798854445), (6, 0.03318044983345544), (2, 0.028904499904966775)]
4
user
[(5, 0.5311468007049945), (3, 0.21338753562240473), (1, 0.10404120544956473), (4, 0.05018858264984385), (6, 0.03736746973209968), (0, 0.03193420292054629), (2, 0.03193420292054629)]
5
user
[(5, 0.5138166843206384), (1, 0.22093754575018393), (3, 0.11882049491820997), (4, 0.04804778127566744), (6, 0.035867430709800655), (0, 0.031255031512749804), (2, 0.031255031512749804)]
6
user
[(6, 0.43485503311991686), (4, 0.16046651095208353), (5, 0.13663918180368187), (3, 0.09599763071265806), (2, 0.0833496095658263), (1, 0.06028356287074741), (0, 0.028408470975086052)]
7
user
[(4, 0.45545683997297887), (3, 0.21199235059178137), (0, 0.1400987572277711), (5, 0.08571184583807756), (1, 0.04254217482813468), (6, 0.03498253611167928), (2, 0.029215495429577226)]
8
user
[(3, 0.23965832224824143), (1, 0.2287653430007809), (5, 0.20392333122097198), (0, 0.18973052870073354), (4, 0.07141334664191268), (6, 0.03804954888224921), (2, 0.02845957930511004)]
9
user
[(5, 0.5308053578937155), (3, 0.215275574141743), (1, 0.10515616058878434), (4, 0.04739283446873286), (6, 0.03752931924906575), (0, 0.03192037682897921), (2, 0.03192037682897921)]
10
user
[(4, 0.44257440658687464), (6, 0.14302579302300567), (5, 0.1409761311521576), (1, 0.0982201093610514), (2, 0.08524201097520771), (3, 0.061264477526974934), (0, 0.028697071374728024)]
-----one service finish-----
2
1
catalogue
[(1, 0.2680304211737037), (2, 0.21467628182849136), (6, 0.21059796967951241), (4, 0.2018598064549801), (0, 0.04570787303869595), (3, 0.029563823912308256), (5, 0.029563823912308256)]
2
catalogue
[(2, 0.19288964401153927), (0, 0.19148667677763057), (1, 0.19052008163449585), (6, 0.187843749678126), (4, 0.18385758828782892), (3, 0.026701129805189724), (5, 0.026701129805189724)]
3
catalogue
[(1, 0.2676937839150966), (2, 0.21430746315284688), (6, 0.21064257748072865), (4, 0.20237931823827218), (0, 0.04585900782242264), (3, 0.02955892469531657), (5, 0.02955892469531657)]
4
catalogue
[(1, 0.26812444790361045), (2, 0.21461160419271091), (6, 0.20982647749098676), (4, 0.2024582565423111), (0, 0.04586152783262522), (3, 0.029558843018877748), (5, 0.029558843018877748)]
5
catalogue
[(1, 0.2683540319866664), (2, 0.21614710421114), (6, 0.21270480912960082), (4, 0.19683216332803952), (0, 0.04691224234614153), (3, 0.029524824499205935), (5, 0.029524824499205935)]
6
catalogue
[(1, 0.26567871092796624), (2, 0.21555227397633814), (6, 0.211128741693974), (4, 0.20168652220359368), (0, 0.04690353924134331), (3, 0.029525105978392318), (5, 0.029525105978392318)]
7
catalogue
[(1, 0.26706476814896374), (2, 0.21526769813820237), (6, 0.209499214298965), (4, 0.20311896420395492), (0, 0.04593653064500639), (3, 0.029556412282453735), (5, 0.029556412282453735)]
8
catalogue
[(1, 0.2648943408680177), (2, 0.21409153409606063), (6, 0.2119115565727901), (4, 0.20252017028766614), (0, 0.04757563117030711), (3, 0.029503383502579167), (5, 0.029503383502579167)]
9
catalogue
[(1, 0.2700114499079362), (2, 0.21511026438475733), (6, 0.2121240402785607), (4, 0.19684409062772432), (0, 0.04685692761270416), (3, 0.029526613594158653), (5, 0.029526613594158653)]
10
catalogue
[(0, 0.23970838167786238), (6, 0.2296250198489718), (1, 0.21498202829366964), (4, 0.208880793521223), (2, 0.039392689651505886), (5, 0.03791537766671762), (3, 0.029495709340049796)]
-----one service finish-----
3
1
orders
[(5, 0.16850981242576119), (3, 0.16569803802737776), (2, 0.1645371946523356), (0, 0.1624319527198553), (1, 0.1608150067950767), (4, 0.15657942395102198), (6, 0.021428571428571432)]
2
orders
[(3, 0.1945704040016902), (5, 0.19409798497789676), (1, 0.19028003335030585), (0, 0.18364483762995717), (2, 0.18207237253209235), (4, 0.02868779040477831), (6, 0.026646577103279247)]
3
orders
[(4, 0.4347482861362757), (2, 0.20771061541922037), (1, 0.1440452280619406), (0, 0.09616575023487599), (3, 0.060427035559240526), (5, 0.028451542294223385), (6, 0.028451542294223385)]
4
orders
[(3, 0.19898856940017098), (5, 0.1945843225597982), (1, 0.19026986950245), (2, 0.18160959669161392), (0, 0.17935091025593738), (4, 0.028546277121711264), (6, 0.026650454468318315)]
5
orders
[(5, 0.1940860339351721), (2, 0.1883230910542364), (1, 0.18809672851138312), (0, 0.1860629011989553), (3, 0.18474579598525298), (4, 0.032132921896580534), (6, 0.0265525274184194)]
6
orders
[(4, 0.4352731196567972), (2, 0.20736376538078288), (1, 0.14368582620968884), (0, 0.09627139937770188), (3, 0.06047407022728871), (5, 0.02846590957387032), (6, 0.02846590957387032)]
7
orders
[(4, 0.43501814275238393), (2, 0.20731555728528883), (1, 0.14407844929951538), (0, 0.09621816614831133), (3, 0.060450872432494626), (5, 0.02845940604100292), (6, 0.02845940604100292)]
8
orders
[(4, 0.44176722442095134), (2, 0.20317478044586568), (5, 0.13911451291510066), (1, 0.09759870173182154), (0, 0.06105880989344066), (3, 0.028642985296410024), (6, 0.028642985296410024)]
9
orders
[(5, 0.19316447151247507), (2, 0.18849031724475498), (1, 0.18755389986217552), (0, 0.18664672560936466), (3, 0.18520664798296224), (4, 0.03239247045947427), (6, 0.02654546732879321)]
10
orders
[(3, 0.1992525070301531), (5, 0.1929015440875483), (1, 0.1908650600667559), (2, 0.18185593076381407), (0, 0.1799577537024881), (4, 0.028515917888672263), (6, 0.02665128646056828)]
-----one service finish-----
4
1
carts
[(6, 0.3850166177506683), (1, 0.18917211090514466), (5, 0.1733894082180907), (4, 0.09602545116770611), (3, 0.0677621781326875), (0, 0.060258417189930864), (2, 0.028375816635771708)]
2
carts
[(0, 0.14285714285714288), (1, 0.14285714285714288), (2, 0.14285714285714288), (3, 0.14285714285714288), (4, 0.14285714285714288), (5, 0.14285714285714288), (6, 0.14285714285714288)]
3
carts
[(6, 0.3756256607073037), (5, 0.18884773866007656), (4, 0.15269531993891064), (3, 0.11742283293546683), (0, 0.08423791978416603), (2, 0.05457071853702917), (1, 0.026599809437047043)]
4
carts
[(6, 0.37562566070730374), (2, 0.1888477386600765), (4, 0.15269531993891064), (3, 0.11742283293546685), (0, 0.08423791978416603), (5, 0.05457071853702918), (1, 0.026599809437047046)]
5
carts
[(1, 0.4102155485860026), (6, 0.20420489336902428), (5, 0.15971773128743874), (3, 0.08079803091903077), (4, 0.059423124830510834), (0, 0.05794573096950964), (2, 0.027694940038483214)]
6
carts
[(6, 0.383312170553143), (1, 0.18881633145117402), (5, 0.1726404722125234), (3, 0.10381741526636784), (0, 0.06300873500569197), (4, 0.060082425793423724), (2, 0.02832244971767611)]
7
carts
[(6, 0.3756256607073038), (5, 0.18884773866007656), (3, 0.15269531993891064), (0, 0.11742283293546683), (4, 0.08423791978416605), (2, 0.054570718537029175), (1, 0.026599809437047046)]
8
carts
[(2, 0.4143164494767695), (6, 0.2794208681523225), (0, 0.09291581924220794), (3, 0.09186765841498591), (5, 0.05586375552606916), (1, 0.03280772459382247), (4, 0.03280772459382247)]
9
carts
[(6, 0.3763392939348767), (1, 0.186704091131407), (5, 0.16991393904901536), (3, 0.09343302605375357), (4, 0.08655375899531491), (0, 0.05905027716592134), (2, 0.02800561366971106)]
10
carts
[(1, 0.3756256607073037), (2, 0.18884773866007656), (4, 0.15269531993891064), (3, 0.11742283293546686), (0, 0.08423791978416603), (5, 0.05457071853702918), (6, 0.026599809437047046)]
-----one service finish-----
5
1
payment
[(5, 0.21895974235926977), (6, 0.19361540192655632), (1, 0.1780075320345981), (3, 0.1780075320345981), (4, 0.1780075320345981), (0, 0.026701129805189718), (2, 0.026701129805189718)]
2
payment
[(5, 0.26054777064479967), (4, 0.23283359952937085), (0, 0.20910357951805816), (6, 0.203309776390287), (2, 0.03433124960914689), (1, 0.02993701215416871), (3, 0.02993701215416871)]
3
payment
[(2, 0.3071887484882148), (4, 0.27394008046914864), (6, 0.21006926509284157), (5, 0.08244238693261838), (0, 0.059657474590382245), (3, 0.035725438316225606), (1, 0.030976606110568843)]
4
payment
[(6, 0.47756201845037577), (4, 0.21651521771455612), (2, 0.10029628465303836), (5, 0.08005530825482526), (0, 0.06562167724033925), (1, 0.029974746843432615), (3, 0.029974746843432615)]
5
payment
[(2, 0.31978359657271704), (4, 0.2604642388568594), (6, 0.2314364350765658), (5, 0.06372823432004257), (3, 0.053306006680147226), (0, 0.03950502926406191), (1, 0.031776459229606056)]
6
payment
[(2, 0.32061826429904494), (4, 0.26083753472341803), (6, 0.23269269799962222), (5, 0.06250354264606406), (0, 0.05506703981544739), (3, 0.03640545605887024), (1, 0.03187546445753309)]
7
payment
[(2, 0.3194630969500211), (4, 0.2587569849215742), (6, 0.23132975916136878), (5, 0.06271009135443018), (3, 0.05443235883665377), (0, 0.04161651182895536), (1, 0.031691196946996666)]
8
payment
[(2, 0.30599541738134417), (4, 0.27655737432272337), (6, 0.23282674687221677), (0, 0.05511271838509856), (1, 0.053824545624728264), (3, 0.043758052155654335), (5, 0.03192514525823465)]
9
payment
[(1, 0.42792112063712423), (4, 0.21303049300176444), (6, 0.1478898563851947), (0, 0.09481535570332662), (5, 0.05981833150402965), (2, 0.028262421384280235), (3, 0.028262421384280235)]
10
payment
[(2, 0.3126028529007186), (4, 0.2526709387063355), (6, 0.2392007602929787), (0, 0.06731223453977134), (3, 0.05512382048048074), (5, 0.04159910304474461), (1, 0.03149029003497061)]
-----one service finish-----
6
1
shipping
[(3, 0.23809925481093763), (1, 0.22605975792590094), (2, 0.21996667155450078), (6, 0.20783091780952567), (5, 0.041817922604858185), (4, 0.03677249250971681), (0, 0.029452982784559968)]
2
shipping
[(3, 0.22824498796827514), (0, 0.22718309305482487), (6, 0.2235209391880144), (2, 0.2151614154009925), (5, 0.04124201666414697), (4, 0.03512025732714998), (0, 0.02952729039659616)]
3
shipping
[(3, 0.22924495457651736), (2, 0.22345710164431026), (6, 0.22004409815434758), (0, 0.21700328088483822), (5, 0.04164672590731478), (4, 0.039226595053755156), (0, 0.029377243778916668)]
4
shipping
[(1, 0.33108784565815036), (2, 0.20410219494980333), (6, 0.1913301676296497), (0, 0.1228110871552656), (3, 0.08271687133897031), (4, 0.039252308123713296), (5, 0.02869952514444746)]
5
shipping
[(3, 0.2639568675266931), (2, 0.21514909867493887), (1, 0.20749951460475563), (6, 0.19372128448025921), (5, 0.04877356587431246), (4, 0.041841476167001866), (0, 0.02905819267203889)]
6
shipping
[(6, 0.2374735540517592), (5, 0.2341065181969974), (3, 0.21957225703388975), (4, 0.21861151634137296), (1, 0.030078718125326864), (2, 0.030078718125326864), (0, 0.030078718125326864)]
7
shipping
[(5, 0.37562566070730374), (4, 0.18884773866007654), (1, 0.1526953199389107), (2, 0.11742283293546685), (6, 0.08423791978416605), (3, 0.054570718537029175), (0, 0.026599809437047046)]
8
shipping
9
shipping
[(6, 0.23102979128064077), (3, 0.2307558382174722), (1, 0.21720684674274426), (2, 0.21474463323089546), (5, 0.04099298749260904), (4, 0.03575551878260051), (0, 0.029514384253037783)]
10
shipping
[(3, 0.22984616617350545), (1, 0.22634880578442956), (2, 0.21950609967919854), (6, 0.21721069760594025), (5, 0.04114120121640169), (4, 0.03646113863520084), (0, 0.029485890905323702)]
-----one service finish-----
2023-03-14 02:01:23
