2023-03-14 05:24:07
0
1
front-end
[(5, 0.3507134396203577), (4, 0.23324668996647654), (3, 0.22486731970180426), (0, 0.08149969603883109), (1, 0.039681209472752214), (6, 0.0383292039095177), (2, 0.03166244129026052)]
2
front-end
[(5, 0.34782990238851885), (4, 0.24166202790227617), (3, 0.22591436078745558), (0, 0.08155374627587188), (1, 0.03918751903375715), (2, 0.031926221806060154), (6, 0.031926221806060154)]
3
front-end
4
front-end
[(3, 0.2723004976861766), (4, 0.2364128341771112), (1, 0.20052517066804576), (6, 0.20052517066804576), (0, 0.030078775600206872), (2, 0.030078775600206872), (5, 0.030078775600206872)]
5
front-end
[(5, 0.26625328776628326), (4, 0.21756435241585026), (0, 0.21357295777250548), (1, 0.20722692708888618), (6, 0.03559203352393582), (3, 0.029895220716269443), (2, 0.029895220716269443)]
6
front-end
[(5, 0.33691647841047245), (4, 0.24683803640606714), (3, 0.2299390296961218), (0, 0.07916313800264098), (2, 0.03785081599237365), (1, 0.03743540700404941), (6, 0.03185709448827457)]
7
front-end
[(5, 0.34848809731827163), (4, 0.24102847510537845), (3, 0.2255903678876614), (0, 0.08172086657321334), (1, 0.03934394313070837), (2, 0.031914124992383455), (6, 0.031914124992383455)]
8
front-end
9
front-end
[(3, 0.43143457222586873), (4, 0.24345906574235243), (5, 0.15637097852456755), (0, 0.07268426304085165), (1, 0.03201704015545318), (2, 0.03201704015545318), (6, 0.03201704015545318)]
10
front-end
[(5, 0.3989035883111588), (3, 0.3276620998323566), (0, 0.09405031786572149), (4, 0.059324420143633094), (1, 0.04397507539750856), (6, 0.04181387676960026), (2, 0.034270621680021124)]
-----one service finish-----
1
1
user
[(3, 0.2409563926887428), (1, 0.23187416709183728), (5, 0.22795699770007527), (0, 0.19791263176781876), (4, 0.03817459619501966), (6, 0.0334383197913334), (2, 0.02968689476517282)]
2
user
[(4, 0.4173723363310744), (6, 0.1730099289056279), (1, 0.13053746264198826), (2, 0.10034575600602315), (0, 0.09233383310168165), (5, 0.05853886715386703), (3, 0.027861815859737554)]
3
user
[(4, 0.3426850102931869), (6, 0.24686260410871658), (0, 0.2081820565483413), (5, 0.10858840360300176), (1, 0.0312273084822512), (2, 0.0312273084822512), (3, 0.0312273084822512)]
4
user
[(5, 0.37739020205895485), (2, 0.3027772389211271), (4, 0.09069890232966324), (6, 0.0786130169068281), (3, 0.06459012007189735), (1, 0.05369226504947772), (0, 0.03223825466205145)]
5
user
[(3, 0.23417013977189577), (1, 0.22774877706248658), (5, 0.2261116517582385), (0, 0.19413208945897567), (4, 0.051677886213051145), (6, 0.037039642316505805), (2, 0.029119813418846358)]
6
user
[(5, 0.3386799489951891), (3, 0.24818596717089655), (0, 0.20725434267268517), (1, 0.08264521696315624), (4, 0.05395829119064605), (6, 0.038188081606524225), (2, 0.03108815140090278)]
7
user
[(5, 0.29888351435207244), (2, 0.19353271765478536), (4, 0.19353271765478536), (6, 0.19353271765478536), (1, 0.062458517387135884), (0, 0.02902990764821781), (3, 0.02902990764821781)]
8
user
[(5, 0.3537894800276551), (4, 0.2581869419410722), (2, 0.21639439348366762), (3, 0.07425170747995471), (0, 0.03245915902255015), (1, 0.03245915902255015), (6, 0.03245915902255015)]
9
user
[(6, 0.4701352036709886), (5, 0.14560808444520115), (4, 0.13331724810137724), (2, 0.09671297404629751), (3, 0.07738876587497756), (1, 0.047086877448357115), (0, 0.02975084641280082)]
10
user
[(4, 0.2278163800195075), (0, 0.17334108488904118), (1, 0.17334108488904118), (3, 0.17334108488904118), (5, 0.17334108488904118), (6, 0.0528181176909715), (2, 0.026001162733356183)]
-----one service finish-----
2
1
catalogue
[(1, 0.27049076613635886), (2, 0.21351494104266427), (6, 0.21308703136190274), (4, 0.19679825543394866), (0, 0.04706952939494067), (3, 0.029519738315092307), (5, 0.029519738315092307)]
2
catalogue
[(2, 0.3938815716957046), (6, 0.21277922539016272), (4, 0.16293542726311433), (1, 0.11444938548944955), (0, 0.05695722051998983), (3, 0.029498584820789542), (5, 0.029498584820789542)]
3
catalogue
[(1, 0.2693332188098872), (2, 0.21509752083475675), (6, 0.21225734232519783), (4, 0.19667717442877566), (0, 0.04763159127274983), (3, 0.029501576164316357), (5, 0.029501576164316357)]
4
catalogue
5
catalogue
[(1, 0.240721375128446), (0, 0.2353538381120744), (4, 0.21686616915778328), (6, 0.19556510668905802), (2, 0.04810319057748047), (3, 0.03405555433179916), (5, 0.02933476600335871)]
6
catalogue
[(1, 0.2682735186961407), (2, 0.21388562143071502), (6, 0.20973224915490196), (4, 0.20289191172061166), (0, 0.04611546977916863), (3, 0.029550614609231085), (5, 0.029550614609231085)]
7
catalogue
8
catalogue
[(1, 0.27425509168250367), (2, 0.21501434824654525), (6, 0.2079892612792513), (4, 0.1968479699866148), (0, 0.04683893780910073), (3, 0.02952719549799223), (5, 0.02952719549799223)]
9
catalogue
[(1, 0.26929097693439696), (2, 0.21493079405202647), (6, 0.21260590865028361), (4, 0.19671892313558276), (0, 0.04743772028703538), (3, 0.02950783847033742), (5, 0.02950783847033742)]
10
catalogue
-----one service finish-----
3
1
orders
[(2, 0.22144161032801016), (4, 0.1911335339578159), (0, 0.1780075320345981), (3, 0.1780075320345981), (5, 0.1780075320345981), (1, 0.026701129805189718), (6, 0.026701129805189718)]
2
orders
[(2, 0.2560889942902941), (5, 0.21886979624869113), (1, 0.21376998820596285), (3, 0.20596578135657795), (0, 0.040271297279536586), (4, 0.03548663107488276), (6, 0.029547511544054675)]
3
orders
[(2, 0.4052799782688064), (5, 0.22691916741763685), (1, 0.1550357958827596), (0, 0.0926636017767977), (3, 0.05172984166411437), (4, 0.037994291846174685), (6, 0.030377323143710527)]
4
orders
5
orders
[(2, 0.4168930381284276), (5, 0.23447380056010156), (1, 0.15850587452620632), (0, 0.08730885460829298), (3, 0.04062527887055987), (4, 0.031096576653205865), (6, 0.031096576653205865)]
6
orders
[(2, 0.26052201116272633), (5, 0.21603786368591094), (3, 0.21131494728748185), (0, 0.20240295136974362), (1, 0.04443652798233008), (4, 0.03589034004686934), (6, 0.029395358464937942)]
7
orders
[(1, 0.26545490461315435), (4, 0.22696132739370342), (5, 0.19353271765478536), (6, 0.19353271765478536), (0, 0.06245851738713588), (2, 0.02902990764821781), (3, 0.02902990764821781)]
8
orders
[(2, 0.33495239965728363), (5, 0.23769109750961626), (1, 0.2181677464206133), (3, 0.09030564059447671), (0, 0.04831992377801636), (4, 0.039601268744265755), (6, 0.030961923295728142)]
9
orders
[(2, 0.25457821418137094), (5, 0.21939684237221677), (1, 0.21567844451543183), (3, 0.20601950457899143), (0, 0.03970317486529403), (4, 0.03504238196173015), (6, 0.029581437524964872)]
10
orders
[(2, 0.22109166384408305), (4, 0.19148348044174304), (0, 0.1780075320345981), (3, 0.1780075320345981), (5, 0.1780075320345981), (1, 0.026701129805189718), (6, 0.026701129805189718)]
-----one service finish-----
4
1
carts
[(6, 0.38118163985636305), (2, 0.2335932064798735), (5, 0.15468554291133552), (4, 0.10612056173231707), (3, 0.06486950858751298), (0, 0.029774770216298922), (1, 0.029774770216298922)]
2
carts
[(0, 0.14285714285714288), (1, 0.14285714285714288), (2, 0.14285714285714288), (3, 0.14285714285714288), (4, 0.14285714285714288), (5, 0.14285714285714288), (6, 0.14285714285714288)]
3
carts
[(6, 0.38118163985636305), (2, 0.2335932064798735), (5, 0.15468554291133552), (4, 0.10612056173231707), (3, 0.06486950858751298), (0, 0.029774770216298922), (1, 0.029774770216298922)]
4
carts
[(2, 0.4105558842744868), (5, 0.24827774383227108), (4, 0.1540926557156568), (3, 0.09293620302811094), (0, 0.03137917104982479), (1, 0.03137917104982479), (6, 0.03137917104982479)]
5
carts
[(6, 0.38118163985636305), (2, 0.2335932064798735), (5, 0.15468554291133554), (3, 0.10612056173231707), (0, 0.06486950858751298), (1, 0.029774770216298922), (4, 0.029774770216298922)]
6
carts
[(6, 0.38118163985636305), (2, 0.2335932064798735), (5, 0.15468554291133552), (4, 0.10612056173231707), (3, 0.06486950858751298), (0, 0.029774770216298922), (1, 0.029774770216298922)]
7
carts
[(6, 0.28944109459420325), (0, 0.1877257776625807), (1, 0.1877257776625807), (2, 0.1877257776625807), (5, 0.09106383911928063), (3, 0.02815886664938711), (4, 0.02815886664938711)]
8
carts
[(0, 0.14285714285714288), (1, 0.14285714285714288), (2, 0.14285714285714288), (3, 0.14285714285714288), (4, 0.14285714285714288), (5, 0.14285714285714288), (6, 0.14285714285714288)]
9
carts
[(2, 0.37562566070730374), (1, 0.18884773866007648), (6, 0.15269531993891064), (5, 0.11742283293546682), (3, 0.08423791978416603), (0, 0.05457071853702918), (4, 0.026599809437047046)]
10
carts
[(6, 0.36673806474597065), (1, 0.19921437905010433), (2, 0.16018996142794664), (5, 0.11787643670073882), (4, 0.08061819055265669), (3, 0.04728105349249183), (0, 0.02808191403009103)]
-----one service finish-----
5
1
payment
[(2, 0.2870560289952357), (6, 0.2649610701610829), (4, 0.25796631584623564), (0, 0.07835188619998341), (5, 0.042872183219422454), (3, 0.037084102870752055), (1, 0.031708412707287935)]
2
payment
[(4, 0.28683689363024073), (2, 0.2716254489616403), (6, 0.2602304459440479), (0, 0.07282997218338727), (5, 0.044357899883625214), (1, 0.03205966969852928), (3, 0.03205966969852928)]
3
payment
[(2, 0.31589483726090617), (4, 0.24441743046071485), (6, 0.2326031609461311), (0, 0.07216097863781397), (3, 0.06134007037249665), (5, 0.04254136017054697), (1, 0.03104216215139027)]
4
payment
[(6, 0.31058158313415357), (4, 0.2551112830123772), (2, 0.24112257902983011), (0, 0.07984700171836802), (5, 0.04322901526096787), (3, 0.038525935444631246), (1, 0.03158260239967191)]
5
payment
[(6, 0.3682587152205526), (2, 0.2322704481607923), (3, 0.2120942094701663), (4, 0.09193423288691409), (0, 0.03181413142052496), (1, 0.03181413142052496), (5, 0.03181413142052496)]
6
payment
7
payment
[(2, 0.2900781053958258), (6, 0.26291743029887793), (4, 0.26151905098101275), (0, 0.07781534884181657), (5, 0.043889594393427434), (1, 0.03189023504451982), (3, 0.03189023504451982)]
8
payment
9
payment
[(2, 0.31720358237902135), (4, 0.2538415174234074), (6, 0.24815531987516512), (0, 0.06391578985902657), (3, 0.043074414489109376), (1, 0.041729014277349395), (5, 0.032080361696920766)]
10
payment
[(6, 0.2062875721429131), (4, 0.1892971277660644), (2, 0.18656097582284076), (5, 0.18644453262320415), (3, 0.1780075320345981), (0, 0.02670112980518972), (1, 0.02670112980518972)]
-----one service finish-----
6
1
shipping
[(4, 0.18148104255096673), (0, 0.15893571989301616), (1, 0.15893571989301616), (2, 0.15893571989301616), (3, 0.15893571989301616), (6, 0.15893571989301616), (5, 0.023840357983952433)]
2
shipping
[(3, 0.23148372449844254), (0, 0.22755437566264056), (1, 0.2114300757787961), (2, 0.21095441790361044), (5, 0.045247344975160954), (6, 0.044235120914080994), (4, 0.029094940267268526)]
3
shipping
[(0, 0.31333610619629876), (2, 0.25829749449876077), (1, 0.2570226258568031), (4, 0.059820062975919824), (3, 0.0465815208064134), (5, 0.032471094832902156), (6, 0.032471094832902156)]
4
shipping
[(3, 0.22737087630131456), (2, 0.22363136937604994), (1, 0.22065457845670552), (0, 0.21680898201398086), (5, 0.041403104858797245), (4, 0.04079772846716047), (6, 0.0293333605259913)]
5
shipping
[(0, 0.20628757214291316), (4, 0.20628757214291316), (1, 0.17800753203459813), (2, 0.17800753203459813), (6, 0.17800753203459813), (3, 0.026701129805189728), (5, 0.026701129805189728)]
6
shipping
[(0, 0.24571537812323563), (3, 0.22465451525690897), (2, 0.21352492550741387), (1, 0.19294597271906955), (5, 0.04825247202035107), (4, 0.045964840465160514), (6, 0.02894189590786044)]
7
shipping
[(0, 0.20628757214291316), (4, 0.20628757214291316), (1, 0.17800753203459813), (2, 0.17800753203459813), (6, 0.17800753203459813), (3, 0.026701129805189728), (5, 0.026701129805189728)]
8
shipping
[(3, 0.2062875721429131), (4, 0.2062875721429131), (1, 0.17800753203459813), (2, 0.17800753203459813), (6, 0.17800753203459813), (0, 0.026701129805189728), (5, 0.026701129805189728)]
9
shipping
[(3, 0.22678026721800254), (0, 0.22562382490758787), (1, 0.22307257072095657), (2, 0.21257865939684173), (5, 0.04142175903541057), (4, 0.04120356383960564), (6, 0.02931935488159511)]
10
shipping
[(3, 0.2302635534630637), (2, 0.22209568768149024), (0, 0.2215914549611425), (1, 0.21625068676373924), (5, 0.04129292315913406), (4, 0.039112969129922626), (6, 0.029392724841507657)]
-----one service finish-----
2023-03-14 06:13:09
