2023-03-14 07:48:32
0
1
front-end
[(0, 0.14285714285714288), (1, 0.14285714285714288), (2, 0.14285714285714288), (3, 0.14285714285714288), (4, 0.14285714285714288), (5, 0.14285714285714288), (6, 0.14285714285714288)]
2
front-end
[(0, 0.243857235424683), (5, 0.22644021368473966), (1, 0.21742775721516275), (3, 0.19951228191040135), (4, 0.05417942886330888), (2, 0.029291541450852235), (6, 0.029291541450852235)]
3
front-end
[(1, 0.3409390384150108), (4, 0.22817633574904098), (0, 0.2095523926192868), (3, 0.1068682751734895), (5, 0.0534503446369579), (2, 0.03050680670310706), (6, 0.03050680670310706)]
4
front-end
[(1, 0.34092089370843276), (4, 0.22914533862431566), (0, 0.20983995560287277), (3, 0.1064049588620859), (5, 0.0525836934259115), (2, 0.030552579888190705), (6, 0.030552579888190705)]
5
front-end
[(4, 0.2062875721429131), (1, 0.1904966343983497), (3, 0.18619503356928802), (0, 0.18561096824447174), (5, 0.17800753203459815), (2, 0.026701129805189728), (6, 0.026701129805189728)]
6
front-end
[(0, 0.2407978333505812), (5, 0.2235953216505432), (1, 0.2219578109146782), (3, 0.19985532804615438), (4, 0.05528071890472233), (2, 0.029256493566660338), (6, 0.029256493566660338)]
7
front-end
[(0, 0.25221639972289867), (4, 0.22539755187629845), (1, 0.21849800074919676), (3, 0.20182400412217993), (5, 0.04274360418458179), (2, 0.029660219672422137), (6, 0.029660219672422137)]
8
front-end
[(0, 0.1987231270925202), (4, 0.1974731107653521), (3, 0.19438643846255205), (2, 0.17800753203459815), (5, 0.17800753203459815), (1, 0.026701129805189728), (6, 0.026701129805189728)]
9
front-end
[(5, 0.16157258073104658), (2, 0.15980133560064752), (4, 0.15869299535715772), (0, 0.1563176174821555), (1, 0.14894960169579236), (3, 0.14803573286999494), (6, 0.0666301362632056)]
10
front-end
[(0, 0.23981591591954074), (1, 0.22530726950235563), (5, 0.2226993938475914), (3, 0.20057885291413133), (4, 0.052936161784762605), (2, 0.02933120301580915), (6, 0.02933120301580915)]
-----one service finish-----
1
1
user
[(2, 0.1724260196732087), (4, 0.17063557777072028), (5, 0.1629692628801794), (3, 0.16061346830074408), (0, 0.15696800183680717), (1, 0.15495909810976902), (6, 0.021428571428571432)]
2
user
[(3, 0.2382876823233092), (1, 0.22812469971076843), (2, 0.21251442936093634), (0, 0.20574577939733596), (4, 0.05153509933675384), (6, 0.03458784397800971), (5, 0.02920446589288645)]
3
user
[(3, 0.20675430025007666), (0, 0.1948416445492611), (2, 0.18181703135592778), (1, 0.17587842671618947), (5, 0.17587842671618947), (4, 0.03844840640492717), (6, 0.026381764007428428)]
4
user
[(4, 0.4350452324966926), (0, 0.20071935584398481), (1, 0.14399807376745932), (2, 0.10313362825631511), (5, 0.06027124410390119), (3, 0.028416232765823533), (6, 0.028416232765823533)]
5
user
[(2, 0.17187578168359974), (4, 0.17054272102606063), (5, 0.16338986630972868), (3, 0.16056943723357872), (0, 0.15727909382901503), (1, 0.1549145284894459), (6, 0.021428571428571432)]
6
user
[(3, 0.21706334970563407), (0, 0.18337638004710685), (2, 0.18226540876565217), (1, 0.17567285669945576), (5, 0.17567285669945576), (4, 0.03959821957777705), (6, 0.02635092850491837)]
7
user
[(3, 0.21725345414626476), (0, 0.18287477335756214), (2, 0.1824348864561178), (1, 0.17563165108496065), (5, 0.17563165108496065), (4, 0.03982883620738981), (6, 0.026344747662744104)]
8
user
[(4, 0.4289752919347419), (1, 0.19506375859328656), (0, 0.14536820049300803), (5, 0.1050130067275692), (2, 0.0692034356758149), (3, 0.028188153287789747), (6, 0.028188153287789747)]
9
user
[(3, 0.21196355568536449), (2, 0.19264091274959474), (0, 0.17469267265400903), (1, 0.17469267265400903), (5, 0.17469267265400903), (4, 0.04511361270491231), (6, 0.026203900898101363)]
10
user
[(3, 0.2026393968817742), (2, 0.18949036925625815), (0, 0.18092059760207557), (1, 0.1809008438413516), (5, 0.17468383695887685), (4, 0.045162379915832204), (6, 0.026202575543831538)]
-----one service finish-----
2
1
catalogue
[(4, 0.4522717480932395), (3, 0.20433299623373388), (1, 0.14121485833099146), (0, 0.09812917677814752), (2, 0.04590300357858651), (5, 0.029074108492650623), (6, 0.029074108492650623)]
2
catalogue
[(4, 0.45641420769840896), (3, 0.2068029347550697), (1, 0.14206308562599856), (0, 0.09398730629300027), (2, 0.042229488638422165), (5, 0.029251488494550126), (6, 0.029251488494550126)]
3
catalogue
[(5, 0.23816734474375612), (0, 0.23812672991301917), (4, 0.2038465646157038), (3, 0.20190244161634316), (2, 0.05280803463516755), (1, 0.03603309153137723), (6, 0.0291157929446329)]
4
catalogue
[(5, 0.3294614207936338), (4, 0.32296661727626463), (1, 0.11703807272390807), (6, 0.09863856168483616), (0, 0.06960754277982671), (2, 0.031143892370765383), (3, 0.031143892370765383)]
5
catalogue
[(5, 0.23475743151080306), (0, 0.22990635316142458), (4, 0.21708917954061974), (3, 0.20982228508715378), (2, 0.04954494479573485), (1, 0.029439902952132033), (6, 0.029439902952132033)]
6
catalogue
[(5, 0.2848386813465525), (4, 0.2523702196346202), (3, 0.1918801213020933), (1, 0.09910706296206166), (6, 0.08138889072176837), (0, 0.06163300583759003), (2, 0.028782018195314004)]
7
catalogue
[(4, 0.3468096554956193), (5, 0.2604136730489267), (3, 0.1655048427141038), (1, 0.10423462839123761), (0, 0.06401075972612663), (2, 0.029513220311993018), (6, 0.029513220311993018)]
8
catalogue
[(5, 0.23457121713449136), (0, 0.23004898265915164), (4, 0.21728754195316266), (3, 0.20957304837623547), (2, 0.049645897639382694), (1, 0.029436656118788082), (6, 0.029436656118788082)]
9
catalogue
[(0, 0.23274130444244756), (2, 0.232150804027887), (3, 0.2188045314113605), (1, 0.21132214516089834), (4, 0.045863667625294736), (5, 0.02955877366605603), (6, 0.02955877366605603)]
10
catalogue
[(5, 0.23893472204189053), (0, 0.2287291518184098), (4, 0.20790229489931442), (3, 0.20351574996467897), (2, 0.05401794154772226), (1, 0.037883583896029915), (6, 0.029016555831953946)]
-----one service finish-----
3
1
orders
[(3, 0.23707628553175644), (0, 0.2342008903828577), (2, 0.21800579202835788), (1, 0.21473604416735548), (4, 0.03421688936524759), (6, 0.03189004106668745), (5, 0.02987405745773753)]
2
orders
[(3, 0.2369748641041324), (2, 0.22991392468056707), (0, 0.22226102033270054), (1, 0.21002560102120457), (4, 0.03802176497634636), (6, 0.03309932069075976), (5, 0.02970350419428938)]
3
orders
[(3, 0.23647719666999245), (0, 0.23479642718633179), (2, 0.21792616684221955), (1, 0.2147638394926356), (4, 0.03438256175122147), (6, 0.03178171957324214), (5, 0.029872088484356938)]
4
orders
[(3, 0.2369975308193423), (0, 0.23472430594809637), (2, 0.21747677577320038), (1, 0.21509123627477808), (4, 0.03399047479266361), (6, 0.03183603113604422), (5, 0.02988364525587505)]
5
orders
[(3, 0.23658605668631516), (0, 0.2344821974538958), (2, 0.21818749947609117), (1, 0.21446314374745803), (4, 0.034516758729808805), (6, 0.031900905078550416), (5, 0.029863438827880832)]
6
orders
[(3, 0.2365755110774897), (0, 0.22985863294726222), (2, 0.2244491715483777), (1, 0.2101488207189792), (4, 0.03630602570827843), (6, 0.0328932073820644), (5, 0.02976863061754834)]
7
orders
[(3, 0.23679455662585186), (0, 0.22925411999218118), (2, 0.22466301660336696), (1, 0.2101781953006868), (4, 0.03626734138915364), (6, 0.03307913883956183), (5, 0.029763631249197627)]
8
orders
[(0, 0.23848331499772568), (3, 0.23799660415140353), (1, 0.2174624400022171), (2, 0.21317917998906857), (4, 0.0329099712636479), (5, 0.029984244797968556), (6, 0.029984244797968556)]
9
orders
[(3, 0.23648090111585104), (0, 0.23111647905788016), (2, 0.21995007861283924), (1, 0.21552263679230727), (4, 0.03482969681284989), (6, 0.032259760898493944), (5, 0.029840446709778513)]
10
orders
[(3, 0.23659266883168015), (0, 0.23354841476202792), (2, 0.21833488875030466), (1, 0.21538074892154357), (4, 0.03424861796218773), (6, 0.03202640111802533), (5, 0.029868259654230723)]
-----one service finish-----
4
1
carts
[(5, 0.3989964289285576), (6, 0.19693357890422059), (4, 0.14179892285813567), (2, 0.10510979027578843), (0, 0.08775623211086482), (3, 0.040295816041507254), (1, 0.029109230880925676)]
2
carts
[(5, 0.42273444725411324), (6, 0.2101795945630826), (4, 0.15488509914556006), (2, 0.08467636937538009), (0, 0.06727613139636313), (3, 0.0321409310806318), (1, 0.02810742718486908)]
3
carts
[(5, 0.42151637434003475), (6, 0.20963884128938395), (4, 0.15488659893819742), (2, 0.08541325456637325), (0, 0.06795056269149025), (3, 0.032529484089667965), (1, 0.028064884084852377)]
4
carts
[(6, 0.48513060859670337), (4, 0.17705457139705424), (2, 0.12935022381927289), (0, 0.10255458845344623), (3, 0.045386479530305696), (1, 0.03026176410160879), (5, 0.03026176410160879)]
5
carts
[(5, 0.4461693980734196), (6, 0.18977190880203987), (4, 0.13374873792220163), (2, 0.09087427437275511), (0, 0.07519516731283281), (3, 0.03537298425634144), (1, 0.028867529260409537)]
6
carts
[(5, 0.43866821561754793), (6, 0.18228560482731498), (4, 0.13198893088642516), (2, 0.09538212583712008), (0, 0.0838215377530436), (3, 0.03925224528747547), (1, 0.02860133979107285)]
7
carts
[(5, 0.44696728579969036), (6, 0.18840854326933903), (4, 0.1327131921368603), (2, 0.09112347636249449), (0, 0.07612125218620786), (3, 0.035772777005953944), (1, 0.02889347323945401)]
8
carts
[(5, 0.4394064984896076), (6, 0.18238631574320754), (4, 0.1317189946823525), (2, 0.09557985379809095), (0, 0.08334132725480405), (3, 0.038940180466561884), (1, 0.028626829565375427)]
9
carts
[(5, 0.35904803887318276), (1, 0.18198709369849503), (6, 0.16272468675617055), (4, 0.12353532382192656), (2, 0.08863474727046379), (0, 0.05677204552498718), (3, 0.02729806405477426)]
10
carts
[(0, 0.16611028561808833), (4, 0.16504497179421293), (3, 0.16458061729378942), (5, 0.1636297595413938), (6, 0.1596192284119756), (2, 0.1595865659119684), (1, 0.021428571428571432)]
-----one service finish-----
5
1
payment
[(2, 0.4731137345705784), (0, 0.22291923571313849), (5, 0.1148266185367983), (3, 0.07828654920746898), (6, 0.04230309913902453), (1, 0.038726082860057305), (4, 0.02982467997293389)]
2
payment
[(2, 0.47278779941015997), (0, 0.22155370216506887), (5, 0.11197852383802656), (3, 0.08088628489333627), (6, 0.04403335462291101), (1, 0.038944600159116154), (4, 0.029815734911381182)]
3
payment
[(2, 0.4788941011146152), (0, 0.22121154216186134), (5, 0.11270490498688057), (3, 0.07551821899468077), (6, 0.05160228528799054), (1, 0.03003447372698575), (4, 0.03003447372698575)]
4
payment
[(2, 0.4746880657133812), (0, 0.22162103885179796), (5, 0.11781321587089795), (3, 0.07749229814094577), (6, 0.04860416781568305), (1, 0.029890606803647093), (4, 0.029890606803647093)]
5
payment
[(3, 0.26865057323425945), (0, 0.2592781939031923), (2, 0.25580674004561066), (4, 0.07203152845972928), (5, 0.05817965967751741), (6, 0.05535812497044739), (1, 0.03069517970924362)]
6
payment
[(2, 0.47196911303513767), (0, 0.22545950253708938), (5, 0.11693693580408361), (3, 0.07620242450113972), (6, 0.04985361521684093), (1, 0.029789204452854358), (4, 0.029789204452854358)]
7
payment
[(2, 0.4676471508241246), (0, 0.2237861846257229), (5, 0.11971687513043902), (3, 0.07812301951192545), (6, 0.05143456266561432), (1, 0.029646103621086845), (4, 0.029646103621086845)]
8
payment
[(5, 0.5866799968723007), (3, 0.13072436130015194), (0, 0.10004956778312468), (6, 0.06378173813953805), (2, 0.049934141845060995), (1, 0.034415097029911884), (4, 0.034415097029911884)]
9
payment
[(3, 0.23324869330253695), (0, 0.22785236117587904), (5, 0.22090073931043425), (2, 0.21383099086303065), (6, 0.039013549437848655), (4, 0.03556668186809592), (1, 0.029586984042174653)]
10
payment
[(3, 0.23231251475663142), (0, 0.22668263397438365), (5, 0.21998719116614404), (2, 0.21663796643564426), (6, 0.0396547105774324), (4, 0.03514537644441553), (1, 0.0295796066453488)]
-----one service finish-----
6
1
shipping
[(6, 0.35115572219114083), (4, 0.22790054253601158), (5, 0.20461807449153321), (3, 0.10014623787200441), (0, 0.04954950108822246), (2, 0.03593721064735763), (1, 0.030692711173729986)]
2
shipping
[(2, 0.35128344221256064), (4, 0.2277078122667411), (6, 0.20459644304945132), (3, 0.10091939433214255), (0, 0.04921844520020662), (5, 0.035584996481479954), (1, 0.030689466457417706)]
3
shipping
[(5, 0.32698266608444393), (6, 0.22977795975625456), (2, 0.2270614811840593), (3, 0.10045817691112786), (0, 0.049246388616343666), (4, 0.035775097704285524), (1, 0.030698229743485166)]
4
shipping
[(5, 0.38304101707425603), (6, 0.19648643915944072), (2, 0.169583519560673), (4, 0.11844024895109048), (0, 0.07523566890706325), (1, 0.02860655317373828), (3, 0.02860655317373828)]
5
shipping
[(5, 0.42594081156128105), (4, 0.2114377365061638), (2, 0.14736648650374806), (3, 0.09828623976450593), (6, 0.0562889101118336), (1, 0.03248733682857715), (0, 0.02819247872389038)]
6
shipping
[(6, 0.17593688484689643), (0, 0.16780846331923022), (2, 0.1603091770192869), (3, 0.1593264079628769), (5, 0.15885013501608705), (4, 0.15634036040705104), (1, 0.021428571428571432)]
7
shipping
[(6, 0.1713773981703557), (3, 0.1654126533508834), (0, 0.16419992867399683), (2, 0.16390273043820341), (5, 0.15983826964883596), (4, 0.15384044828915328), (1, 0.021428571428571432)]
8
shipping
[(5, 0.44630275267701686), (4, 0.2114757163583437), (2, 0.14640638134250325), (3, 0.0878595155414352), (6, 0.04512492969144649), (0, 0.03392225568791338), (1, 0.028908448701341165)]
9
shipping
[(3, 0.2096868746804102), (0, 0.1929597276910344), (6, 0.18226794192945814), (4, 0.1804910147567779), (5, 0.17727121472414922), (2, 0.030732544009547804), (1, 0.02659068220862239)]
10
shipping
[(6, 0.40076656614264244), (5, 0.29821922280358193), (3, 0.11469537012232367), (4, 0.05953629167565507), (2, 0.05455449602932391), (0, 0.03919714756307047), (1, 0.033030905663402284)]
-----one service finish-----
2023-03-14 10:08:49
