2023-03-14 11:07:58
0
1
front-end
[(1, 0.42193962308692595), (5, 0.20022147872265242), (3, 0.15903887133263428), (0, 0.1085389964321062), (4, 0.05019458680888534), (2, 0.030033221808397872), (6, 0.030033221808397872)]
2
front-end
[(1, 0.252812301531703), (0, 0.2318838046769136), (4, 0.2245423963227171), (5, 0.20052517066804582), (2, 0.03007877560020688), (3, 0.03007877560020688), (6, 0.03007877560020688)]
3
front-end
4
front-end
[(1, 0.3572418610876725), (0, 0.22896263717910667), (5, 0.20702812459898542), (3, 0.09375708057872388), (4, 0.05090185917581607), (2, 0.03105421868984782), (6, 0.03105421868984782)]
5
front-end
[(3, 0.31773970648015853), (5, 0.24163150761935412), (1, 0.2337161090195107), (0, 0.08700913159545126), (4, 0.0578064008942691), (2, 0.031048572195628125), (6, 0.031048572195628125)]
6
front-end
[(3, 0.25331833671295073), (1, 0.22068253995383927), (0, 0.21415842603686702), (5, 0.20426133883507594), (4, 0.0486413712317912), (2, 0.029468993614737937), (6, 0.029468993614737937)]
7
front-end
[(3, 0.3285129987739799), (4, 0.25148926148883133), (1, 0.21721303777136253), (0, 0.09374684899029959), (5, 0.04662336006603064), (2, 0.031207246454748046), (6, 0.031207246454748046)]
8
front-end
[(1, 0.26835203370829785), (4, 0.22182779263351662), (0, 0.2190586761895191), (5, 0.2005251706680458), (2, 0.030078775600206872), (3, 0.030078775600206872), (6, 0.030078775600206872)]
9
front-end
[(1, 0.42176978098596046), (5, 0.2001687357196758), (3, 0.15923143531598177), (0, 0.10873485050344832), (4, 0.05004457675903099), (2, 0.030025310357951376), (6, 0.030025310357951376)]
10
front-end
[(1, 0.3546683676760959), (0, 0.23109240926140334), (5, 0.2068764230408309), (3, 0.09407994213698248), (4, 0.05121993097243811), (2, 0.03103146345612464), (6, 0.03103146345612464)]
-----one service finish-----
1
1
user
[(4, 0.18148104255096673), (0, 0.1589357198930162), (1, 0.1589357198930162), (2, 0.1589357198930162), (3, 0.1589357198930162), (5, 0.1589357198930162), (6, 0.023840357983952433)]
2
user
[(0, 0.3756256607073037), (1, 0.1888477386600765), (2, 0.1526953199389106), (5, 0.1174228329354668), (3, 0.08423791978416602), (4, 0.05457071853702917), (6, 0.02659980943704704)]
3
user
[(3, 0.22781638001950755), (0, 0.1733410848890412), (1, 0.1733410848890412), (2, 0.1733410848890412), (5, 0.1733410848890412), (4, 0.05281811769097149), (6, 0.026001162733356186)]
4
user
5
user
[(3, 0.22781638001950755), (0, 0.1733410848890412), (1, 0.1733410848890412), (2, 0.1733410848890412), (5, 0.1733410848890412), (4, 0.05281811769097149), (6, 0.026001162733356186)]
6
user
[(3, 0.26545490461315435), (0, 0.22696132739370342), (2, 0.19353271765478536), (5, 0.19353271765478536), (4, 0.062458517387135884), (1, 0.02902990764821781), (6, 0.02902990764821781)]
7
user
[(3, 0.2988835143520724), (1, 0.19353271765478536), (2, 0.19353271765478536), (5, 0.19353271765478536), (4, 0.062458517387135884), (0, 0.02902990764821781), (6, 0.02902990764821781)]
8
user
[(3, 0.38136555785356213), (2, 0.20818205654834127), (5, 0.20818205654834127), (1, 0.06990785604262646), (4, 0.06990785604262646), (0, 0.031227308482251196), (6, 0.031227308482251196)]
9
user
[(3, 0.2062875721429131), (4, 0.2062875721429131), (0, 0.17800753203459815), (2, 0.17800753203459815), (5, 0.17800753203459815), (1, 0.026701129805189728), (6, 0.026701129805189728)]
10
user
[(6, 0.38118163985636305), (5, 0.2335932064798735), (4, 0.15468554291133552), (3, 0.10612056173231707), (1, 0.06486950858751298), (0, 0.029774770216298922), (2, 0.029774770216298922)]
-----one service finish-----
2
1
catalogue
[(2, 0.23950674534469846), (0, 0.23178473615634212), (3, 0.2146574681606026), (1, 0.19353271765478539), (4, 0.062458517387135884), (5, 0.029029907648217813), (6, 0.029029907648217813)]
2
catalogue
3
catalogue
[(2, 0.20628757214291313), (3, 0.20628757214291313), (1, 0.17800753203459813), (5, 0.17800753203459813), (6, 0.17800753203459813), (0, 0.026701129805189724), (4, 0.026701129805189724)]
4
catalogue
[(2, 0.18148104255096673), (1, 0.15893571989301616), (3, 0.15893571989301616), (4, 0.15893571989301616), (5, 0.15893571989301616), (6, 0.15893571989301616), (0, 0.023840357983952433)]
5
catalogue
[(3, 0.18148104255096673), (0, 0.1589357198930162), (1, 0.1589357198930162), (2, 0.1589357198930162), (5, 0.1589357198930162), (6, 0.1589357198930162), (4, 0.023840357983952433)]
6
catalogue
[(4, 0.41627637822757724), (5, 0.19849846810865945), (3, 0.15468554291133552), (1, 0.10612056173231707), (0, 0.06486950858751298), (2, 0.029774770216298926), (6, 0.029774770216298926)]
7
catalogue
[(0, 0.2062875721429131), (4, 0.2062875721429131), (1, 0.17800753203459815), (3, 0.17800753203459815), (5, 0.17800753203459815), (2, 0.026701129805189728), (6, 0.026701129805189728)]
8
catalogue
9
catalogue
[(3, 0.20480755393112582), (2, 0.19634991097742294), (0, 0.1733410848890412), (1, 0.1733410848890412), (5, 0.1733410848890412), (4, 0.0528181176909715), (6, 0.02600116273335619)]
10
catalogue
[(3, 0.26545490461315435), (2, 0.2269613273937034), (1, 0.1935327176547853), (5, 0.1935327176547853), (4, 0.06245851738713588), (0, 0.029029907648217806), (6, 0.029029907648217806)]
-----one service finish-----
3
1
orders
[(2, 0.24853934885703907), (3, 0.22665525951604207), (0, 0.2217056074857998), (1, 0.21286362976513862), (4, 0.03007871812532687), (5, 0.03007871812532687), (6, 0.03007871812532687)]
2
orders
3
orders
[(2, 0.25421072377251724), (3, 0.22315639346783697), (0, 0.213830691843468), (1, 0.2062557898978725), (6, 0.04325960550410523), (4, 0.02964339775709997), (5, 0.02964339775709997)]
4
orders
[(2, 0.26578279896830886), (3, 0.21902425292477315), (0, 0.21758610348855842), (1, 0.20737051781773888), (4, 0.03007877560020687), (5, 0.03007877560020687), (6, 0.03007877560020687)]
5
orders
[(2, 0.2606902910276311), (3, 0.2320981174286571), (1, 0.20205048429732064), (0, 0.19612612021097328), (4, 0.041691119624752984), (5, 0.037924949379018885), (6, 0.029418918031645997)]
6
orders
[(2, 0.2574434058915298), (3, 0.22561137623372238), (0, 0.21845838280837557), (1, 0.20825050826575153), (4, 0.030078775600206872), (5, 0.030078775600206872), (6, 0.030078775600206872)]
7
orders
[(2, 0.21821492942824733), (3, 0.19436021485757893), (0, 0.17800753203459815), (1, 0.17800753203459815), (5, 0.17800753203459815), (4, 0.026701129805189728), (6, 0.026701129805189728)]
8
orders
[(2, 0.24902428530582515), (3, 0.22684951957467167), (0, 0.2211265496916705), (1, 0.21276349105185227), (4, 0.030078718125326875), (5, 0.030078718125326875), (6, 0.030078718125326875)]
9
orders
[(2, 0.2515660758979455), (3, 0.22759662161628194), (0, 0.21714820001038995), (1, 0.21345294809940213), (4, 0.03007871812532687), (5, 0.03007871812532687), (6, 0.03007871812532687)]
10
orders
[(2, 0.18148104255096673), (0, 0.1589357198930162), (1, 0.1589357198930162), (3, 0.1589357198930162), (5, 0.1589357198930162), (6, 0.1589357198930162), (4, 0.023840357983952433)]
-----one service finish-----
4
1
carts
[(6, 0.4309903417679248), (5, 0.2029179516387443), (4, 0.15391374984403305), (2, 0.09536500430980882), (0, 0.06008373909600417), (1, 0.02836460667174249), (3, 0.02836460667174249)]
2
carts
[(6, 0.43087830582540154), (5, 0.20298288156106897), (4, 0.15399886214398692), (2, 0.09534303194333466), (0, 0.06007382532067891), (1, 0.028361546602764534), (3, 0.028361546602764534)]
3
carts
[(5, 0.4323352675159298), (6, 0.21480227748707156), (4, 0.16559870125110507), (2, 0.06968546475664793), (0, 0.06059960902500663), (1, 0.028489339982119482), (3, 0.028489339982119482)]
4
carts
[(6, 0.48291805094972423), (4, 0.20868027273917547), (2, 0.1320746916150176), (0, 0.07686694205658348), (3, 0.03911314067525761), (1, 0.030173450982120795), (5, 0.030173450982120795)]
5
carts
[(2, 0.3006781965822102), (6, 0.2969137211206225), (5, 0.21102823667402532), (0, 0.07139982704510246), (4, 0.056671547575831885), (1, 0.03165423550110381), (3, 0.03165423550110381)]
6
carts
[(6, 0.4307805784615028), (5, 0.20303951154391453), (4, 0.154073103394459), (2, 0.09532387357878434), (0, 0.0600651787379145), (1, 0.028358877141712393), (3, 0.028358877141712393)]
7
carts
[(4, 0.2199245259649718), (6, 0.19265061832085445), (0, 0.17800753203459813), (3, 0.17800753203459813), (5, 0.17800753203459813), (1, 0.026701129805189728), (2, 0.026701129805189728)]
8
carts
[(6, 0.42381941741520035), (5, 0.20196686317496168), (4, 0.15383514134580284), (2, 0.09951398582731398), (0, 0.06463534125602793), (1, 0.028114625490346573), (3, 0.028114625490346573)]
9
carts
[(5, 0.47101194781677613), (4, 0.17256107226189135), (6, 0.1536117023156344), (2, 0.07852446704549186), (0, 0.06480466944801669), (1, 0.02974307055609475), (3, 0.02974307055609475)]
10
carts
[(6, 0.4073803094493798), (5, 0.19846820949515814), (4, 0.15398874553215153), (2, 0.10627026590869047), (0, 0.07234109983236706), (3, 0.03399079931302463), (1, 0.027560570469228312)]
-----one service finish-----
5
1
payment
[(5, 0.3492810902005588), (0, 0.2249767983070573), (2, 0.21852948288171703), (3, 0.09003597204394931), (6, 0.05510246409360829), (1, 0.031037096236554637), (4, 0.031037096236554637)]
2
payment
[(2, 0.4425301564652881), (0, 0.21163312437031911), (5, 0.15324192630903963), (3, 0.08036437957433454), (6, 0.04181472281780032), (1, 0.041597699036229965), (4, 0.028817991426988387)]
3
payment
[(2, 0.452597027253839), (0, 0.21522902040046285), (5, 0.14759163630585848), (3, 0.07673302480027355), (6, 0.049525907882906714), (1, 0.02916169167832974), (4, 0.02916169167832974)]
4
payment
[(6, 0.3980758715272962), (3, 0.368581445001603), (0, 0.08835892557302019), (1, 0.03624593947452015), (2, 0.03624593947452015), (4, 0.03624593947452015), (5, 0.03624593947452015)]
5
payment
[(3, 0.23995507846601039), (2, 0.22696132739370345), (0, 0.21903254380192938), (5, 0.19353271765478536), (6, 0.06245851738713589), (1, 0.029029907648217813), (4, 0.029029907648217813)]
6
payment
[(2, 0.20628757214291304), (6, 0.20628757214291304), (0, 0.17800753203459813), (3, 0.17800753203459813), (5, 0.17800753203459813), (1, 0.02670112980518972), (4, 0.02670112980518972)]
7
payment
[(6, 0.28699478796632116), (5, 0.2854143837904498), (2, 0.2804224693517475), (3, 0.04662435040849042), (0, 0.03351466949433038), (1, 0.03351466949433038), (4, 0.03351466949433038)]
8
payment
[(2, 0.45748477222398937), (0, 0.21016841161410788), (5, 0.14425922794708065), (3, 0.07061917264052753), (6, 0.05886724317248391), (1, 0.029300586200905372), (4, 0.029300586200905372)]
9
payment
[(0, 0.3796629590260059), (3, 0.35704570063385516), (2, 0.07545075720761389), (5, 0.062195338413456126), (4, 0.046655011165626724), (6, 0.04424053616325328), (1, 0.034749697390188995)]
10
payment
[(4, 0.18148104255096673), (0, 0.1589357198930162), (1, 0.1589357198930162), (2, 0.1589357198930162), (3, 0.1589357198930162), (5, 0.1589357198930162), (6, 0.023840357983952433)]
-----one service finish-----
6
1
shipping
[(2, 0.3942953816109072), (5, 0.30279198269084323), (6, 0.10756665999294607), (4, 0.06360057919728876), (0, 0.057083703368632464), (3, 0.0417132095727332), (1, 0.032948483566648964)]
2
shipping
[(2, 0.3895566369906633), (5, 0.3135243752035392), (6, 0.10190453041032377), (4, 0.06993070149010495), (0, 0.05214590848737556), (3, 0.03972838095306868), (1, 0.03320946646492454)]
3
shipping
[(2, 0.26221782898761054), (4, 0.22757666421215292), (0, 0.2149383713838119), (5, 0.19912115788784496), (6, 0.03640963016222615), (1, 0.02986817368317675), (3, 0.02986817368317675)]
4
shipping
5
shipping
[(2, 0.3946734431557999), (5, 0.27882377162035293), (3, 0.1336507347385084), (0, 0.07243453846392861), (4, 0.05183632842793979), (1, 0.036618676170115494), (6, 0.031962507423354734)]
6
shipping
[(2, 0.3965131534101357), (5, 0.30089608992651296), (3, 0.11192132430265385), (4, 0.06205344474395692), (0, 0.055778922444708084), (6, 0.039874518962751446), (1, 0.032962546209281164)]
7
shipping
[(4, 0.17025592806394388), (0, 0.17016083438003904), (2, 0.1589357198930162), (3, 0.1589357198930162), (5, 0.1589357198930162), (6, 0.1589357198930162), (1, 0.023840357983952433)]
8
shipping
[(2, 0.2145671214452592), (0, 0.18705657440040455), (4, 0.1822377238199041), (6, 0.18180229557436017), (5, 0.17733061547883092), (3, 0.030406076959416502), (1, 0.026599592321824645)]
9
shipping
[(4, 0.20015597401532614), (2, 0.19762761134312706), (0, 0.1905800667159856), (6, 0.17733984570227593), (5, 0.17733984570227593), (3, 0.030355679665667976), (1, 0.026600976855341397)]
10
shipping
[(2, 0.3286220482792417), (5, 0.25458915769808643), (6, 0.20600914710983065), (3, 0.094061898241267), (0, 0.04618420102179618), (4, 0.03963217558330347), (1, 0.030901372066474603)]
-----one service finish-----
2023-03-14 11:56:50
