2023-03-14 06:13:09
0
1
front-end
[(0, 0.24177370204995752), (5, 0.22777028526705456), (1, 0.21923716714404848), (3, 0.19950621778272543), (4, 0.053058004508740396), (2, 0.029327311623736776), (6, 0.029327311623736776)]
2
front-end
[(1, 0.27492109144481097), (4, 0.21301946074945455), (0, 0.20227470528828842), (3, 0.19476620597656027), (5, 0.05658867474791776), (2, 0.029214930896484047), (6, 0.029214930896484047)]
3
front-end
[(0, 0.24404959520248615), (5, 0.22535441840541617), (1, 0.21883442790309215), (3, 0.19954785786102014), (4, 0.053593243033901394), (2, 0.029310228797042013), (6, 0.029310228797042013)]
4
front-end
[(2, 0.35904803887318276), (6, 0.181987093698495), (3, 0.16272468675617055), (0, 0.12353532382192653), (1, 0.08863474727046378), (4, 0.056772045524987165), (5, 0.027298064054774255)]
5
front-end
[(2, 0.37562566070730374), (0, 0.18884773866007654), (3, 0.15269531993891064), (5, 0.11742283293546682), (1, 0.08423791978416602), (4, 0.05457071853702916), (6, 0.026599809437047043)]
6
front-end
[(3, 0.25439583458106685), (1, 0.22166166941424273), (4, 0.21903084759659885), (5, 0.19620037771682916), (0, 0.04985115737621358), (2, 0.02943005665752438), (6, 0.02943005665752438)]
7
front-end
[(1, 0.38365486542158284), (2, 0.2676869301608969), (5, 0.1430757500503495), (0, 0.08325429501276405), (4, 0.048950924785989676), (3, 0.04228162443179037), (6, 0.031095610136626626)]
8
front-end
[(0, 0.24205553716412423), (5, 0.22898896009533745), (1, 0.21731811462976022), (3, 0.19871447370119508), (4, 0.05435074604909579), (2, 0.02928608418024366), (6, 0.02928608418024366)]
9
front-end
[(2, 0.35904803887318276), (6, 0.18198709369849503), (0, 0.16272468675617055), (5, 0.12353532382192654), (3, 0.08863474727046378), (1, 0.056772045524987165), (4, 0.02729806405477426)]
10
front-end
[(4, 0.24064970840091193), (0, 0.23839172083464014), (1, 0.22606550714994303), (3, 0.20465690923852445), (2, 0.03007871812532687), (5, 0.03007871812532687), (6, 0.03007871812532687)]
-----one service finish-----
1
1
user
[(4, 0.26266457864213066), (1, 0.22209301903129652), (3, 0.21108687090379444), (2, 0.2080024207231925), (6, 0.036417268288913146), (0, 0.029867921205336368), (5, 0.029867921205336368)]
2
user
[(4, 0.44756996574697133), (0, 0.19319226342913562), (1, 0.14130482934343655), (2, 0.09873559605424653), (5, 0.061567810965897835), (3, 0.028814767230156087), (6, 0.028814767230156087)]
3
user
[(4, 0.4359453374935947), (0, 0.1955860713283636), (1, 0.14622559501768093), (2, 0.10507885532954292), (5, 0.060293851108877125), (3, 0.02843514486097042), (6, 0.02843514486097042)]
4
user
[(3, 0.22781638001950755), (0, 0.1733410848890412), (1, 0.1733410848890412), (2, 0.1733410848890412), (5, 0.1733410848890412), (4, 0.05281811769097149), (6, 0.026001162733356186)]
5
user
[(4, 0.43661517799732785), (0, 0.19545119819780313), (1, 0.1459441524673073), (2, 0.10471199426382566), (5, 0.06036478989659814), (3, 0.028456343588568956), (6, 0.028456343588568956)]
6
user
[(3, 0.24488093226369131), (0, 0.22051461561224503), (2, 0.21532915222626192), (1, 0.21403505802293274), (4, 0.04614064359459504), (5, 0.029549799140136963), (6, 0.029549799140136963)]
7
user
[(3, 0.22132179280454484), (2, 0.18342547619759933), (0, 0.1747496664728835), (1, 0.1747496664728835), (5, 0.1747496664728835), (4, 0.04479128160827267), (6, 0.02621244997093253)]
8
user
[(4, 0.43585839785508185), (0, 0.19560354945688688), (1, 0.1462621063548315), (2, 0.10512648324976881), (5, 0.060284664838480474), (3, 0.02843239912247525), (6, 0.02843239912247525)]
9
user
[(4, 0.43549013290223654), (0, 0.19567751512011963), (1, 0.14641671925449085), (2, 0.10532826070717421), (5, 0.06024580619630804), (3, 0.028420782909835372), (6, 0.028420782909835372)]
10
user
[(3, 0.21826341077254008), (2, 0.18191511576360037), (0, 0.1816282732653474), (1, 0.1754127293461531), (5, 0.1754127293461531), (4, 0.041055832104283096), (6, 0.026311909401922972)]
-----one service finish-----
2
1
catalogue
[(5, 0.44560170517944897), (3, 0.22115879889010107), (1, 0.12439473315810391), (0, 0.08356457820779722), (4, 0.04857820509367767), (2, 0.047853725822726983), (6, 0.0288482536481443)]
2
catalogue
[(5, 0.4415608256251732), (3, 0.21942683335047256), (1, 0.12617679720319036), (0, 0.08560818611215278), (2, 0.049985723461573976), (4, 0.04853184860224595), (6, 0.028709785645191336)]
3
catalogue
[(4, 0.3584511389574986), (5, 0.256323707378738), (3, 0.15468554291133554), (1, 0.10612056173231708), (0, 0.06486950858751299), (2, 0.029774770216298926), (6, 0.029774770216298926)]
4
catalogue
[(4, 0.30031712878805894), (5, 0.28646861466457313), (3, 0.14148047482930926), (1, 0.09882686202029055), (6, 0.08258553141520285), (0, 0.061545288794620207), (2, 0.028776099487944972)]
5
catalogue
[(0, 0.2370370024749261), (2, 0.23411878509932557), (3, 0.21727111039030506), (1, 0.2023846409928166), (4, 0.050361115742178525), (5, 0.02941367265022414), (6, 0.02941367265022414)]
6
catalogue
[(4, 0.4528312136073617), (3, 0.20518339599131738), (1, 0.1413112261800526), (0, 0.09810736306678436), (2, 0.04434958189621448), (5, 0.029108609629134787), (6, 0.029108609629134787)]
7
catalogue
[(4, 0.38118163985636305), (5, 0.2335932064798735), (6, 0.15468554291133552), (1, 0.10612056173231707), (0, 0.06486950858751298), (2, 0.029774770216298922), (3, 0.029774770216298922)]
8
catalogue
[(0, 0.23559217056468254), (2, 0.22249464226479496), (3, 0.22238980316776338), (1, 0.210355465941558), (4, 0.050339162858156726), (5, 0.029414377601522247), (6, 0.029414377601522247)]
9
catalogue
[(5, 0.43018096588183785), (3, 0.21448435229579324), (1, 0.13143892011815117), (0, 0.09158067601834144), (2, 0.056246012989156456), (4, 0.04774300558616431), (6, 0.02832606711055554)]
10
catalogue
[(0, 0.20920318498807525), (5, 0.19195427992047348), (3, 0.1733410848890412), (4, 0.1733410848890412), (6, 0.1733410848890412), (2, 0.05281811769097149), (1, 0.026001162733356186)]
-----one service finish-----
3
1
orders
[(3, 0.23748964256858907), (0, 0.23660616752244146), (2, 0.2176878290452307), (1, 0.21251012978450917), (4, 0.03401259130120932), (6, 0.03180985753077992), (5, 0.029883782247240313)]
2
orders
[(3, 0.23925711707069777), (0, 0.23598635835012952), (2, 0.2157109953363744), (1, 0.2148415406129052), (4, 0.03432987294604167), (5, 0.02993705784192585), (6, 0.02993705784192585)]
3
orders
[(2, 0.2411918808812875), (3, 0.23143145391036457), (0, 0.21654546983041803), (1, 0.20526609282624422), (4, 0.04007042644598599), (6, 0.035956157424856604), (5, 0.029538518680843145)]
4
orders
[(3, 0.21082974907834018), (2, 0.1974917917485012), (0, 0.1762032980115988), (1, 0.1762032980115988), (4, 0.1762032980115988), (5, 0.036638070436622296), (6, 0.026430494701739828)]
5
orders
[(2, 0.23771742392764791), (3, 0.2282792115604747), (0, 0.21923001176594112), (1, 0.21027827991257478), (4, 0.04011376383578016), (6, 0.03480570693761416), (5, 0.029575602059967263)]
6
orders
[(2, 0.27938939563081755), (3, 0.22309904505942696), (0, 0.19774440394699866), (1, 0.19774440394699866), (6, 0.04269943023165865), (4, 0.029661660592049804), (5, 0.029661660592049804)]
7
orders
[(3, 0.23679929342339429), (2, 0.22928772333844633), (0, 0.2219123604498651), (1, 0.21126551508470828), (4, 0.03769689036052734), (6, 0.03333157917327993), (5, 0.029706638169778782)]
8
orders
[(2, 0.24621362338462374), (3, 0.22882991879543563), (0, 0.2130735784051794), (1, 0.20441650261564234), (4, 0.04024432873173517), (6, 0.03774919025422322), (5, 0.02947285781316031)]
9
orders
[(2, 0.23534167033184603), (3, 0.22922560850726306), (0, 0.22151944684718172), (1, 0.2103634409819943), (4, 0.04005070690297068), (6, 0.0338906875819524), (5, 0.029608438846791953)]
10
orders
[(2, 0.23400369063466933), (3, 0.22922220938622176), (0, 0.22262690657605907), (1, 0.2107470706508706), (4, 0.040248534206339524), (6, 0.03353794201847133), (5, 0.029613646527368434)]
-----one service finish-----
4
1
carts
[(5, 0.38663176851740927), (6, 0.20339509538406214), (4, 0.1687182915732963), (2, 0.10931922706677016), (0, 0.07032686474198255), (3, 0.03269100962882347), (1, 0.028917743087656118)]
2
carts
[(5, 0.42586132534053667), (6, 0.21197472752718066), (4, 0.15171012635551473), (2, 0.0943988099786016), (0, 0.05963340906482937), (1, 0.028210800866668516), (3, 0.028210800866668516)]
3
carts
[(5, 0.4260054256621165), (6, 0.21204864627757777), (4, 0.15144307757458658), (2, 0.09442772922822268), (0, 0.05964629186676075), (1, 0.028214414695367816), (3, 0.028214414695367816)]
4
carts
[(0, 0.4101562549045662), (3, 0.2038213125208452), (4, 0.15510458311465844), (6, 0.10835161060174542), (5, 0.0648101387923989), (2, 0.03009392531284002), (1, 0.02766217475294591)]
5
carts
[(5, 0.38244183050712727), (6, 0.1978848647437299), (4, 0.16863293993309078), (2, 0.1143695301577773), (0, 0.07374968694945204), (3, 0.034326624486767335), (1, 0.028594523222055447)]
6
carts
[(5, 0.39052295590657626), (2, 0.1963023223946574), (0, 0.15484417551839028), (3, 0.11351971309554547), (4, 0.08081849007223893), (6, 0.036964381772003944), (1, 0.027027961240587765)]
7
carts
[(5, 0.42602437961270295), (6, 0.21205836855679036), (4, 0.15140794923671863), (2, 0.0944315355645001), (0, 0.05964798700320298), (1, 0.02821489001304256), (3, 0.02821489001304256)]
8
carts
[(6, 0.47863576398156044), (4, 0.17691260487994767), (2, 0.1317262724465363), (0, 0.10377481979398062), (3, 0.04889739997846518), (1, 0.03002656945975495), (5, 0.03002656945975495)]
9
carts
[(5, 0.40546813486621763), (4, 0.20238546979257616), (2, 0.1510759307570705), (0, 0.11127632686141192), (3, 0.06996546408828312), (6, 0.03234446718432336), (1, 0.027484206450117284)]
10
carts
[(5, 0.40773989098952584), (4, 0.20432433982050408), (2, 0.1458275838741042), (0, 0.1072105334769235), (3, 0.06915163629166747), (6, 0.03817170560747903), (1, 0.027574309939795788)]
-----one service finish-----
5
1
payment
[(2, 0.4655067518646499), (0, 0.22127218576045954), (5, 0.12317519739124157), (3, 0.07676589142043153), (6, 0.05412691640830522), (1, 0.029576528577456067), (4, 0.029576528577456067)]
2
payment
[(2, 0.47720842771092364), (0, 0.22105727491718996), (5, 0.11562745474271933), (3, 0.07542762245788058), (6, 0.05072562901787052), (1, 0.029976795576707925), (4, 0.029976795576707925)]
3
payment
[(2, 0.4674333125002584), (0, 0.22342591934049277), (5, 0.11975385073432131), (3, 0.07763052479737338), (6, 0.05247849685116706), (1, 0.029638947888193663), (4, 0.029638947888193663)]
4
payment
[(2, 0.46842743347750304), (0, 0.21981179475374055), (5, 0.11633131738770865), (3, 0.08015832823432119), (6, 0.044474876915795276), (1, 0.041132248909604124), (4, 0.02966400032132713)]
5
payment
[(2, 0.46587051205050944), (0, 0.21910956900402018), (5, 0.12069015311863261), (3, 0.07858616970907871), (6, 0.05656317798203923), (1, 0.029590209067859884), (4, 0.029590209067859884)]
6
payment
[(2, 0.466822356581554), (0, 0.22304999121432778), (5, 0.12053530558236666), (3, 0.07744206477554888), (6, 0.05291280197667313), (1, 0.02961873993476481), (4, 0.02961873993476481)]
7
payment
[(5, 0.5917712578487203), (3, 0.12472610975907297), (0, 0.09941457135301221), (6, 0.06643645044337379), (2, 0.04834367078464369), (1, 0.03465396990558858), (4, 0.03465396990558858)]
8
payment
[(2, 0.282661729895091), (3, 0.25660208006581536), (0, 0.25060743644255645), (4, 0.07941245404590774), (6, 0.06886421066906874), (1, 0.03092604444078031), (5, 0.03092604444078031)]
9
payment
[(2, 0.45079398359685363), (0, 0.21287576384610096), (5, 0.14568077105664995), (3, 0.07125717349167847), (6, 0.06123972353178512), (1, 0.029076292238465997), (4, 0.029076292238465997)]
10
payment
[(3, 0.2268359816385382), (0, 0.2263189738240329), (5, 0.22196353246761336), (2, 0.21560630011156479), (6, 0.044015274417156705), (4, 0.035849258406513214), (1, 0.02941067913458084)]
-----one service finish-----
6
1
shipping
[(5, 0.4536768846281533), (4, 0.2153288877542491), (2, 0.14276345558814701), (3, 0.07972155821824077), (0, 0.04388190266857303), (6, 0.03547126251477952), (1, 0.029156048627857187)]
2
shipping
[(5, 0.4445116927771337), (4, 0.22000473208993576), (2, 0.1466525432029997), (3, 0.08174548290563673), (0, 0.04371269781777109), (6, 0.03451299089874897), (1, 0.02885986030777403)]
3
shipping
[(0, 0.29888351435207244), (4, 0.19353271765478539), (5, 0.19353271765478539), (6, 0.19353271765478539), (3, 0.062458517387135884), (1, 0.029029907648217813), (2, 0.029029907648217813)]
4
shipping
[(5, 0.4746687668177472), (2, 0.22172759298687972), (4, 0.11083679847487674), (3, 0.08235100392276522), (0, 0.04431141126053539), (6, 0.03622775335561285), (1, 0.029876673181583012)]
5
shipping
[(5, 0.4562776148260385), (4, 0.21592724082111078), (2, 0.14182169224121166), (3, 0.07863255923977179), (0, 0.042706479431757954), (6, 0.03538823662396574), (1, 0.029246176816143575)]
6
shipping
[(5, 0.4531405947814252), (4, 0.21616686557089818), (2, 0.14325596969573323), (3, 0.07923537225218004), (0, 0.04348879985857624), (6, 0.03557169012625272), (1, 0.029140707714934436)]
7
shipping
[(5, 0.4409388691805298), (2, 0.21844643710216935), (4, 0.12016682332001366), (3, 0.10198266992528177), (0, 0.05695111739334262), (1, 0.032791925669898844), (6, 0.028722157408763924)]
8
shipping
[(2, 0.394046655812311), (5, 0.3074828896558679), (3, 0.10432888530078278), (4, 0.06582246440450068), (0, 0.05414637861193225), (6, 0.04103132194747085), (1, 0.03314140426713459)]
9
shipping
[(5, 0.4481369736407583), (4, 0.22173692097045894), (2, 0.1446060773685292), (3, 0.0783635483543284), (0, 0.04309409696661591), (6, 0.0350842565766555), (1, 0.02897812612265381)]
10
shipping
[(5, 0.4530728253953354), (4, 0.21468234289408764), (2, 0.14297563354133885), (3, 0.08024599805593374), (0, 0.04439936842674212), (6, 0.03548976036750363), (1, 0.029134071319058465)]
-----one service finish-----
2023-03-14 07:48:32
