2023-03-14 10:08:49
0
1
front-end
[(0, 0.2503067272044853), (4, 0.23212243984941489), (1, 0.22241766545008146), (3, 0.1991563639232443), (5, 0.03624989439580087), (2, 0.02987345458848665), (6, 0.02987345458848665)]
2
front-end
[(0, 0.24853079641291015), (1, 0.2269377829359185), (5, 0.2201346481202895), (3, 0.19635348083916512), (4, 0.049137247439967224), (2, 0.029453022125874775), (6, 0.029453022125874775)]
3
front-end
[(4, 0.2062875721429131), (5, 0.2062875721429131), (1, 0.17800753203459815), (2, 0.17800753203459815), (3, 0.17800753203459815), (0, 0.026701129805189728), (6, 0.026701129805189728)]
4
front-end
[(2, 0.3756256607073037), (1, 0.1888477386600765), (3, 0.1526953199389106), (5, 0.1174228329354668), (0, 0.08423791978416602), (4, 0.05457071853702917), (6, 0.02659980943704704)]
5
front-end
[(0, 0.23684565018291934), (1, 0.2342514016237836), (4, 0.2330224431277606), (3, 0.19893194044556492), (5, 0.03726898248630219), (2, 0.029839791066834744), (6, 0.029839791066834744)]
6
front-end
[(2, 0.3119969315702505), (4, 0.25818694194107217), (5, 0.25818694194107217), (1, 0.0742517074799547), (0, 0.032459159022550144), (3, 0.032459159022550144), (6, 0.032459159022550144)]
7
front-end
[(0, 0.2465674941603535), (1, 0.22571393270018403), (5, 0.22274020437111294), (3, 0.1961805605915142), (4, 0.04994363999938105), (2, 0.029427084088727136), (6, 0.029427084088727136)]
8
front-end
[(0, 0.2654549046131544), (4, 0.22696132739370345), (2, 0.19353271765478536), (3, 0.19353271765478536), (1, 0.062458517387135884), (5, 0.029029907648217813), (6, 0.029029907648217813)]
9
front-end
[(0, 0.2513154903186316), (4, 0.23598951786243266), (1, 0.2094446761344281), (3, 0.20290896671860487), (5, 0.040900442638056526), (2, 0.02972045316392316), (6, 0.02972045316392316)]
10
front-end
[(1, 0.21400245128305537), (4, 0.19463905525049632), (2, 0.17633615355754254), (3, 0.17633615355754254), (5, 0.17633615355754254), (0, 0.03589960976018934), (6, 0.026450423033631387)]
-----one service finish-----
1
1
user
[(3, 0.22781638001950755), (0, 0.1733410848890412), (1, 0.1733410848890412), (2, 0.1733410848890412), (5, 0.1733410848890412), (4, 0.05281811769097149), (6, 0.026001162733356186)]
2
user
[(3, 0.22781638001950755), (0, 0.1733410848890412), (1, 0.1733410848890412), (2, 0.1733410848890412), (5, 0.1733410848890412), (4, 0.05281811769097149), (6, 0.026001162733356186)]
3
user
[(4, 0.18148104255096673), (0, 0.1589357198930162), (1, 0.1589357198930162), (2, 0.1589357198930162), (3, 0.1589357198930162), (5, 0.1589357198930162), (6, 0.023840357983952433)]
4
user
[(4, 0.33197410400224), (5, 0.2719193106464974), (2, 0.21333335038190934), (0, 0.07261828937227623), (3, 0.04615494048250415), (1, 0.03200000255728641), (6, 0.03200000255728641)]
5
user
[(3, 0.22781638001950755), (0, 0.1733410848890412), (1, 0.1733410848890412), (2, 0.1733410848890412), (5, 0.1733410848890412), (4, 0.05281811769097149), (6, 0.026001162733356186)]
6
user
[(3, 0.24269187381911125), (1, 0.2181231567605365), (2, 0.21202769994154266), (0, 0.20858738068961385), (4, 0.05465790817785284), (6, 0.03481683121957331), (5, 0.029095149391769555)]
7
user
[(3, 0.26545490461315435), (0, 0.22696132739370342), (2, 0.19353271765478536), (5, 0.19353271765478536), (4, 0.062458517387135884), (1, 0.02902990764821781), (6, 0.02902990764821781)]
8
user
[(3, 0.22781638001950755), (0, 0.1733410848890412), (1, 0.1733410848890412), (2, 0.1733410848890412), (5, 0.1733410848890412), (4, 0.05281811769097149), (6, 0.026001162733356186)]
9
user
[(3, 0.27748989099412225), (0, 0.21492634101273558), (2, 0.19353271765478536), (5, 0.19353271765478536), (4, 0.062458517387135884), (1, 0.02902990764821781), (6, 0.02902990764821781)]
10
user
[(4, 0.18148104255096673), (0, 0.1589357198930162), (1, 0.1589357198930162), (2, 0.1589357198930162), (3, 0.1589357198930162), (5, 0.1589357198930162), (6, 0.023840357983952433)]
-----one service finish-----
2
1
catalogue
[(4, 0.4162763782275771), (5, 0.19849846810865943), (3, 0.15468554291133557), (1, 0.10612056173231707), (0, 0.06486950858751299), (2, 0.029774770216298922), (6, 0.029774770216298922)]
2
catalogue
[(1, 0.3027989355544376), (3, 0.270980226700779), (5, 0.23865127424137697), (0, 0.07193501567097904), (4, 0.05202177179771785), (2, 0.03180638801735479), (6, 0.03180638801735479)]
3
catalogue
[(3, 0.31727046389352237), (5, 0.23711870925315678), (6, 0.2323517161973928), (0, 0.08788474986884645), (4, 0.06375892006089348), (1, 0.03080772036309409), (2, 0.03080772036309409)]
4
catalogue
[(5, 0.3729117345623851), (1, 0.31107607805731063), (3, 0.12211040467388011), (0, 0.07401527809182598), (4, 0.05509700404288512), (2, 0.03239475028585661), (6, 0.03239475028585661)]
5
catalogue
[(3, 0.2654549046131544), (0, 0.22696132739370345), (1, 0.19353271765478536), (6, 0.19353271765478536), (4, 0.062458517387135884), (2, 0.02902990764821781), (5, 0.02902990764821781)]
6
catalogue
[(5, 0.47930593726043264), (3, 0.23511485679429006), (1, 0.10878763508848492), (0, 0.06595494479007752), (4, 0.05072555220714191), (2, 0.030055536929786512), (6, 0.030055536929786512)]
7
catalogue
[(4, 0.4162763782275771), (5, 0.19849846810865943), (3, 0.15468554291133557), (1, 0.10612056173231707), (0, 0.06486950858751299), (2, 0.029774770216298922), (6, 0.029774770216298922)]
8
catalogue
[(2, 0.23750420894369267), (0, 0.2312627206787414), (3, 0.22553018218354437), (1, 0.19596570128725557), (4, 0.050947476520589174), (5, 0.029394855193088345), (6, 0.029394855193088345)]
9
catalogue
[(4, 0.30571410296773416), (5, 0.28302276625984335), (3, 0.14233783098611236), (1, 0.09930555457849735), (6, 0.07901085530370353), (0, 0.06176576992740731), (2, 0.028843119976702063)]
10
catalogue
[(3, 0.2345676122512281), (0, 0.17800753203459815), (1, 0.17800753203459815), (2, 0.17800753203459815), (5, 0.17800753203459815), (4, 0.026701129805189728), (6, 0.026701129805189728)]
-----one service finish-----
3
1
orders
[(2, 0.2893921817806022), (3, 0.21932115008268555), (0, 0.2005251706680458), (1, 0.2005251706680458), (4, 0.030078775600206876), (5, 0.030078775600206876), (6, 0.030078775600206876)]
2
orders
[(3, 0.26545490461315435), (6, 0.22696132739370345), (2, 0.19353271765478536), (4, 0.19353271765478536), (1, 0.06245851738713589), (0, 0.029029907648217813), (5, 0.029029907648217813)]
3
orders
[(2, 0.26028845387677724), (0, 0.22241731590141278), (3, 0.21951663428894014), (1, 0.20754126913224916), (4, 0.030078775600206872), (5, 0.030078775600206872), (6, 0.030078775600206872)]
4
orders
[(2, 0.26589181745873863), (3, 0.21884555609841394), (0, 0.21850134756390577), (1, 0.206524952078321), (4, 0.030078775600206872), (5, 0.030078775600206872), (6, 0.030078775600206872)]
5
orders
[(2, 0.17138712583466995), (3, 0.169029636609313), (0, 0.1589357198930162), (1, 0.1589357198930162), (4, 0.1589357198930162), (5, 0.1589357198930162), (6, 0.023840357983952433)]
6
orders
[(2, 0.2649470833294948), (3, 0.21911817713043882), (0, 0.21885078575574235), (1, 0.20684762698370335), (4, 0.030078775600206872), (5, 0.030078775600206872), (6, 0.030078775600206872)]
7
orders
[(2, 0.23694874637616545), (3, 0.22943067057253824), (1, 0.22632192857789715), (0, 0.2170625000974187), (4, 0.03007871812532687), (5, 0.03007871812532687), (6, 0.03007871812532687)]
8
orders
[(2, 0.24933401746196213), (3, 0.22885372589663805), (0, 0.21704497955884153), (1, 0.21453112270657787), (4, 0.03007871812532687), (5, 0.03007871812532687), (6, 0.03007871812532687)]
9
orders
[(2, 0.261493959710413), (0, 0.22124224693840336), (3, 0.21939098254016057), (1, 0.20763648401040244), (4, 0.030078775600206872), (5, 0.030078775600206872), (6, 0.030078775600206872)]
10
orders
[(2, 0.20628757214291313), (5, 0.20628757214291313), (0, 0.17800753203459813), (1, 0.17800753203459813), (3, 0.17800753203459813), (4, 0.026701129805189728), (6, 0.026701129805189728)]
-----one service finish-----
4
1
carts
[(6, 0.4313330238306084), (5, 0.20271929477831854), (4, 0.15365341096065535), (2, 0.09543227039816429), (0, 0.06011407028080214), (1, 0.028373964875725625), (3, 0.028373964875725625)]
2
carts
[(5, 0.4590366314367675), (1, 0.2125515218237561), (6, 0.1202336506539667), (2, 0.09298810200004533), (4, 0.05142463753833746), (0, 0.03188272827356342), (3, 0.03188272827356342)]
3
carts
[(6, 0.4505963121202846), (4, 0.20848870889752788), (2, 0.14870312614970888), (0, 0.09139457089216789), (3, 0.04268386316280573), (1, 0.02906670938875254), (5, 0.02906670938875254)]
4
carts
[(5, 0.35904803887318276), (1, 0.18198709369849503), (6, 0.16272468675617055), (4, 0.12353532382192656), (2, 0.08863474727046378), (0, 0.05677204552498718), (3, 0.02729806405477426)]
5
carts
[(5, 0.22036954603217065), (6, 0.19220559825365557), (0, 0.17800753203459813), (1, 0.17800753203459813), (3, 0.17800753203459813), (2, 0.026701129805189724), (4, 0.026701129805189724)]
6
carts
[(6, 0.42973292057181317), (4, 0.23245907153181986), (2, 0.14892700325940791), (0, 0.08392650425977233), (3, 0.041918597905159165), (1, 0.031517951236013815), (5, 0.031517951236013815)]
7
carts
[(5, 0.4111089936074454), (6, 0.20523695865646457), (4, 0.1529914830344916), (2, 0.10387696367964103), (0, 0.06727924035461307), (3, 0.03180781078332358), (1, 0.027698549884020787)]
8
carts
[(6, 0.4705341473884512), (5, 0.1696615016882962), (4, 0.13008825849232966), (2, 0.1055952964944197), (0, 0.06468040332376336), (1, 0.02972019630636998), (3, 0.02972019630636998)]
9
carts
[(6, 0.4244682357969058), (5, 0.20222343757250896), (4, 0.1540364030781644), (2, 0.09894934005729542), (0, 0.0640440492106687), (1, 0.02813926714222835), (3, 0.02813926714222835)]
10
carts
[(5, 0.3946131996415622), (6, 0.20904518667121993), (4, 0.17059212672170482), (2, 0.10335840605900207), (0, 0.06360981942999815), (1, 0.029390630738256377), (3, 0.029390630738256377)]
-----one service finish-----
5
1
payment
[(2, 0.4131582418721593), (6, 0.25149919330037185), (0, 0.14076380329827215), (5, 0.08709601002515246), (3, 0.044247648597680635), (1, 0.03161755145318179), (4, 0.03161755145318179)]
2
payment
[(2, 0.44456060120758617), (0, 0.20904236690205125), (5, 0.14973413524330376), (3, 0.07974685038627345), (1, 0.04522188936038807), (6, 0.042826074309612175), (4, 0.02886808259078527)]
3
payment
[(2, 0.46904897343478646), (0, 0.2232197591925104), (5, 0.12009325307462636), (3, 0.07450862703674124), (6, 0.053746158330980794), (1, 0.029691614465177332), (4, 0.029691614465177332)]
4
payment
[(2, 0.20628757214291304), (6, 0.20628757214291304), (0, 0.17800753203459813), (3, 0.17800753203459813), (5, 0.17800753203459813), (1, 0.02670112980518972), (4, 0.02670112980518972)]
5
payment
[(3, 0.5940499061148485), (0, 0.14667035066414194), (2, 0.06857314505306407), (5, 0.06337574064139359), (4, 0.048507042889598145), (6, 0.044064635948022596), (1, 0.03475917868893112)]
6
payment
[(5, 0.4250521201917433), (0, 0.292897287363703), (3, 0.09778813848043362), (6, 0.0627664275354319), (2, 0.05374800902621014), (1, 0.033874008701239), (4, 0.033874008701239)]
7
payment
[(3, 0.535093991408136), (0, 0.18565733551711233), (2, 0.10109999155319761), (4, 0.05681748153631469), (6, 0.04550440392321248), (5, 0.04367028224743394), (1, 0.03215651381459291)]
8
payment
[(3, 0.5495421832262323), (0, 0.20843958078614602), (2, 0.0654108749331733), (5, 0.058721868084632686), (4, 0.04284058660344992), (6, 0.04230208104308752), (1, 0.03274282532327838)]
9
payment
[(2, 0.45132061700245407), (0, 0.21274427205648172), (5, 0.14499433192535366), (3, 0.07495414991212873), (6, 0.05778710759551805), (1, 0.029099760754031926), (4, 0.029099760754031926)]
10
payment
[(2, 0.4559596331905936), (0, 0.21173890033104503), (5, 0.14633230457124743), (3, 0.07560656451111238), (6, 0.0518263618710415), (1, 0.02926811776248004), (4, 0.02926811776248004)]
-----one service finish-----
6
1
shipping
[(5, 0.44930781438848355), (4, 0.22223373420897288), (2, 0.14513570535820927), (3, 0.0796469803333633), (0, 0.04059933585433581), (6, 0.034049737973381664), (1, 0.029026691883253675)]
2
shipping
[(6, 0.31850409002689084), (4, 0.23922080626136266), (2, 0.23407068730307573), (3, 0.09095628267080064), (0, 0.04875897219125921), (5, 0.03748988140846246), (1, 0.030999280138148434)]
3
shipping
[(2, 0.3927965801742594), (6, 0.30815905805330096), (3, 0.10409193082868005), (4, 0.06651360073968589), (0, 0.054025856910363636), (5, 0.041296591437282246), (1, 0.0331163818564278)]
4
shipping
[(6, 0.4273998745130174), (4, 0.21239104412732027), (2, 0.1479506620768846), (3, 0.09405892909339371), (0, 0.05512589338656373), (1, 0.0348231275069032), (5, 0.028250469295916916)]
5
shipping
[(0, 0.2364128341771112), (3, 0.2364128341771112), (4, 0.2364128341771112), (6, 0.20052517066804582), (1, 0.030078775600206876), (2, 0.030078775600206876), (5, 0.030078775600206876)]
6
shipping
[(2, 0.3927513407644893), (6, 0.31211533689957105), (3, 0.10371325357775522), (4, 0.0683038006058363), (0, 0.04997553513019485), (5, 0.039852656315300994), (1, 0.03328807670685226)]
7
shipping
[(5, 0.44872367712304034), (4, 0.2219650976861428), (2, 0.14514096472503613), (3, 0.07963305841664736), (0, 0.04108736408913566), (6, 0.03444415779439524), (1, 0.02900568016560257)]
8
shipping
[(5, 0.42028228309923876), (2, 0.20876603353459036), (4, 0.1529211209883437), (3, 0.09907425611658709), (0, 0.05875776949188382), (1, 0.03218507381252615), (6, 0.028013462956830108)]
9
shipping
[(2, 0.2524580168330361), (6, 0.2311872890562817), (4, 0.2130095915364292), (3, 0.19666717589958652), (0, 0.04767777390479049), (1, 0.029500076384937988), (5, 0.029500076384937988)]
10
shipping
[(2, 0.39424838521022365), (6, 0.3066042291513425), (3, 0.10494903198291629), (4, 0.06536182523688039), (0, 0.054688663970526824), (5, 0.04103600965704728), (1, 0.03311185479106319)]
-----one service finish-----
2023-03-14 11:07:58
