2023-03-14 15:46:27
0
1
front-end
[(4, 0.41628402679240006), (3, 0.19841984104865748), (5, 0.17573138409636815), (0, 0.09847105236224496), (2, 0.05156774338573209), (1, 0.02976297615729863), (6, 0.02976297615729863)]
2
front-end
[(3, 0.3775053308640931), (1, 0.1873396102954291), (4, 0.17015945007193453), (5, 0.12767441941000313), (0, 0.07079992633955763), (2, 0.038420321474668034), (6, 0.02810094154431437)]
3
front-end
[(1, 0.3147246224167789), (6, 0.25533883188794615), (0, 0.134468000573308), (3, 0.11265240516923773), (5, 0.09488368825657316), (4, 0.059716525915445844), (2, 0.028215925780710367)]
4
front-end
[(1, 0.3811816398563631), (6, 0.23359320647987353), (2, 0.15468554291133554), (0, 0.10612056173231707), (5, 0.06486950858751298), (3, 0.029774770216298926), (4, 0.029774770216298926)]
5
front-end
[(4, 0.34211093368925555), (1, 0.1906467404041498), (3, 0.1906467404041498), (5, 0.1335614842758914), (0, 0.07421470712761137), (2, 0.04022238303831959), (6, 0.028597011060622474)]
6
front-end
[(5, 0.2654549046131544), (3, 0.22696132739370345), (1, 0.19353271765478536), (6, 0.19353271765478536), (0, 0.062458517387135884), (2, 0.02902990764821781), (4, 0.02902990764821781)]
7
front-end
[(6, 0.3590480388731827), (3, 0.181987093698495), (0, 0.16272468675617055), (1, 0.12353532382192654), (5, 0.08863474727046378), (4, 0.05677204552498717), (2, 0.027298064054774255)]
8
front-end
[(4, 0.41611374907933973), (3, 0.1983752195727216), (5, 0.17528718979468375), (0, 0.09520530234118359), (2, 0.05550597334025487), (1, 0.02975628293590825), (6, 0.02975628293590825)]
9
front-end
[(1, 0.39487888304611113), (3, 0.19692277824520943), (4, 0.15550246181273297), (5, 0.11848923316246802), (0, 0.06846313241205351), (2, 0.038574260762002086), (6, 0.02716925055942267)]
10
front-end
[(1, 0.35904803887318276), (6, 0.181987093698495), (3, 0.16272468675617055), (0, 0.12353532382192653), (5, 0.08863474727046378), (4, 0.056772045524987165), (2, 0.027298064054774255)]
-----one service finish-----
1
1
user
[(6, 0.3845308902355197), (2, 0.18915977183020563), (3, 0.17299972657174328), (1, 0.11334722581909605), (0, 0.07576047469170719), (5, 0.03582794507719731), (4, 0.02837396577453085)]
2
user
[(2, 0.31766929810422867), (4, 0.2505747958050173), (0, 0.13373907502093504), (6, 0.11586567287269471), (1, 0.09447092271849358), (5, 0.05952379047214128), (3, 0.02815644500648953)]
3
user
[(6, 0.38199207532364565), (2, 0.19189423438324046), (3, 0.1707193192285257), (1, 0.11265760912327155), (0, 0.07509636355096544), (5, 0.03927425317646073), (4, 0.028366145213890564)]
4
user
[(2, 0.3731779209993954), (4, 0.25373396124013425), (6, 0.1439529738996738), (1, 0.13862518351432118), (0, 0.030169986782158476), (5, 0.030169986782158476), (3, 0.030169986782158476)]
5
user
[(2, 0.39700804487799063), (5, 0.24791326942762595), (3, 0.149902572398354), (1, 0.09367630404527676), (0, 0.04651391933097758), (6, 0.03413004990799113), (4, 0.030855840011783816)]
6
user
[(5, 0.5585753717596643), (2, 0.1990467409294232), (3, 0.08521337756633751), (0, 0.04548575711914668), (1, 0.045418157921490225), (4, 0.03313029735196903), (6, 0.03313029735196903)]
7
user
[(2, 0.3721807716650428), (4, 0.2555536071357745), (6, 0.14280251716642683), (5, 0.13886400862839), (0, 0.030199698468121965), (1, 0.030199698468121965), (3, 0.030199698468121965)]
8
user
[(6, 0.38340145406046194), (2, 0.1888183702989844), (5, 0.1725414101046017), (3, 0.11378443367708285), (0, 0.07632247266891369), (1, 0.036809103645107574), (4, 0.02832275554484767)]
9
user
[(6, 0.4776506907557723), (3, 0.155445977149895), (2, 0.12646434881603782), (1, 0.09228636235828154), (0, 0.08064012760478229), (5, 0.03755497901546595), (4, 0.02995751429976506)]
10
user
[(6, 0.32549140105666574), (2, 0.18463668471924016), (4, 0.18463668471924016), (5, 0.1280371432473446), (0, 0.09141439521658988), (3, 0.0580881883330334), (1, 0.027695502707886024)]
-----one service finish-----
2
1
catalogue
[(5, 0.27182498216133877), (6, 0.20760866783362353), (3, 0.18855065731030177), (4, 0.18855065731030177), (2, 0.07422820847104025), (0, 0.04095422831684872), (1, 0.028282598596545274)]
2
catalogue
[(3, 0.327777024874309), (6, 0.20968880620845617), (4, 0.19195224375943437), (5, 0.11891177144215588), (2, 0.07894517491758028), (0, 0.04393214223414905), (1, 0.028792836563915163)]
3
catalogue
[(5, 0.2722726823357856), (6, 0.20617318106220928), (3, 0.18818974631415109), (4, 0.18818974631415109), (2, 0.07509285867073177), (0, 0.0418533233558487), (1, 0.02822846194712267)]
4
catalogue
[(5, 0.27117048352198075), (6, 0.20968811373046764), (3, 0.18907556840359735), (4, 0.18907556840359735), (2, 0.07297360104746474), (0, 0.03965532963235262), (1, 0.02836133526053961)]
5
catalogue
[(5, 0.5085567415707163), (3, 0.14221944229904973), (2, 0.1111423248551813), (0, 0.0943114537643729), (6, 0.08150401298965843), (1, 0.0311330122605107), (4, 0.0311330122605107)]
6
catalogue
[(5, 0.2522690714580998), (6, 0.2274335054214758), (3, 0.1886493338455123), (4, 0.1886493338455123), (2, 0.060060257523371095), (1, 0.0546410978292018), (0, 0.028297400076826854)]
7
catalogue
[(5, 0.3691282858885452), (3, 0.2020455126837639), (4, 0.2020455126837639), (2, 0.11097930606466068), (0, 0.04754344480475142), (6, 0.03795111097195035), (1, 0.030306826902564588)]
8
catalogue
[(5, 0.2724510913991674), (6, 0.20559812839385058), (3, 0.18804549690979472), (4, 0.18804549690979472), (2, 0.0754389064360057), (0, 0.04221405541491772), (1, 0.028206824536469215)]
9
catalogue
[(5, 0.27231606963475197), (6, 0.2060334928655979), (3, 0.18815468877151295), (4, 0.18815468877151295), (2, 0.07517693575625457), (0, 0.04194092088464267), (1, 0.02822320331572695)]
10
catalogue
[(2, 0.2941196384138063), (5, 0.2013811924979282), (3, 0.19478751435114589), (4, 0.19478751435114589), (0, 0.04483922822352331), (6, 0.04086678500977841), (1, 0.02921812715267189)]
-----one service finish-----
3
1
orders
[(6, 0.4273494722888093), (1, 0.2612397456620396), (5, 0.1292112024612661), (0, 0.07471566539284485), (2, 0.04231054678587876), (3, 0.03258668370458066), (4, 0.03258668370458066)]
2
orders
[(6, 0.42630110215808664), (5, 0.1960153442615389), (0, 0.14748016106803746), (3, 0.10755095499734778), (1, 0.06644258878896875), (2, 0.02810492436301021), (4, 0.02810492436301021)]
3
orders
[(6, 0.49937235045404177), (5, 0.15564743540443676), (3, 0.14194907293733997), (1, 0.09154233982711638), (2, 0.05000625892094718), (0, 0.030741271228059), (4, 0.030741271228059)]
4
orders
[(2, 0.5151800758056969), (1, 0.14901318520631174), (6, 0.14340975280471913), (5, 0.0743101173766512), (0, 0.0553808942724192), (3, 0.0313529872671009), (4, 0.0313529872671009)]
5
orders
[(2, 0.40446575284697683), (6, 0.20255567913388534), (5, 0.1484049097080963), (0, 0.11026911347641415), (3, 0.07154292772706951), (1, 0.035306245611403116), (4, 0.027455371496154877)]
6
orders
[(6, 0.4476530786114838), (5, 0.1940718055051083), (0, 0.14286252819049922), (3, 0.10027201450287404), (1, 0.05748043701950748), (2, 0.028830068085263585), (4, 0.028830068085263585)]
7
orders
[(2, 0.4301950710529791), (6, 0.26002030921754565), (1, 0.1640242743287178), (0, 0.04778620884612096), (3, 0.03265804551821215), (4, 0.03265804551821215), (5, 0.03265804551821215)]
8
orders
[(2, 0.40551826229194576), (6, 0.20369645408769008), (5, 0.1458728916607252), (0, 0.10741191041924325), (3, 0.07333364579919527), (1, 0.03666850888007866), (4, 0.027498326861122014)]
9
orders
[(6, 0.4421464465603552), (5, 0.19299395185663865), (0, 0.14304282920156045), (3, 0.10067418448396026), (1, 0.05915988089261027), (2, 0.0333313667496661), (4, 0.02865134025520914)]
10
orders
[(6, 0.45727220317709566), (5, 0.19488442098673173), (0, 0.1386422861643469), (3, 0.09483601756247259), (1, 0.05196500703814624), (2, 0.03320834031589255), (4, 0.029191724755314428)]
-----one service finish-----
4
1
carts
[(5, 0.3921189237410262), (1, 0.19509782663844166), (2, 0.15328801562854943), (4, 0.11616255369698948), (3, 0.07970682058915195), (0, 0.036572169163337505), (6, 0.027053690542503755)]
2
carts
[(3, 0.2849056238977713), (4, 0.19215897074047034), (5, 0.1906238707043734), (2, 0.19047174400733735), (1, 0.07340467227857461), (0, 0.04010086093373928), (6, 0.028334257437733726)]
3
carts
[(5, 0.42232397415945994), (3, 0.19794900527117917), (0, 0.15120729462250873), (4, 0.100772248976769), (2, 0.06567790253238966), (1, 0.034034112914503076), (6, 0.028035461523190648)]
4
carts
[(4, 0.3531544845816266), (3, 0.21589865588002763), (1, 0.2013674805081518), (2, 0.12334854861312959), (0, 0.04359886246918765), (5, 0.032426845871653946), (6, 0.03020512207622278)]
5
carts
[(6, 0.37829918006136554), (2, 0.3022771311047377), (5, 0.12763005991450016), (3, 0.09504147864955863), (0, 0.03225071675661265), (1, 0.03225071675661265), (4, 0.03225071675661265)]
6
carts
[(5, 0.41170394050587605), (1, 0.20021423992838436), (2, 0.1553993237373075), (4, 0.10252616539634835), (3, 0.06624564636373345), (0, 0.03620278901652846), (6, 0.027707895051821946)]
7
carts
[(5, 0.5027660644779643), (1, 0.21234244600565194), (2, 0.13050634511582657), (4, 0.06171477392200846), (0, 0.030890123492849572), (3, 0.030890123492849572), (6, 0.030890123492849572)]
8
carts
[(2, 0.20628757214291313), (5, 0.20628757214291313), (0, 0.17800753203459813), (4, 0.17800753203459813), (6, 0.17800753203459813), (1, 0.026701129805189724), (3, 0.026701129805189724)]
9
carts
[(5, 0.4189846762028721), (2, 0.2531337569858176), (3, 0.14382039920250791), (0, 0.08833371103000381), (1, 0.031909152192932846), (4, 0.031909152192932846), (6, 0.031909152192932846)]
10
carts
[(5, 0.4199059845358099), (3, 0.19853777520343033), (0, 0.1522389258649657), (4, 0.10382912133828516), (2, 0.06443645499078472), (1, 0.033096234524809816), (6, 0.027955503541914284)]
-----one service finish-----
5
1
payment
[(5, 0.4811069191086336), (0, 0.21359126215312133), (3, 0.14722643646697625), (1, 0.05252124019359019), (2, 0.04523552739791587), (4, 0.030159307339881366), (6, 0.030159307339881366)]
2
payment
[(5, 0.49827652743786127), (0, 0.15480249421899187), (1, 0.14278087781855028), (3, 0.09609013083617557), (2, 0.04659320355119467), (4, 0.03072838306861313), (6, 0.03072838306861313)]
3
payment
[(5, 0.39339897686663455), (2, 0.2981685453399864), (1, 0.11902264058020819), (0, 0.07627012112562404), (3, 0.047711843984975605), (4, 0.0327139360512856), (6, 0.0327139360512856)]
4
payment
[(5, 0.23131367224445018), (1, 0.17564122520693212), (2, 0.17564122520693212), (4, 0.17564122520693212), (6, 0.17564122520693212), (0, 0.03977524314678153), (3, 0.026346183781039822)]
5
payment
6
payment
[(5, 0.3938896203972292), (2, 0.29746879742672694), (1, 0.12023009826547718), (0, 0.07537625091805251), (3, 0.04762515685219966), (4, 0.03270503807015719), (6, 0.03270503807015719)]
7
payment
[(5, 0.23154644872903773), (1, 0.17580260076008736), (2, 0.17580260076008736), (4, 0.17580260076008736), (6, 0.17580260076008736), (0, 0.03887275811659972), (3, 0.02637039011401311)]
8
payment
[(5, 0.514570599703492), (0, 0.1591172280187521), (1, 0.14728225919781718), (2, 0.06641397021326369), (3, 0.04992037096043074), (4, 0.0313477859531222), (6, 0.0313477859531222)]
9
payment
[(5, 0.4488651111806707), (0, 0.19971518703199567), (3, 0.14320198366443393), (2, 0.10047614758295242), (1, 0.04988967410213375), (4, 0.02892594821890676), (6, 0.02892594821890676)]
10
payment
[(5, 0.48165255506666604), (0, 0.21286045102664677), (3, 0.14734737137505566), (1, 0.05059681656778816), (2, 0.047183030883463456), (4, 0.030179887540189916), (6, 0.030179887540189916)]
-----one service finish-----
6
1
shipping
[(6, 0.31908937391073405), (2, 0.25754260237370646), (4, 0.22985368657515826), (3, 0.059272437885504896), (5, 0.05277184115746334), (0, 0.049900504833389606), (1, 0.03156955326404338)]
2
shipping
[(2, 0.3746253802990521), (1, 0.20471060406739988), (4, 0.20471060406739988), (6, 0.08703009281139651), (5, 0.0524672174226838), (3, 0.04574951072195786), (0, 0.03070659061010999)]
3
shipping
[(6, 0.3169140429781743), (2, 0.24753062487750335), (4, 0.22419615480960878), (5, 0.06971754259932944), (0, 0.06100657265796523), (3, 0.049755494348730105), (1, 0.03087956772868879)]
4
shipping
[(6, 0.26201103484939703), (2, 0.21796492872296894), (4, 0.20649879625050138), (1, 0.1936836834467796), (5, 0.045583851384008424), (0, 0.04520515282932772), (3, 0.02905255251701695)]
5
shipping
[(4, 0.40106705015103705), (2, 0.24495300432286077), (6, 0.14530539223650873), (5, 0.06921223703994471), (0, 0.05684483748310922), (3, 0.05172810925232229), (1, 0.03088936951421733)]
6
shipping
[(6, 0.2680736599186568), (2, 0.22201467603215505), (1, 0.1926047512209899), (4, 0.1926047512209899), (5, 0.050764960717016416), (0, 0.045046488207043364), (3, 0.028890712683148495)]
7
shipping
[(5, 0.18148104255096673), (1, 0.1589357198930162), (2, 0.1589357198930162), (3, 0.1589357198930162), (4, 0.1589357198930162), (6, 0.1589357198930162), (0, 0.023840357983952436)]
8
shipping
[(6, 0.2686732595850042), (2, 0.22125798926221615), (1, 0.19254270144342756), (4, 0.19254270144342756), (5, 0.05320605488269681), (0, 0.04289588816671362), (3, 0.028881405216514142)]
9
shipping
[(2, 0.3270583455260913), (4, 0.28603028948657605), (6, 0.1425185292671866), (5, 0.09152465249423619), (0, 0.07894041128841649), (1, 0.04422390076606584), (3, 0.029703871171427462)]
10
shipping
[(6, 0.2686632281178605), (2, 0.22197708147283735), (1, 0.19282334818806263), (4, 0.19282334818806263), (5, 0.05110259800054029), (0, 0.04368689380442722), (3, 0.0289235022282094)]
-----one service finish-----
2023-03-14 16:43:24
