2023-03-14 16:43:24
0
1
front-end
[(3, 0.329409340773434), (1, 0.2360161812467078), (6, 0.2002309817964963), (5, 0.10845435492472719), (0, 0.06581984671968596), (2, 0.030034647269474447), (4, 0.030034647269474447)]
2
front-end
[(3, 0.20628757214291313), (5, 0.20628757214291313), (1, 0.17800753203459813), (2, 0.17800753203459813), (6, 0.17800753203459813), (0, 0.026701129805189724), (4, 0.026701129805189724)]
3
front-end
[(5, 0.43277999993373373), (3, 0.2617035579554863), (0, 0.13138175731088644), (2, 0.07561970249985225), (1, 0.032838327433347185), (4, 0.032838327433347185), (6, 0.032838327433347185)]
4
front-end
[(2, 0.2364128341771112), (3, 0.2364128341771112), (5, 0.2364128341771112), (6, 0.2005251706680458), (0, 0.030078775600206872), (1, 0.030078775600206872), (4, 0.030078775600206872)]
5
front-end
[(5, 0.32815513927264506), (6, 0.26103612113516406), (3, 0.20805664971453233), (0, 0.08516330040084792), (2, 0.043584071449100405), (4, 0.042796220570530376), (1, 0.031208497457179855)]
6
front-end
[(5, 0.2654549046131544), (3, 0.22696132739370345), (1, 0.19353271765478536), (6, 0.19353271765478536), (0, 0.06245851738713588), (2, 0.02902990764821781), (4, 0.02902990764821781)]
7
front-end
[(1, 0.3933771010245893), (3, 0.19641390722479402), (4, 0.15529355166020992), (5, 0.11836502205626757), (0, 0.06965114154715149), (2, 0.03977737833831385), (6, 0.027121898148673974)]
8
front-end
[(2, 0.22781638001950752), (1, 0.1733410848890412), (3, 0.1733410848890412), (4, 0.1733410848890412), (6, 0.1733410848890412), (5, 0.05281811769097149), (0, 0.026001162733356186)]
9
front-end
[(1, 0.3590480388731828), (6, 0.181987093698495), (3, 0.16272468675617052), (4, 0.12353532382192652), (5, 0.08863474727046376), (0, 0.05677204552498716), (2, 0.027298064054774255)]
10
front-end
[(1, 0.22781638001950752), (3, 0.17334108488904118), (4, 0.17334108488904118), (5, 0.17334108488904118), (6, 0.17334108488904118), (2, 0.05281811769097149), (0, 0.026001162733356183)]
-----one service finish-----
1
1
user
[(6, 0.3254914010566658), (2, 0.18463668471924016), (4, 0.18463668471924016), (5, 0.12803714324734466), (0, 0.0914143952165899), (3, 0.0580881883330334), (1, 0.02769550270788603)]
2
user
[(2, 0.4204216728223541), (6, 0.20898221071396256), (5, 0.16260313595099482), (0, 0.07437927767344274), (3, 0.07026119482609955), (1, 0.0352991608208576), (4, 0.028053347192288587)]
3
user
[(2, 0.3076251884134296), (4, 0.23045162126315474), (3, 0.1921319695776652), (6, 0.10105597917941844), (5, 0.09675430654985319), (0, 0.04316113957982898), (1, 0.028819795436649788)]
4
user
[(2, 0.35904803887318276), (4, 0.181987093698495), (6, 0.16272468675617052), (5, 0.12353532382192653), (0, 0.08863474727046378), (1, 0.05677204552498717), (3, 0.02729806405477426)]
5
user
[(2, 0.3957069767215311), (4, 0.19249764345638556), (6, 0.17831828852994933), (5, 0.13064341236009422), (0, 0.045084385895124035), (1, 0.028874646518457843), (3, 0.028874646518457843)]
6
user
[(2, 0.45276285199743455), (6, 0.226191515748751), (5, 0.17049761075786293), (0, 0.06311473854673937), (1, 0.029144427649737403), (3, 0.029144427649737403), (4, 0.029144427649737403)]
7
user
[(2, 0.3047735612146317), (4, 0.233056502560225), (3, 0.19206169211999294), (6, 0.09864818509920831), (5, 0.09703578951003831), (0, 0.045615015677904776), (1, 0.028809253817998946)]
8
user
[(2, 0.3590480388731828), (4, 0.181987093698495), (6, 0.16272468675617052), (5, 0.12353532382192653), (0, 0.08863474727046376), (3, 0.056772045524987165), (1, 0.02729806405477426)]
9
user
[(2, 0.45276285199743455), (6, 0.226191515748751), (5, 0.17049761075786293), (0, 0.06311473854673937), (1, 0.029144427649737403), (3, 0.029144427649737403), (4, 0.029144427649737403)]
10
user
[(2, 0.4475699657469712), (6, 0.19319226342913562), (5, 0.14130482934343655), (0, 0.0987355960542465), (3, 0.06156781096589782), (1, 0.028814767230156083), (4, 0.028814767230156083)]
-----one service finish-----
2
1
catalogue
[(3, 0.30961416596794505), (6, 0.24073204592591704), (4, 0.19565554493356205), (5, 0.09791026518165472), (2, 0.06351482758631687), (1, 0.06322481866456996), (0, 0.029348331740034313)]
2
catalogue
[(3, 0.3687772842279966), (6, 0.2363783525652416), (4, 0.14772018542958854), (5, 0.10153788101443155), (2, 0.06374019911086695), (1, 0.05241885893419067), (0, 0.029427238717684143)]
3
catalogue
[(3, 0.40056747798322984), (6, 0.2430461437397048), (5, 0.11433349471239558), (4, 0.11198254073527131), (2, 0.0684471786965042), (0, 0.03081158206644717), (1, 0.03081158206644717)]
4
catalogue
[(5, 0.2487629571655979), (6, 0.22926342461108792), (3, 0.18803720296788323), (4, 0.18803720296788323), (2, 0.05976265913008986), (1, 0.05793097271227543), (0, 0.02820558044518249)]
5
catalogue
[(5, 0.2495922086911604), (2, 0.24579087495937121), (3, 0.194739071047228), (4, 0.194739071047228), (0, 0.04405961479064092), (6, 0.041868298807287235), (1, 0.029210860657084208)]
6
catalogue
[(5, 0.2792191169526763), (1, 0.1823761919426405), (3, 0.1823761919426405), (6, 0.1823761919426405), (2, 0.08925362756641578), (0, 0.05704225086159036), (4, 0.02735642879139608)]
7
catalogue
[(5, 0.25003015371908377), (6, 0.2278569886529322), (3, 0.18798666368389955), (4, 0.18798666368389955), (2, 0.05973811850766386), (1, 0.05820341219993612), (0, 0.028197999552584938)]
8
catalogue
[(5, 0.2716988361385928), (6, 0.2080112061162219), (3, 0.18865207565906844), (4, 0.18865207565906844), (2, 0.07398553352227902), (0, 0.04070246155590923), (1, 0.028297811348860273)]
9
catalogue
[(5, 0.24946286265498008), (6, 0.22883355922184523), (3, 0.18813535307283294), (4, 0.18813535307283294), (2, 0.059810331439655716), (1, 0.05740223757692817), (0, 0.02822030296092495)]
10
catalogue
-----one service finish-----
3
1
orders
[(6, 0.44026894993612214), (1, 0.292264462030387), (5, 0.1292626309912971), (0, 0.034550989260548455), (2, 0.034550989260548455), (3, 0.034550989260548455), (4, 0.034550989260548455)]
2
orders
[(6, 0.44009830436783465), (1, 0.22435468722707824), (5, 0.14264381420962186), (0, 0.08296886119741256), (3, 0.04096414133833223), (2, 0.03736371500913157), (4, 0.03160647665058891)]
3
orders
[(6, 0.2723004976861766), (1, 0.2364128341771112), (3, 0.20052517066804576), (4, 0.20052517066804576), (0, 0.030078775600206872), (2, 0.030078775600206872), (5, 0.030078775600206872)]
4
orders
[(6, 0.45483766269747844), (1, 0.2776957492690307), (5, 0.1292626309912971), (0, 0.03455098926054846), (2, 0.03455098926054846), (3, 0.03455098926054846), (4, 0.03455098926054846)]
5
orders
[(6, 0.432745254448745), (1, 0.23532900584337962), (5, 0.1362892302448562), (0, 0.08303170255377422), (3, 0.04071413781722244), (2, 0.040140028626488085), (4, 0.031750640465534524)]
6
orders
[(6, 0.43522173079833293), (1, 0.22736817971907053), (5, 0.1380623861182508), (0, 0.08521185935291427), (3, 0.04291534958258469), (2, 0.03968586077215687), (4, 0.03153463365668996)]
7
orders
[(6, 0.35328257491283127), (1, 0.24808909337742688), (3, 0.2269991471621368), (5, 0.07425170747995473), (0, 0.03245915902255015), (2, 0.03245915902255015), (4, 0.03245915902255015)]
8
orders
[(6, 0.2723004976861766), (1, 0.2364128341771112), (3, 0.20052517066804576), (4, 0.20052517066804576), (0, 0.030078775600206872), (2, 0.030078775600206872), (5, 0.030078775600206872)]
9
orders
[(6, 0.3309402087321899), (1, 0.26642208528150485), (3, 0.224374827953064), (5, 0.07327181093215825), (2, 0.04062253129985289), (0, 0.03218426790061513), (4, 0.03218426790061513)]
10
orders
[(1, 0.43410507158601713), (3, 0.2038162278360899), (6, 0.1896687942625573), (5, 0.08069260378909511), (0, 0.030572434175413492), (2, 0.030572434175413492), (4, 0.030572434175413492)]
-----one service finish-----
4
1
carts
[(5, 0.4574595218219463), (1, 0.1949305291490513), (2, 0.14310373305615703), (4, 0.0991455028644781), (3, 0.04689180557405156), (0, 0.029234453767157737), (6, 0.029234453767157737)]
2
carts
[(5, 0.4197606482685633), (2, 0.2535921074904804), (3, 0.1431437996027125), (0, 0.08762627161916783), (1, 0.03195905767302535), (4, 0.03195905767302535), (6, 0.03195905767302535)]
3
carts
[(2, 0.3579984547357211), (0, 0.21931971735962644), (4, 0.20404796302832198), (5, 0.12681228151358553), (1, 0.030607194454248306), (3, 0.030607194454248306), (6, 0.030607194454248306)]
4
carts
[(3, 0.3381037345640901), (2, 0.2507148559642551), (4, 0.2143322415946346), (1, 0.08834220996869588), (0, 0.04563041803909891), (5, 0.03143826993461274), (6, 0.03143826993461274)]
5
carts
[(2, 0.3554274375085961), (0, 0.21713619619408603), (4, 0.2024949450045138), (5, 0.12693009798464377), (3, 0.03726283980680626), (1, 0.03037424175067708), (6, 0.03037424175067708)]
6
carts
[(1, 0.42062997052266), (5, 0.25402103270583565), (2, 0.16315858024057955), (4, 0.06616752326755734), (0, 0.03200763108778918), (3, 0.03200763108778918), (6, 0.03200763108778918)]
7
carts
[(2, 0.33811423793203305), (0, 0.20826208933038326), (4, 0.20105038400153075), (5, 0.12193984464808257), (3, 0.07184054744525013), (1, 0.029396448321360177), (6, 0.029396448321360177)]
8
carts
[(1, 0.3870418138399692), (5, 0.2229271740156597), (2, 0.1615778097892161), (4, 0.10491561384632901), (0, 0.0643215225147396), (3, 0.029608032997043187), (6, 0.029608032997043187)]
9
carts
[(2, 0.275524499925663), (0, 0.20416060232424138), (3, 0.19763633933383914), (4, 0.19109847819272593), (5, 0.07425053676571271), (1, 0.028664771728908897), (6, 0.028664771728908897)]
10
carts
[(2, 0.2794132712655861), (0, 0.20433782399657882), (3, 0.19015702285998906), (4, 0.19015702285998906), (5, 0.07888775215986027), (1, 0.028523553428998365), (6, 0.028523553428998365)]
-----one service finish-----
5
1
payment
[(5, 0.39178179625422416), (2, 0.34209757530797436), (0, 0.08986294947569), (1, 0.07241328263132021), (3, 0.03461479877693041), (4, 0.03461479877693041), (6, 0.03461479877693041)]
2
payment
[(5, 0.49864326615001947), (0, 0.16582182955259292), (1, 0.13902787986408252), (2, 0.07754997360175477), (3, 0.05747342616456725), (4, 0.03074181233349153), (6, 0.03074181233349153)]
3
payment
[(5, 0.5149042181813179), (0, 0.16297932996206083), (1, 0.13292712273635907), (2, 0.07571581282839657), (3, 0.05075267997974946), (4, 0.03136041815605813), (6, 0.03136041815605813)]
4
payment
[(5, 0.448433368102048), (0, 0.19763369876964054), (3, 0.14220555299405305), (2, 0.09960780997275244), (1, 0.05436493488885133), (4, 0.02887731763632735), (6, 0.02887731763632735)]
5
payment
[(5, 0.4849506968822753), (0, 0.2130246899184954), (3, 0.1456047225592063), (1, 0.04906569463191312), (2, 0.04677797478361205), (4, 0.030288110612248904), (6, 0.030288110612248904)]
6
payment
[(5, 0.1708955173933549), (1, 0.16952124505062802), (0, 0.1589357198930162), (2, 0.1589357198930162), (4, 0.1589357198930162), (6, 0.1589357198930162), (3, 0.023840357983952433)]
7
payment
[(5, 0.4907878063551053), (0, 0.2147349730824297), (3, 0.14536266146059595), (1, 0.05009461019159779), (2, 0.03809325845654061), (4, 0.030463345226865297), (6, 0.030463345226865297)]
8
payment
[(5, 0.4918049263350703), (1, 0.15460180618903271), (0, 0.15204343913260804), (3, 0.09428541077490467), (2, 0.0462926882558587), (4, 0.03048586465626284), (6, 0.03048586465626284)]
9
payment
[(5, 0.4570927526502856), (2, 0.22338338899431529), (1, 0.1068136932971631), (0, 0.10096416854322925), (3, 0.047242669843171), (4, 0.032251663335917884), (6, 0.032251663335917884)]
10
payment
[(5, 0.34588016732427534), (2, 0.19209558222525402), (6, 0.19209558222525402), (0, 0.11873171131090607), (3, 0.07870924846515288), (1, 0.043673371115369584), (4, 0.02881433733378811)]
-----one service finish-----
6
1
shipping
[(6, 0.21135927932087537), (2, 0.19597221925332242), (0, 0.1757954010399974), (1, 0.1757954010399974), (4, 0.1757954010399974), (5, 0.03891298814981027), (3, 0.026369310155999613)]
2
shipping
[(6, 0.25141341098236425), (2, 0.22255383916674681), (1, 0.18658286042428057), (4, 0.18658286042428057), (5, 0.06582130711408743), (0, 0.059058292824598416), (3, 0.027987429063642093)]
3
shipping
[(6, 0.29637010099017974), (2, 0.2451584993262698), (4, 0.1931054457626051), (0, 0.09779551787485402), (5, 0.09434675315651096), (1, 0.04425786602518965), (3, 0.028965816864390773)]
4
shipping
[(4, 0.34406528618908244), (2, 0.2217182826103886), (1, 0.2003381108669737), (6, 0.10873073222521817), (0, 0.048013873568678055), (5, 0.04708299790961284), (3, 0.030050716630046066)]
5
shipping
[(5, 0.18148104255096673), (1, 0.1589357198930162), (2, 0.1589357198930162), (3, 0.1589357198930162), (4, 0.1589357198930162), (6, 0.1589357198930162), (0, 0.023840357983952436)]
6
shipping
[(2, 0.2013667313213764), (6, 0.19979073358717234), (1, 0.1733410848890412), (3, 0.1733410848890412), (4, 0.1733410848890412), (5, 0.05281811769097149), (0, 0.026001162733356186)]
7
shipping
[(2, 0.3261518836003567), (4, 0.31823888433429043), (6, 0.14468258729457384), (5, 0.06772825876632199), (0, 0.06132271132694906), (3, 0.051047225628964764), (1, 0.030828449048543264)]
8
shipping
[(6, 0.2973768248213641), (2, 0.24614069100177374), (4, 0.1936726152639527), (0, 0.09829375731626692), (5, 0.09133235541317805), (1, 0.04413286389387147), (3, 0.029050892289592914)]
9
shipping
10
shipping
-----one service finish-----
2023-03-14 17:32:49
