2023-03-14 11:56:50
0
1
front-end
[(1, 0.43944473775149834), (0, 0.1648762496679935), (5, 0.1276624897111446), (4, 0.12299601792483339), (3, 0.07519211711598711), (2, 0.04119996951657671), (6, 0.028628418311966417)]
2
front-end
[(0, 0.3357445239687495), (6, 0.27939682305441355), (1, 0.13515415291687635), (4, 0.08882317515207176), (2, 0.08307243922580423), (5, 0.048033646578628325), (3, 0.02977523910345636)]
3
front-end
[(0, 0.4747595046508668), (5, 0.1706330433089504), (4, 0.14189410274573105), (3, 0.09653520012380655), (2, 0.056446945373393835), (1, 0.02986560189862564), (6, 0.02986560189862564)]
4
front-end
[(1, 0.44440734605238813), (3, 0.16674291385552475), (5, 0.1308092646575212), (4, 0.11008633141810636), (0, 0.07687325062184286), (2, 0.042282706988528186), (6, 0.028798186406088513)]
5
front-end
[(1, 0.4414014192623495), (3, 0.165417158103877), (5, 0.12897313663248575), (4, 0.11847173246035893), (0, 0.07562053626866669), (2, 0.041420164841676904), (6, 0.028695852430585353)]
6
front-end
[(6, 0.43415467328238905), (4, 0.2162006252751851), (5, 0.10693761781359003), (0, 0.0961158772217604), (2, 0.06038675595085932), (1, 0.05778691013805509), (3, 0.028417540318160954)]
7
front-end
[(3, 0.3319006352428764), (6, 0.2594100830538112), (5, 0.17861750555340467), (1, 0.10984360393860944), (4, 0.06226948592026256), (0, 0.028979343145517904), (2, 0.028979343145517904)]
8
front-end
[(1, 0.4569221615548833), (0, 0.1595727127767762), (2, 0.136571643165261), (4, 0.12419533494905537), (5, 0.06413149612503544), (3, 0.029303325714494316), (6, 0.029303325714494316)]
9
front-end
[(1, 0.40898527462093004), (2, 0.20071377522591935), (0, 0.1573826271146349), (5, 0.11999129667122883), (3, 0.043385701314659776), (6, 0.041903300207486976), (4, 0.02763802484514025)]
10
front-end
[(1, 0.44002447765657465), (0, 0.16327735969614451), (5, 0.12740362874189132), (4, 0.12425917294567705), (3, 0.07521402062668694), (2, 0.04117375860085185), (6, 0.02864758173217358)]
-----one service finish-----
1
1
user
[(6, 0.3831728416724004), (1, 0.19225847873072424), (5, 0.17117047626165582), (3, 0.1123184530566947), (0, 0.07462424621263242), (2, 0.03803537148701647), (4, 0.028420132578875934)]
2
user
[(6, 0.41212159431538975), (5, 0.20622770733349197), (3, 0.1458115089186814), (0, 0.10740829695814348), (1, 0.07005419148252004), (2, 0.03068793641995047), (4, 0.027688764571822823)]
3
user
[(6, 0.38301177985077484), (1, 0.1926805312352442), (5, 0.1709186250560933), (3, 0.11245397056008279), (0, 0.07471885977049911), (2, 0.03778697406230741), (4, 0.028429259464998417)]
4
user
[(2, 0.46987548950577274), (5, 0.2145239124058125), (3, 0.13469249161586308), (0, 0.07935009482360446), (1, 0.03774195405623041), (6, 0.0340869737738887), (4, 0.029729083818828158)]
5
user
[(2, 0.49281879845158605), (5, 0.20531971269802685), (0, 0.11305082128987529), (1, 0.06222479051228304), (6, 0.058449537724365244), (3, 0.037618596196628364), (4, 0.030517743127235163)]
6
user
[(6, 0.2845822581280262), (4, 0.22554582764787975), (1, 0.18463668471924016), (5, 0.12803714324734464), (0, 0.09141439521658988), (2, 0.058088188333033405), (3, 0.027695502707886028)]
7
user
[(6, 0.4108706148827103), (5, 0.17091152162362622), (0, 0.1284557916322683), (4, 0.11334209928653248), (3, 0.09093909811400971), (1, 0.05783931163572924), (2, 0.02764156282512369)]
8
user
[(1, 0.4341770661171712), (6, 0.21111154988670466), (5, 0.15718351921576465), (0, 0.07787884942559091), (3, 0.056533117722971676), (2, 0.0346037999708915), (4, 0.028512097660905403)]
9
user
[(6, 0.3590480388731827), (4, 0.181987093698495), (5, 0.16272468675617052), (0, 0.12353532382192652), (3, 0.08863474727046376), (1, 0.05677204552498716), (2, 0.027298064054774255)]
10
user
[(2, 0.48053365473926174), (3, 0.14388142148524427), (0, 0.12486124474174619), (1, 0.12435462066239521), (5, 0.06417984416438896), (6, 0.032139580248796665), (4, 0.03004963395816698)]
-----one service finish-----
2
1
catalogue
[(6, 0.25264101442064035), (5, 0.23349661886187142), (3, 0.19106605923615372), (4, 0.19106605923615372), (2, 0.056789997948462866), (0, 0.04628034141129481), (1, 0.028659908885423066)]
2
catalogue
[(6, 0.2501157329610682), (5, 0.23548773025714984), (3, 0.19086131880755633), (4, 0.19086131880755633), (2, 0.05839743597837537), (0, 0.045647265367160406), (1, 0.02862919782113346)]
3
catalogue
[(2, 0.2764724871149013), (5, 0.2195146791668036), (3, 0.19498838326813311), (4, 0.19498838326813311), (0, 0.052367749186417435), (6, 0.03242006050539147), (1, 0.029248257490219972)]
4
catalogue
[(6, 0.20189808977222057), (5, 0.1956281645868084), (0, 0.19305642196139544), (3, 0.17800753203459813), (4, 0.17800753203459813), (1, 0.026701129805189728), (2, 0.026701129805189728)]
5
catalogue
[(3, 0.37625204602905454), (6, 0.23745474111628015), (5, 0.1509244229674022), (2, 0.09775892557210226), (0, 0.07814285977314313), (1, 0.02973350227100888), (4, 0.02973350227100888)]
6
catalogue
[(3, 0.3683933560818549), (6, 0.23439606259054435), (4, 0.14824472309159584), (5, 0.10232885774079234), (2, 0.06346342578341391), (1, 0.053829091064774), (0, 0.029344483647024685)]
7
catalogue
[(5, 0.2502923829160372), (6, 0.23081392137773865), (3, 0.1891672480192192), (4, 0.1891672480192192), (1, 0.06422975194331217), (2, 0.047954360521590675), (0, 0.028375087202882888)]
8
catalogue
[(5, 0.19943460079628722), (2, 0.19291257884876625), (0, 0.19160263205372727), (3, 0.18277542130438926), (4, 0.17757532744202212), (6, 0.029063140438504362), (1, 0.026636299116303323)]
9
catalogue
[(6, 0.2528469997611545), (5, 0.23342681176710667), (3, 0.19111837918313365), (4, 0.19111837918313365), (2, 0.05670489088007457), (0, 0.046116782347927036), (1, 0.028667756877470054)]
10
catalogue
[(5, 0.2612628235604315), (6, 0.22314915034763028), (3, 0.19040741858647245), (4, 0.19040741858647245), (2, 0.06254236139795588), (0, 0.0436697147330665), (1, 0.028561112787970872)]
-----one service finish-----
3
1
orders
[(2, 0.4087118364811412), (6, 0.2051394692030187), (5, 0.14377292534547148), (0, 0.1049649968457631), (3, 0.07050161540143425), (1, 0.03929694116371739), (4, 0.02761221555945379)]
2
orders
[(2, 0.4047007969960139), (6, 0.2028357643551561), (5, 0.1475951036415157), (0, 0.10932220736308482), (3, 0.07153878946733348), (1, 0.036539193685571826), (4, 0.027468144491324138)]
3
orders
[(6, 0.46352593904806516), (5, 0.1630197513959976), (0, 0.1550596968020104), (3, 0.10412579153223248), (1, 0.055395863158864495), (2, 0.029436479031414987), (4, 0.029436479031414987)]
4
orders
[(6, 0.4657730083686569), (5, 0.1600568704255774), (0, 0.15967381509238956), (3, 0.09982946668503768), (1, 0.05560418693630307), (2, 0.029531326246017623), (4, 0.029531326246017623)]
5
orders
[(2, 0.44750711428221995), (1, 0.22167930734767305), (5, 0.09910051652392782), (0, 0.09809700321340277), (3, 0.0693625504435964), (6, 0.035328730205156866), (4, 0.028924777984023167)]
6
orders
[(6, 0.44278156874944474), (5, 0.195272116976114), (0, 0.14519561539292114), (3, 0.10317241445231837), (1, 0.05622304613461025), (2, 0.02867761914729576), (4, 0.02867761914729576)]
7
orders
[(2, 0.41023637107059635), (6, 0.2058400309333299), (5, 0.1433416702267246), (0, 0.10441479761703465), (3, 0.06988387190051781), (1, 0.03862348799516854), (4, 0.027659770256628097)]
8
orders
[(2, 0.4044801367155479), (6, 0.20263629230982783), (5, 0.14802141877955535), (0, 0.10980612193049394), (3, 0.07134162875857034), (1, 0.036254749347760094), (4, 0.02745965215824463)]
9
orders
[(6, 0.4277424685175663), (5, 0.1951839792079316), (0, 0.14563153684412067), (3, 0.10542826664437363), (1, 0.06971834374799839), (2, 0.02814770251900469), (4, 0.02814770251900469)]
10
orders
[(2, 0.41243417559089396), (6, 0.20684176739562982), (5, 0.14271653298534573), (0, 0.10362580527686746), (3, 0.06899583692704951), (1, 0.037657404761045975), (4, 0.02772847706316756)]
-----one service finish-----
4
1
carts
[(5, 0.5121513194080644), (3, 0.18483940032270302), (1, 0.09214888287438781), (0, 0.08978232470011266), (4, 0.05673049584461178), (2, 0.03309652080835249), (6, 0.0312510560417677)]
2
carts
[(5, 0.48030976656569446), (3, 0.1877048929814176), (1, 0.09889074660395054), (0, 0.0988304788576537), (4, 0.07215212448486727), (2, 0.03202417896325017), (6, 0.03008781154316624)]
3
carts
[(5, 0.46667940215043024), (3, 0.17731488939086923), (0, 0.12074108503043571), (1, 0.10736535438024329), (4, 0.0687265254294168), (2, 0.0295863718093024), (6, 0.0295863718093024)]
4
carts
[(5, 0.5113140453746765), (3, 0.18442219641548044), (1, 0.09534413158650588), (0, 0.08827922435665139), (4, 0.05628978631101543), (2, 0.03313199277360253), (6, 0.031218623182067796)]
5
carts
[(5, 0.4658593455891886), (1, 0.1482761102388016), (2, 0.144010429216374), (4, 0.11419549255276593), (3, 0.06862262223279866), (0, 0.029518000085035634), (6, 0.029518000085035634)]
6
carts
[(1, 0.47966529932664803), (3, 0.20937722631188108), (0, 0.1315664733373397), (4, 0.06758202868882383), (2, 0.04891673388138695), (5, 0.03284639418001283), (6, 0.030045844273907614)]
7
carts
[(5, 0.4339512965946492), (1, 0.1990340566801682), (2, 0.14976096167246583), (4, 0.10018119873929349), (3, 0.06024248363148534), (0, 0.02841500134096895), (6, 0.02841500134096895)]
8
carts
[(2, 0.4901485656940047), (5, 0.25688470291977256), (3, 0.09345769411725667), (0, 0.05375522110776726), (1, 0.03525127205373294), (4, 0.03525127205373294), (6, 0.03525127205373294)]
9
carts
[(5, 0.47195808148265467), (3, 0.17931302645188893), (0, 0.12227169397872768), (1, 0.09745680717069356), (4, 0.069438676169646), (2, 0.029780857373194605), (6, 0.029780857373194605)]
10
carts
[(5, 0.5083235950344653), (3, 0.18082626055387832), (1, 0.09552149373092618), (0, 0.09122216174853331), (4, 0.05898125288404795), (2, 0.03401820154399559), (6, 0.031107034504153405)]
-----one service finish-----
5
1
payment
[(5, 0.31685194155815083), (2, 0.258335051564683), (6, 0.20334773626132405), (1, 0.08836338255979181), (0, 0.05897746515417081), (3, 0.04362226246268093), (4, 0.030502160439198612)]
2
payment
[(5, 0.4827442346480817), (0, 0.2123094523467038), (3, 0.14709814647166358), (1, 0.05183766294807721), (2, 0.045574924047165594), (4, 0.030217789769154155), (6, 0.030217789769154155)]
3
payment
[(5, 0.3857840781704895), (2, 0.3023503239750038), (1, 0.11675299271755997), (0, 0.08054362458968438), (3, 0.04943082944525162), (4, 0.03256907555100546), (6, 0.03256907555100546)]
4
payment
[(5, 0.48434012433769896), (0, 0.2179222656018902), (3, 0.14746422353739994), (1, 0.04755336216781937), (2, 0.04225389379744954), (4, 0.030233065278871003), (6, 0.030233065278871003)]
5
payment
[(2, 0.3363919464388978), (5, 0.3238013528320627), (0, 0.17235777709534295), (1, 0.061106139914135486), (3, 0.04347650257822498), (4, 0.03143314057066808), (6, 0.03143314057066808)]
6
payment
[(5, 0.39714521754138815), (2, 0.29379335345926033), (1, 0.12069416461362906), (0, 0.07572064374023665), (3, 0.047272170974187525), (4, 0.032687224835649085), (6, 0.032687224835649085)]
7
payment
[(5, 0.48479601424583163), (0, 0.21353178063527728), (3, 0.14540822368551917), (1, 0.05112867594072992), (2, 0.04457299201999396), (4, 0.030281156736323953), (6, 0.030281156736323953)]
8
payment
[(5, 0.5416516988142996), (2, 0.1681550986153204), (1, 0.1113064567402427), (0, 0.08163536432786565), (3, 0.032417127167423856), (4, 0.032417127167423856), (6, 0.032417127167423856)]
9
payment
[(5, 0.5193187190426729), (1, 0.18127139228603806), (0, 0.09572367271157241), (3, 0.0938507617212257), (2, 0.040394353711434655), (6, 0.03791822177906867), (4, 0.03152287874798759)]
10
payment
[(5, 0.5168306251386214), (1, 0.18134833381675192), (0, 0.10305097158079017), (3, 0.10156659010686775), (2, 0.03436078662370244), (4, 0.031421346366633116), (6, 0.031421346366633116)]
-----one service finish-----
6
1
shipping
[(4, 0.34413270275449603), (2, 0.3375929067396699), (6, 0.13492042137704002), (5, 0.06369846952806657), (0, 0.05505187490052969), (1, 0.03230181235009894), (3, 0.03230181235009894)]
2
shipping
[(2, 0.33037872879225577), (4, 0.3154830257514951), (6, 0.14839747909056394), (5, 0.06449066336105987), (0, 0.058931487632789215), (3, 0.05143523861189543), (1, 0.030883376759940823)]
3
shipping
[(4, 0.332907294459294), (2, 0.3221389515641286), (6, 0.15341518883844515), (0, 0.0591360811384048), (3, 0.05237387538775445), (5, 0.04879567158953419), (1, 0.03123293702243871)]
4
shipping
[(6, 0.25635862828742784), (4, 0.23339450491517738), (1, 0.19247245151683207), (2, 0.19247245151683207), (5, 0.0492265932533385), (0, 0.04720450278286724), (3, 0.028870867727524816)]
5
shipping
[(2, 0.5071654433876641), (6, 0.19478233176915064), (0, 0.10207275568294424), (3, 0.08363086475044505), (5, 0.05023158111848257), (1, 0.031058511645656723), (4, 0.031058511645656723)]
6
shipping
[(5, 0.2916253635203575), (2, 0.2782932204076599), (4, 0.22904238584910777), (6, 0.0849026841116996), (0, 0.05358668837534532), (1, 0.031274828867914925), (3, 0.031274828867914925)]
7
shipping
[(2, 0.3106943603962866), (5, 0.25210378369753844), (4, 0.19940355764823095), (6, 0.0938037183030578), (3, 0.08417351266041687), (0, 0.02991053364723465), (1, 0.02991053364723465)]
8
shipping
[(2, 0.5134546041860077), (6, 0.19627232909445821), (0, 0.09833630084065476), (3, 0.07881081756391871), (5, 0.05053616200885553), (1, 0.031294893153052436), (4, 0.031294893153052436)]
9
shipping
[(4, 0.34575627149271115), (2, 0.3333204396466991), (6, 0.13970360476791052), (5, 0.06224632486214977), (0, 0.05458810109847555), (1, 0.03219262906602692), (3, 0.03219262906602692)]
10
shipping
[(4, 0.3326742567990527), (2, 0.3225393543385151), (6, 0.1536556095704634), (0, 0.05869345683782385), (3, 0.051952888778119447), (5, 0.049245105389991266), (1, 0.031239328286034134)]
-----one service finish-----
2023-03-14 13:28:37
