2023-03-14 13:28:37
0
1
front-end
[(1, 0.4455662058147706), (0, 0.16765805482400686), (5, 0.13217515725889936), (4, 0.10314865553694438), (3, 0.07875927462675394), (2, 0.04385832677639786), (6, 0.028834325162226962)]
2
front-end
[(0, 0.3809190247376277), (6, 0.2785823245189867), (2, 0.11458716560163314), (1, 0.1117737610317614), (5, 0.05132070709693525), (3, 0.03140850850652797), (4, 0.03140850850652797)]
3
front-end
[(1, 0.4453291567154408), (0, 0.16841265790097426), (5, 0.13253078533437923), (4, 0.10071997622769359), (3, 0.07957830883322399), (2, 0.044604874591563086), (6, 0.028824240396725057)]
4
front-end
[(1, 0.451059264390482), (0, 0.1596147604529403), (2, 0.13567940341679643), (4, 0.12197050711130099), (5, 0.06617644564045928), (3, 0.036425329909944855), (6, 0.029074289078076118)]
5
front-end
[(1, 0.44548342247062295), (3, 0.16806837136000535), (5, 0.13234433137388382), (4, 0.10191873645676151), (0, 0.0791461789104072), (2, 0.044208369733096095), (6, 0.028830589695223115)]
6
front-end
[(3, 0.4727968426203709), (5, 0.17149310201431087), (4, 0.13710464062944475), (0, 0.10186331434451774), (2, 0.05714381286794586), (1, 0.0297991437617049), (6, 0.0297991437617049)]
7
front-end
[(1, 0.44498784360387805), (3, 0.16820494638679787), (5, 0.13293302949774854), (4, 0.10016568876035287), (0, 0.08152762132207507), (2, 0.04336741299246823), (6, 0.02881345743667933)]
8
front-end
[(1, 0.44481554726364386), (0, 0.16813730610416047), (5, 0.13294823218267493), (4, 0.10019802935093422), (3, 0.0817001373999379), (2, 0.043393508630642), (6, 0.028807239068006568)]
9
front-end
[(5, 0.36515980621933475), (6, 0.24498054467683666), (0, 0.1429099662248531), (2, 0.09651942831940889), (4, 0.06427362667234819), (3, 0.05657244271901443), (1, 0.02958418516820392)]
10
front-end
[(3, 0.4726115194225077), (5, 0.17155075932880712), (4, 0.13703675084100683), (0, 0.10193342749840385), (2, 0.05728263564051461), (1, 0.029792453634379944), (6, 0.029792453634379944)]
-----one service finish-----
1
1
user
[(6, 0.3756256607073037), (5, 0.1888477386600765), (1, 0.15269531993891064), (0, 0.11742283293546682), (3, 0.08423791978416603), (2, 0.05457071853702917), (4, 0.02659980943704704)]
2
user
[(6, 0.4216166325850089), (5, 0.17705072635671898), (1, 0.1320636794845055), (0, 0.09312872836287775), (4, 0.08927078298069782), (3, 0.058894362166184086), (2, 0.027975088064007045)]
3
user
[(2, 0.5218695146798931), (5, 0.19147936526220707), (6, 0.0818321015047802), (1, 0.08119628245376259), (0, 0.05210206769304332), (3, 0.03990112508325232), (4, 0.03161954332306147)]
4
user
[(6, 0.4133700027457052), (5, 0.20713368579872962), (3, 0.1459977269801544), (1, 0.10456271717796695), (0, 0.07022102085648634), (2, 0.030970020104277334), (4, 0.02774482633668031)]
5
user
[(6, 0.4147865163454462), (5, 0.20710560438468262), (1, 0.14689310154170507), (0, 0.10556636636896), (3, 0.06700867919667476), (2, 0.030851699524043003), (4, 0.02778803263848842)]
6
user
[(6, 0.4247873555522263), (5, 0.1789201857272128), (1, 0.13315177570040504), (0, 0.09378899857336238), (4, 0.08206538254547519), (3, 0.05921127575930251), (2, 0.0280750261420158)]
7
user
[(6, 0.41564697935952954), (5, 0.20751895210107302), (1, 0.14724491235788287), (3, 0.1044402616077174), (0, 0.06650435183783956), (2, 0.030822691013693306), (4, 0.0278218517222643)]
8
user
[(6, 0.5020316790936424), (5, 0.18794465138490313), (1, 0.11406619653021238), (3, 0.06813597801253421), (2, 0.054010969509253125), (0, 0.04295032915291445), (4, 0.03086019631654034)]
9
user
[(6, 0.4120444841113501), (5, 0.20636955140526334), (3, 0.14546749801173467), (1, 0.10706320101197923), (0, 0.07071584160055358), (2, 0.030652709522897396), (4, 0.027686714336221822)]
10
user
[(5, 0.4728767662615704), (1, 0.20015859541306066), (3, 0.1412785555792172), (0, 0.07572135107474914), (2, 0.047848315406157284), (4, 0.0322923416295651), (6, 0.029824074635680254)]
-----one service finish-----
2
1
catalogue
[(5, 0.5536287611103414), (3, 0.133372158890707), (2, 0.1179522487470952), (0, 0.07718140469562915), (6, 0.049452095426398765), (1, 0.03549180355557881), (4, 0.0329215275742497)]
2
catalogue
[(5, 0.357919239864008), (4, 0.19907219336256135), (3, 0.19762521565096422), (2, 0.12669428351300344), (0, 0.058212005773056893), (6, 0.030833279488761422), (1, 0.02964378234764464)]
3
catalogue
[(5, 0.25011782324073467), (6, 0.2308446988341735), (3, 0.18911395228169736), (4, 0.18911395228169736), (1, 0.0651870192779086), (2, 0.04725546124153389), (0, 0.02836709284225461)]
4
catalogue
[(6, 0.24688270460460185), (5, 0.23809675943712688), (3, 0.19062312747879948), (4, 0.19062312747879948), (2, 0.06008251442835999), (0, 0.045098297450492396), (1, 0.028593469121819926)]
5
catalogue
[(5, 0.3007621180836671), (6, 0.2551905359807354), (3, 0.22989675793455436), (2, 0.08269788518858474), (0, 0.06990409693751322), (1, 0.03077430293747261), (4, 0.03077430293747261)]
6
catalogue
[(6, 0.24400543706198752), (5, 0.24017569960195725), (3, 0.19031991748291868), (4, 0.19031991748291868), (2, 0.060722548926990305), (0, 0.04590849182078962), (1, 0.02854798762243781)]
7
catalogue
[(6, 0.31121488644884526), (5, 0.2650450755979813), (3, 0.20369650561795433), (2, 0.08770435764639475), (0, 0.06954232507160198), (4, 0.03224237377452916), (1, 0.030554475842693156)]
8
catalogue
[(5, 0.30284385353985), (6, 0.24655029181896093), (3, 0.22880191217089738), (2, 0.08822815918208556), (0, 0.07080844183081078), (4, 0.03227791324025548), (1, 0.030489428217139923)]
9
catalogue
[(6, 0.3401303336662215), (3, 0.18990270891989167), (4, 0.18990270891989167), (5, 0.1293291239404825), (2, 0.07911198179407386), (0, 0.043137736421455235), (1, 0.028485406337983757)]
10
catalogue
[(3, 0.40109836835312446), (6, 0.22089960078829812), (5, 0.16892837201601935), (2, 0.0817986455221565), (0, 0.06723966778382823), (1, 0.03001767276828675), (4, 0.03001767276828675)]
-----one service finish-----
3
1
orders
[(2, 0.406771784428405), (6, 0.20359283193518377), (5, 0.1486416548569974), (0, 0.10718777655948827), (3, 0.06855405247965743), (1, 0.0377054661239091), (4, 0.027546433616359053)]
2
orders
[(6, 0.4821832899391605), (1, 0.16554326308150552), (5, 0.1532440005697928), (0, 0.0976839837888064), (3, 0.041016008785800195), (2, 0.0301647269174673), (4, 0.0301647269174673)]
3
orders
[(6, 0.48052174685560556), (5, 0.1753870307161296), (0, 0.15603595734662626), (3, 0.08466907483027293), (1, 0.04319017216959539), (2, 0.030098009040885106), (4, 0.030098009040885106)]
4
orders
[(6, 0.48590645341325633), (5, 0.17748624885324396), (0, 0.146078847711006), (3, 0.07964986718346932), (1, 0.05032891045883666), (2, 0.030274836190093864), (4, 0.030274836190093864)]
5
orders
[(6, 0.515593277053143), (5, 0.15478614841632377), (0, 0.12392104776345651), (3, 0.08894310137519235), (1, 0.053995503493196546), (2, 0.03138046094934392), (4, 0.03138046094934392)]
6
orders
[(2, 0.4180443126554136), (6, 0.2084257883517625), (5, 0.1243128629657144), (0, 0.11401971025527514), (3, 0.07162950715421518), (1, 0.03565493355213736), (4, 0.027912885065481844)]
7
orders
[(6, 0.4814710510129043), (5, 0.1758315437788379), (0, 0.15389214147610505), (3, 0.08308847088830146), (1, 0.04546466126061625), (2, 0.0301260657916175), (4, 0.0301260657916175)]
8
orders
[(2, 0.417415883851653), (6, 0.20747469336630175), (5, 0.12467124788042024), (0, 0.11823620263180469), (3, 0.0723472575392127), (1, 0.031965171344764814), (4, 0.027889543385842663)]
9
orders
[(6, 0.4846585957518475), (5, 0.17197242376354874), (0, 0.1545246588149996), (3, 0.0832150843064273), (1, 0.045151316079873806), (2, 0.030238960641651505), (4, 0.030238960641651505)]
10
orders
[(6, 0.4802972479552264), (5, 0.1747037039527053), (0, 0.1567619935521303), (3, 0.08518261146707364), (1, 0.042871713329498386), (2, 0.030091364871682978), (4, 0.030091364871682978)]
-----one service finish-----
4
1
carts
[(5, 0.45058183614321917), (3, 0.20153042775073893), (4, 0.1361873156772331), (0, 0.09018527523790747), (2, 0.06354247930398461), (1, 0.028986332943458322), (6, 0.028986332943458322)]
2
carts
[(1, 0.49107384829310957), (3, 0.23910536252506354), (0, 0.12828231463113215), (2, 0.03960606724523636), (4, 0.03897259775392887), (5, 0.03256727728326907), (6, 0.030392532268260716)]
3
carts
[(1, 0.48881644451620093), (3, 0.2384306074396571), (0, 0.13271678259649125), (4, 0.03886378877658664), (2, 0.038425428610349366), (5, 0.03244053261974296), (6, 0.03030641544097175)]
4
carts
[(5, 0.5212574904354359), (3, 0.19053342260779146), (0, 0.09444631349696521), (1, 0.09249744212440333), (4, 0.03615874363757649), (2, 0.03352720911655202), (6, 0.031579378581275595)]
5
carts
[(5, 0.5462997668960612), (3, 0.20931789363118358), (0, 0.07501001971627873), (1, 0.0645841427709143), (4, 0.037639885493722325), (2, 0.03454484395594665), (6, 0.03260344753589315)]
6
carts
[(1, 0.5067062133776558), (2, 0.2436283749469743), (3, 0.07391866137469182), (5, 0.06294176101552623), (4, 0.04195551980081205), (0, 0.03985366671992024), (6, 0.030995802764419687)]
7
carts
[(5, 0.4224332596595333), (3, 0.20431630233200704), (0, 0.15024976928114325), (4, 0.10133153635563968), (2, 0.06249348008438119), (1, 0.031123143131531243), (6, 0.02805250915576439)]
8
carts
[(5, 0.5056910457968575), (3, 0.17499509164254845), (0, 0.10992703473564198), (1, 0.09351235470390654), (4, 0.053836780476788276), (2, 0.031018846322128667), (6, 0.031018846322128667)]
9
carts
[(5, 0.44871432256787686), (2, 0.14310660475504242), (1, 0.1373686499971276), (4, 0.12552278373723427), (3, 0.08101712097162796), (0, 0.035360493972556334), (6, 0.02891002399853447)]
10
carts
[(2, 0.36918071110676565), (4, 0.20646080143851026), (1, 0.20349596673544582), (3, 0.07248739455812517), (5, 0.07245619849230818), (0, 0.045394532658527983), (6, 0.03052439501031688)]
-----one service finish-----
5
1
payment
[(5, 0.43477442657989374), (2, 0.20672981721014663), (1, 0.1417966116893258), (0, 0.09303502919216837), (3, 0.06222295613135879), (4, 0.03072057959855338), (6, 0.03072057959855338)]
2
payment
[(5, 0.30289502355401615), (4, 0.2526646906061889), (2, 0.1988355475866476), (1, 0.08972073409466497), (3, 0.08046143621636326), (0, 0.04578545128789977), (6, 0.0296371166542193)]
3
payment
[(5, 0.3772190180759627), (2, 0.29547541131349403), (1, 0.11887994662732602), (3, 0.09137671056853915), (0, 0.053182615860550106), (4, 0.03193314877706394), (6, 0.03193314877706394)]
4
payment
[(5, 0.5183503686344255), (1, 0.1785834475688771), (0, 0.14195858414589763), (3, 0.06494681444562057), (2, 0.03328172873266978), (4, 0.03143952823625476), (6, 0.03143952823625476)]
5
payment
[(5, 0.5478202042082696), (3, 0.2453905181228802), (0, 0.06471683917311408), (1, 0.04099041029913543), (2, 0.03568433672301335), (4, 0.03269884573679364), (6, 0.03269884573679364)]
6
payment
[(5, 0.5022552702001825), (1, 0.18566262943063475), (0, 0.11517906297369192), (3, 0.10153968451171216), (2, 0.03365515808388923), (4, 0.030854097399944796), (6, 0.030854097399944796)]
7
payment
[(5, 0.517560328174178), (1, 0.17837829929210444), (0, 0.14325709927098604), (3, 0.0646109154420456), (2, 0.03337441382774905), (4, 0.031409471996468465), (6, 0.031409471996468465)]
8
payment
[(5, 0.5023982137038318), (1, 0.18033403565540956), (0, 0.12060448843996806), (3, 0.1011049416278905), (2, 0.033825695738531655), (4, 0.030866312417184287), (6, 0.030866312417184287)]
9
payment
[(5, 0.3806576897134095), (2, 0.29508520546457484), (1, 0.11918168730050048), (0, 0.08559143076659866), (3, 0.055370119530977965), (4, 0.032056933611969284), (6, 0.032056933611969284)]
10
payment
[(5, 0.4871885776842562), (0, 0.22390373764465119), (3, 0.14507226409721144), (1, 0.04348021535860994), (2, 0.039761879104666296), (4, 0.030296663055302472), (6, 0.030296663055302472)]
-----one service finish-----
6
1
shipping
[(2, 0.32759730018517363), (4, 0.3270207227863315), (6, 0.1541595272112836), (0, 0.05891013002783969), (3, 0.05270074286788588), (5, 0.048395113628901004), (1, 0.031216463292584706)]
2
shipping
[(2, 0.33191250161834984), (4, 0.3318203530198713), (6, 0.14944866267128815), (0, 0.07355670578784393), (5, 0.05012613258160932), (1, 0.03156782216051873), (3, 0.03156782216051873)]
3
shipping
[(2, 0.37430790440744427), (6, 0.3579195517998161), (3, 0.08486231532549723), (4, 0.061411389475895965), (5, 0.05242606323803235), (0, 0.03453638787665706), (1, 0.03453638787665706)]
4
shipping
[(4, 0.3468144765843199), (2, 0.33703419968492393), (6, 0.13638310149366417), (5, 0.0611600142462983), (0, 0.05382896523512005), (1, 0.03238962137783682), (3, 0.03238962137783682)]
5
shipping
[(6, 0.32147733411268026), (2, 0.24712913142439827), (4, 0.22786702032634737), (3, 0.07150277308257874), (5, 0.06966650880007101), (0, 0.031178616126962176), (1, 0.031178616126962176)]
6
shipping
[(2, 0.3351975207134718), (4, 0.317560820417156), (6, 0.14496626845935606), (0, 0.07188111175935366), (5, 0.06810840893988641), (1, 0.03114293485538799), (3, 0.03114293485538799)]
7
shipping
[(4, 0.3338873746945495), (2, 0.3295979746724329), (6, 0.15031226061104389), (0, 0.07316788203752059), (5, 0.049918492655921555), (1, 0.03155800766426579), (3, 0.03155800766426579)]
8
shipping
[(2, 0.332186878770416), (4, 0.33155174540667126), (6, 0.1493895677025205), (0, 0.07365732629927818), (5, 0.05007837647080326), (1, 0.03156805267515539), (3, 0.03156805267515539)]
9
shipping
[(2, 0.3474215640520266), (4, 0.32022143141931425), (6, 0.14819908056202397), (5, 0.07164388945312797), (3, 0.04906457739395995), (0, 0.0317247285597736), (1, 0.0317247285597736)]
10
shipping
[(2, 0.3351757992815072), (4, 0.3175287940502078), (6, 0.1448981760421547), (0, 0.07191627726976262), (5, 0.06819917766369002), (1, 0.031140887846338818), (3, 0.031140887846338818)]
-----one service finish-----
2023-03-14 15:46:27
