front-end
1 (19, 0.11888383303954567)
2 (18, 0.10026541979778793)
3 (23, 0.09674043945160882)
4 (24, 0.09555368920213092)
5 (31, 0.056654083558925136)
6 (32, 0.05465516126208318)
7 (8, 0.03884193971727872)
8 (30, 0.03877639678983975)
9 (3, 0.03771312595192374)
10 (15, 0.03537030528395241)
11 (26, 0.032550217075055635)
12 (27, 0.030496319306854335)
13 (4, 0.02829792710115738)
14 (28, 0.026654285534382663)
15 (25, 0.026564260269835317)
16 (20, 0.025253458333719392)
17 (10, 0.019931788984532642)
18 (0, 0.01969048089384603)
19 (11, 0.018973529672529008)
20 (21, 0.013865776762191107)
21 (5, 0.013057718432922541)
22 (12, 0.009600797911017993)
23 (6, 0.006562639024863711)
24 (22, 0.006423194605321149)
25 (14, 0.006325677454907913)
26 (2, 0.006225132925216654)
27 (29, 0.005674030242191693)
28 (9, 0.00553511110068883)
29 (1, 0.00497265206273797)
30 (7, 0.00497265206273797)
31 (13, 0.00497265206273797)
32 (16, 0.00497265206273797)
33 (17, 0.00497265206273797)
front-end
1 (27, 0.07173392595933119)
2 (11, 0.06117231236462796)
3 (31, 0.05957478511535249)
4 (1, 0.05017051001105563)
5 (5, 0.04438045202185413)
6 (24, 0.04186652946652308)
7 (8, 0.037124627736902976)
8 (9, 0.03710619306528732)
9 (15, 0.037011905501269954)
10 (3, 0.03631696342118979)
11 (4, 0.03631696342118979)
12 (6, 0.03631696342118979)
13 (12, 0.03631696342118979)
14 (13, 0.03631696342118979)
15 (18, 0.03631696342118979)
16 (19, 0.03631696342118979)
17 (21, 0.03631696342118979)
18 (26, 0.03631696342118979)
19 (30, 0.03631696342118979)
20 (0, 0.03553658467179778)
21 (14, 0.02706391983174493)
22 (22, 0.02417576373918912)
23 (28, 0.022913097856325268)
24 (25, 0.018729869766215712)
25 (20, 0.016299440730680365)
26 (32, 0.008611113167876513)
27 (10, 0.007762724314242172)
28 (2, 0.006946258291193378)
29 (29, 0.006860174123918281)
30 (7, 0.00544754451317847)
31 (16, 0.00544754451317847)
32 (17, 0.00544754451317847)
33 (23, 0.00544754451317847)
front-end
1 (30, 0.13249380420694434)
2 (26, 0.09624349153876217)
3 (31, 0.08005669448934846)
4 (32, 0.07495258003641082)
5 (25, 0.04850378176230436)
6 (13, 0.04159597204925378)
7 (24, 0.04092288856229303)
8 (10, 0.038618852190587256)
9 (22, 0.037696899209309374)
10 (6, 0.03698611235299216)
11 (11, 0.036569984372560004)
12 (15, 0.03630960590436325)
13 (9, 0.03618601917529382)
14 (8, 0.036170712654902036)
15 (21, 0.03558555454714069)
16 (20, 0.03157026061352538)
17 (0, 0.023386252345998136)
18 (4, 0.02203281931476624)
19 (3, 0.015938096419469416)
20 (27, 0.012927008918297919)
21 (19, 0.010675167197223438)
22 (5, 0.008921750434349191)
23 (14, 0.007279398816082633)
24 (28, 0.007098039922283666)
25 (2, 0.006979850109492007)
26 (29, 0.006185348692224959)
27 (7, 0.006086055071394911)
28 (1, 0.005337833182071104)
29 (12, 0.005337833182071104)
30 (16, 0.005337833182071104)
31 (17, 0.005337833182071104)
32 (18, 0.005337833182071104)
33 (23, 0.005337833182071104)
front-end
1 (25, 0.1080390385317326)
2 (20, 0.08343234812462653)
3 (15, 0.08320513032723056)
4 (19, 0.08128461692564581)
5 (8, 0.05299759592965642)
6 (13, 0.05093174922895283)
7 (14, 0.04579203556700361)
8 (6, 0.04555114066797442)
9 (22, 0.04543853362228211)
10 (21, 0.04311192891529014)
11 (30, 0.04311192891529014)
12 (26, 0.032097044534008703)
13 (18, 0.03157068317967763)
14 (10, 0.02746124617754878)
15 (5, 0.02268533301335912)
16 (27, 0.021192981760777427)
17 (24, 0.020754184297769852)
18 (23, 0.01848923079700687)
19 (31, 0.018168137191295262)
20 (11, 0.015613906405084603)
21 (3, 0.015066060365367836)
22 (32, 0.011434361466290668)
23 (0, 0.010288962394568639)
24 (28, 0.009638677894503744)
25 (2, 0.0081982081104506)
26 (29, 0.00783797759031674)
27 (9, 0.007419122679237624)
28 (4, 0.006853888700583065)
29 (1, 0.006466789337293521)
30 (7, 0.006466789337293521)
31 (12, 0.006466789337293521)
32 (16, 0.006466789337293521)
33 (17, 0.006466789337293521)
front-end
1 (20, 0.0813596829466454)
2 (19, 0.07799932093715073)
3 (25, 0.07219776574510729)
4 (31, 0.06016575724176863)
5 (27, 0.05947886224130671)
6 (8, 0.05426070480513845)
7 (3, 0.05376491125177887)
8 (13, 0.051281947523933356)
9 (18, 0.04732398283145125)
10 (6, 0.04574890889723154)
11 (14, 0.04556613477392943)
12 (10, 0.04552826186326459)
13 (15, 0.04457622675124362)
14 (26, 0.04336840675210202)
15 (30, 0.04336840675210202)
16 (5, 0.02145022644044229)
17 (11, 0.01721512037513472)
18 (23, 0.016341176692488663)
19 (28, 0.010858654596975046)
20 (32, 0.010365671671663365)
21 (0, 0.00988918080145206)
22 (22, 0.008804103165209005)
23 (4, 0.008229064252922033)
24 (9, 0.00786484439510655)
25 (21, 0.00786067394316248)
26 (24, 0.007745926751883833)
27 (2, 0.007448160485690383)
28 (29, 0.0074116100496391816)
29 (1, 0.0065052610128153035)
30 (7, 0.0065052610128153035)
31 (12, 0.0065052610128153035)
32 (16, 0.0065052610128153035)
33 (17, 0.0065052610128153035)
front-end
1 (18, 0.07821816936249536)
2 (30, 0.0764755819325938)
3 (24, 0.07638680674013452)
4 (26, 0.07592923861816497)
5 (19, 0.07558177061274399)
6 (4, 0.07506322281259147)
7 (23, 0.07465698194486556)
8 (3, 0.06939179629706305)
9 (28, 0.06598369065195771)
10 (27, 0.057771686154520586)
11 (21, 0.053064799517177935)
12 (31, 0.029395366795777412)
13 (32, 0.025360085272254196)
14 (25, 0.02155608972602118)
15 (10, 0.016258560958291958)
16 (0, 0.013870351786167676)
17 (20, 0.012332403067731647)
18 (15, 0.011730996452041257)
19 (8, 0.009472635185121736)
20 (11, 0.009457597416616873)
21 (12, 0.00884684269677926)
22 (6, 0.007020238736160717)
23 (5, 0.006440273473580768)
24 (22, 0.005516889897283108)
25 (14, 0.005468591897764178)
26 (2, 0.005437127803995335)
27 (29, 0.005027000975041034)
28 (9, 0.004997200339265266)
29 (13, 0.004747394268324863)
30 (1, 0.004635152151868129)
31 (7, 0.004635152151868129)
32 (16, 0.004635152151868129)
33 (17, 0.004635152151868129)
front-end
1 (25, 0.14179950916969725)
2 (20, 0.10704732041650245)
3 (31, 0.0894196005448466)
4 (27, 0.06192420168610144)
5 (13, 0.05373446984428341)
6 (9, 0.051231793173113785)
7 (14, 0.04792885151132731)
8 (15, 0.04654210637625301)
9 (26, 0.04515449777567842)
10 (30, 0.04515449777567842)
11 (5, 0.03930258158680922)
12 (10, 0.033506579533081324)
13 (32, 0.031632949737453335)
14 (0, 0.022128437891245335)
15 (11, 0.01854629719262154)
16 (19, 0.016014307526278915)
17 (3, 0.015353146734956757)
18 (18, 0.014253819751446099)
19 (24, 0.011548342847898487)
20 (28, 0.010488398112983986)
21 (22, 0.009294453922125197)
22 (6, 0.008612636867368044)
23 (8, 0.008356832731118206)
24 (2, 0.008169473240619776)
25 (29, 0.008136010742695238)
26 (23, 0.007306660643354163)
27 (1, 0.0067731746663517636)
28 (4, 0.0067731746663517636)
29 (7, 0.0067731746663517636)
30 (12, 0.0067731746663517636)
31 (16, 0.0067731746663517636)
32 (17, 0.0067731746663517636)
33 (21, 0.0067731746663517636)
front-end
1 (25, 0.0812158348077323)
2 (22, 0.03978314617761707)
3 (10, 0.0380008654990375)
4 (3, 0.03515213691926019)
5 (4, 0.03515213691926019)
6 (6, 0.03515213691926019)
7 (8, 0.03515213691926019)
8 (9, 0.03515213691926019)
9 (11, 0.03515213691926019)
10 (12, 0.03515213691926019)
11 (13, 0.03515213691926019)
12 (15, 0.03515213691926019)
13 (16, 0.03515213691926019)
14 (18, 0.03515213691926019)
15 (19, 0.03515213691926019)
16 (21, 0.03515213691926019)
17 (23, 0.03515213691926019)
18 (24, 0.03515213691926019)
19 (26, 0.03515213691926019)
20 (27, 0.03515213691926019)
21 (28, 0.03515213691926019)
22 (30, 0.03515213691926019)
23 (31, 0.03515213691926019)
24 (32, 0.03515213691926019)
25 (14, 0.031768497149792435)
26 (20, 0.019932992988502065)
27 (5, 0.013181818349500616)
28 (0, 0.008020035949082873)
29 (2, 0.007139874581371439)
30 (29, 0.006943597579232711)
31 (1, 0.0052728205378890294)
32 (7, 0.0052728205378890294)
33 (17, 0.0052728205378890294)
front-end
1 (20, 0.03590157057401555)
2 (25, 0.03590157057401555)
3 (0, 0.03167907368095457)
4 (1, 0.03167907368095457)
5 (2, 0.03167907368095457)
6 (3, 0.03167907368095457)
7 (4, 0.03167907368095457)
8 (6, 0.03167907368095457)
9 (7, 0.03167907368095457)
10 (8, 0.03167907368095457)
11 (9, 0.03167907368095457)
12 (11, 0.03167907368095457)
13 (12, 0.03167907368095457)
14 (13, 0.03167907368095457)
15 (14, 0.03167907368095457)
16 (15, 0.03167907368095457)
17 (16, 0.03167907368095457)
18 (17, 0.03167907368095457)
19 (18, 0.03167907368095457)
20 (19, 0.03167907368095457)
21 (21, 0.03167907368095457)
22 (22, 0.03167907368095457)
23 (23, 0.03167907368095457)
24 (24, 0.03167907368095457)
25 (26, 0.03167907368095457)
26 (27, 0.03167907368095457)
27 (28, 0.03167907368095457)
28 (29, 0.03167907368095457)
29 (30, 0.03167907368095457)
30 (31, 0.03167907368095457)
31 (32, 0.03167907368095457)
32 (5, 0.004751861052143187)
33 (10, 0.004751861052143187)
front-end
1 (25, 0.08180461778912052)
2 (32, 0.04229956484227937)
3 (14, 0.04045817445582192)
4 (22, 0.03978426476813638)
5 (1, 0.036648429380891794)
6 (3, 0.036648429380891794)
7 (4, 0.036648429380891794)
8 (6, 0.036648429380891794)
9 (8, 0.036648429380891794)
10 (9, 0.036648429380891794)
11 (11, 0.036648429380891794)
12 (12, 0.036648429380891794)
13 (13, 0.036648429380891794)
14 (15, 0.036648429380891794)
15 (18, 0.036648429380891794)
16 (19, 0.036648429380891794)
17 (21, 0.036648429380891794)
18 (23, 0.036648429380891794)
19 (24, 0.036648429380891794)
20 (26, 0.036648429380891794)
21 (27, 0.036648429380891794)
22 (28, 0.036648429380891794)
23 (30, 0.036648429380891794)
24 (20, 0.03042808454035047)
25 (0, 0.01498119306074464)
26 (5, 0.009225654386665767)
27 (2, 0.007767003807749975)
28 (10, 0.007609357889497598)
29 (29, 0.007332868594154284)
30 (7, 0.005497264407133769)
31 (16, 0.005497264407133769)
32 (17, 0.005497264407133769)
33 (31, 0.005497264407133769)
user
1 (30, 0.14822234114904123)
2 (5, 0.11066069652061629)
3 (0, 0.10248426657350987)
4 (15, 0.09243366786605538)
5 (6, 0.080375948038969)
6 (1, 0.06216191565078788)
7 (32, 0.04399830887750864)
8 (24, 0.043848504847305826)
9 (3, 0.04230951315264835)
10 (29, 0.037396568476342866)
11 (28, 0.03582022111515835)
12 (12, 0.024095178538533213)
13 (16, 0.017298126546656092)
14 (27, 0.01241052808109487)
15 (20, 0.012316383363496136)
16 (22, 0.011148209993376856)
17 (13, 0.010996991896108114)
18 (9, 0.010153539388064192)
19 (26, 0.01008460200819292)
20 (31, 0.008438549309392493)
21 (33, 0.007262004105838654)
22 (25, 0.006817753878420346)
23 (19, 0.006604598953227509)
24 (10, 0.006477805006916147)
25 (7, 0.006170636774365526)
26 (23, 0.006000219354546642)
27 (11, 0.005772959543264792)
28 (4, 0.005626483572929652)
29 (21, 0.0055758841386899785)
30 (8, 0.0055454606098471635)
31 (2, 0.005373033167273753)
32 (14, 0.005373033167273753)
33 (17, 0.005373033167273753)
34 (18, 0.005373033167273753)
user
1 (28, 0.11237363621414011)
2 (15, 0.07364232024668832)
3 (29, 0.07043114971404411)
4 (19, 0.061026420051126476)
5 (20, 0.05552274795553873)
6 (32, 0.050385851652427774)
7 (33, 0.04517832767948743)
8 (25, 0.04256848610319854)
9 (6, 0.042526546496328595)
10 (10, 0.04232726633484926)
11 (4, 0.041324777255829816)
12 (23, 0.03712549366713276)
13 (12, 0.036985762812528244)
14 (16, 0.036754541780018295)
15 (27, 0.036490919976364694)
16 (5, 0.03534543700513571)
17 (22, 0.029144906332830352)
18 (0, 0.027869028710190806)
19 (26, 0.021010176968170445)
20 (1, 0.012574260801013485)
21 (14, 0.010834919422402037)
22 (30, 0.008563887214249643)
23 (7, 0.007484734641532998)
24 (31, 0.006400804815717412)
25 (9, 0.006389112781539907)
26 (24, 0.005915893848622522)
27 (11, 0.005898370564555776)
28 (8, 0.005620840071882711)
29 (2, 0.005380563147075491)
30 (3, 0.005380563147075491)
31 (13, 0.005380563147075491)
32 (17, 0.005380563147075491)
33 (18, 0.005380563147075491)
34 (21, 0.005380563147075491)
user
1 (1, 0.13152383518963082)
2 (31, 0.11455499037117642)
3 (3, 0.07595238993945953)
4 (6, 0.06774595972238752)
5 (27, 0.06260918731769669)
6 (4, 0.06163621822491939)
7 (16, 0.05311499009045364)
8 (19, 0.04953373572521727)
9 (5, 0.04908440353140292)
10 (28, 0.04793823100637066)
11 (24, 0.04788291686386275)
12 (20, 0.037730887193666116)
13 (0, 0.020591740285249384)
14 (32, 0.017067562426311442)
15 (26, 0.015248032707617602)
16 (9, 0.012796241247808305)
17 (15, 0.01207218091660499)
18 (12, 0.011393694216951876)
19 (33, 0.009778960854395865)
20 (13, 0.009646591769596681)
21 (30, 0.008284092921479259)
22 (29, 0.007927308301132372)
23 (25, 0.007399377573825832)
24 (22, 0.007285743188519345)
25 (7, 0.007056060829208879)
26 (23, 0.006556437433202602)
27 (11, 0.006217015991831901)
28 (8, 0.006208770180664668)
29 (10, 0.006048236999254441)
30 (21, 0.006002700530037072)
31 (2, 0.00577787661251594)
32 (14, 0.00577787661251594)
33 (17, 0.00577787661251594)
34 (18, 0.00577787661251594)
user
1 (30, 0.05563240016020731)
2 (23, 0.03959169343768272)
3 (6, 0.03877382781268637)
4 (15, 0.03490194627183105)
5 (21, 0.03449446895504139)
6 (1, 0.03381649313363062)
7 (3, 0.03381649313363062)
8 (4, 0.03381649313363062)
9 (9, 0.03381649313363062)
10 (10, 0.03381649313363062)
11 (12, 0.03381649313363062)
12 (13, 0.03381649313363062)
13 (14, 0.03381649313363062)
14 (16, 0.03381649313363062)
15 (17, 0.03381649313363062)
16 (18, 0.03381649313363062)
17 (19, 0.03381649313363062)
18 (20, 0.03381649313363062)
19 (22, 0.03381649313363062)
20 (24, 0.03381649313363062)
21 (25, 0.03381649313363062)
22 (27, 0.03381649313363062)
23 (28, 0.03381649313363062)
24 (29, 0.03381649313363062)
25 (31, 0.03381649313363062)
26 (32, 0.03381649313363062)
27 (33, 0.03381649313363062)
28 (26, 0.01581658296508983)
29 (5, 0.01002980864910035)
30 (11, 0.006506526928308965)
31 (0, 0.005072473970044593)
32 (2, 0.005072473970044593)
33 (7, 0.005072473970044593)
34 (8, 0.005072473970044593)
user
1 (30, 0.08766862997948797)
2 (26, 0.03996986322000188)
3 (23, 0.037014617543376954)
4 (1, 0.03441058265305244)
5 (3, 0.03441058265305244)
6 (4, 0.03441058265305244)
7 (9, 0.03441058265305244)
8 (10, 0.03441058265305244)
9 (12, 0.03441058265305244)
10 (13, 0.03441058265305244)
11 (14, 0.03441058265305244)
12 (16, 0.03441058265305244)
13 (18, 0.03441058265305244)
14 (19, 0.03441058265305244)
15 (20, 0.03441058265305244)
16 (22, 0.03441058265305244)
17 (24, 0.03441058265305244)
18 (25, 0.03441058265305244)
19 (27, 0.03441058265305244)
20 (28, 0.03441058265305244)
21 (29, 0.03441058265305244)
22 (31, 0.03441058265305244)
23 (32, 0.03441058265305244)
24 (33, 0.03441058265305244)
25 (5, 0.031228430257366182)
26 (6, 0.014407822240850271)
27 (0, 0.013662800812572748)
28 (15, 0.012553233409043645)
29 (11, 0.011826376951015936)
30 (7, 0.007453725503900764)
31 (21, 0.005645286801157452)
32 (8, 0.005623802771209291)
33 (2, 0.005161587397957867)
34 (17, 0.005161587397957867)
user
1 (30, 0.07715636925099878)
2 (23, 0.03697537857619854)
3 (5, 0.036057462928314805)
4 (1, 0.0337080524020889)
5 (3, 0.0337080524020889)
6 (4, 0.0337080524020889)
7 (9, 0.0337080524020889)
8 (10, 0.0337080524020889)
9 (12, 0.0337080524020889)
10 (13, 0.0337080524020889)
11 (14, 0.0337080524020889)
12 (16, 0.0337080524020889)
13 (18, 0.0337080524020889)
14 (19, 0.0337080524020889)
15 (20, 0.0337080524020889)
16 (21, 0.0337080524020889)
17 (22, 0.0337080524020889)
18 (24, 0.0337080524020889)
19 (25, 0.0337080524020889)
20 (27, 0.0337080524020889)
21 (28, 0.0337080524020889)
22 (29, 0.0337080524020889)
23 (31, 0.0337080524020889)
24 (32, 0.0337080524020889)
25 (33, 0.0337080524020889)
26 (15, 0.03186432334435883)
27 (0, 0.026238332777798624)
28 (6, 0.01251075627914362)
29 (26, 0.008611861044017307)
30 (7, 0.007650322250132412)
31 (11, 0.006189417122141554)
32 (2, 0.005056207860313335)
33 (8, 0.005056207860313335)
34 (17, 0.005056207860313335)
user
1 (6, 0.05828184939501871)
2 (7, 0.04892949259194987)
3 (23, 0.044368659030305214)
4 (30, 0.04425445421879329)
5 (4, 0.04298309617933479)
6 (25, 0.04298309617933479)
7 (27, 0.04298309617933479)
8 (26, 0.03834242608834975)
9 (1, 0.037036699766719694)
10 (9, 0.037036699766719694)
11 (10, 0.037036699766719694)
12 (12, 0.037036699766719694)
13 (13, 0.037036699766719694)
14 (14, 0.037036699766719694)
15 (16, 0.037036699766719694)
16 (19, 0.037036699766719694)
17 (20, 0.037036699766719694)
18 (21, 0.037036699766719694)
19 (28, 0.037036699766719694)
20 (29, 0.037036699766719694)
21 (31, 0.037036699766719694)
22 (32, 0.037036699766719694)
23 (33, 0.037036699766719694)
24 (15, 0.01984858414838446)
25 (5, 0.009018331692515313)
26 (11, 0.006743285409624944)
27 (0, 0.00626531245712802)
28 (8, 0.00611479013908279)
29 (2, 0.005555504965007956)
30 (3, 0.005555504965007956)
31 (17, 0.005555504965007956)
32 (18, 0.005555504965007956)
33 (22, 0.005555504965007956)
34 (24, 0.005555504965007956)
user
1 (28, 0.10676169865701807)
2 (24, 0.08996052569745579)
3 (29, 0.0871154565678887)
4 (25, 0.0797643845715314)
5 (27, 0.055403208925392744)
6 (3, 0.050713160084397434)
7 (6, 0.04893799390676734)
8 (31, 0.045486451398529214)
9 (4, 0.04435239048049668)
10 (1, 0.043995936860994074)
11 (16, 0.04280368834461993)
12 (9, 0.036647200975033045)
13 (10, 0.03354644819668145)
14 (20, 0.030278562001071745)
15 (0, 0.03011086123940419)
16 (5, 0.02507404286286146)
17 (19, 0.021533920249915416)
18 (15, 0.01847381062374131)
19 (26, 0.011844379120047236)
20 (32, 0.010953480120997844)
21 (7, 0.010859744809573357)
22 (13, 0.009533439477621794)
23 (12, 0.006936883523323033)
24 (30, 0.0064639238064206185)
25 (33, 0.006099545225472372)
26 (22, 0.005733731388601878)
27 (23, 0.005413519826886759)
28 (11, 0.005257300665509972)
29 (21, 0.0050821409260957155)
30 (18, 0.005073766016252877)
31 (8, 0.005064506308853361)
32 (2, 0.004907965713514374)
33 (14, 0.004907965713514374)
34 (17, 0.004907965713514374)
user
1 (30, 0.11179457549530698)
2 (4, 0.06007950457514871)
3 (16, 0.059246396782793816)
4 (5, 0.05921004477157214)
5 (27, 0.05498414806931646)
6 (0, 0.053617029806199853)
7 (1, 0.052843473462661744)
8 (29, 0.051722922648480274)
9 (25, 0.051544860210602804)
10 (20, 0.04912622218108275)
11 (31, 0.04633556118406732)
12 (33, 0.04476205250544801)
13 (12, 0.04333864941161183)
14 (32, 0.04232929045005)
15 (15, 0.03832145725393463)
16 (6, 0.02423156305758005)
17 (3, 0.023751304703383973)
18 (10, 0.013752304898932784)
19 (14, 0.013752304898932784)
20 (26, 0.011795817930810993)
21 (22, 0.00808405611424414)
22 (23, 0.007650683003261733)
23 (7, 0.007620870413579095)
24 (24, 0.006841201202729376)
25 (11, 0.006828719650655376)
26 (8, 0.006495337389871295)
27 (2, 0.006242455990967641)
28 (9, 0.006242455990967641)
29 (13, 0.006242455990967641)
30 (17, 0.006242455990967641)
31 (18, 0.006242455990967641)
32 (19, 0.006242455990967641)
33 (21, 0.006242455990967641)
34 (28, 0.006242455990967641)
user
1 (33, 0.11146866411474803)
2 (32, 0.08173692047037669)
3 (20, 0.07910971802332524)
4 (19, 0.07118661994451161)
5 (22, 0.055148992134992525)
6 (31, 0.052195822208171296)
7 (27, 0.04981690603872055)
8 (4, 0.0435680198824989)
9 (25, 0.03993758972808817)
10 (9, 0.03825744536421027)
11 (14, 0.03825744536421027)
12 (1, 0.03570906348854657)
13 (12, 0.03520375059214336)
14 (16, 0.034956003805740085)
15 (23, 0.03414893168922358)
16 (5, 0.031127669707291264)
17 (0, 0.02568352374433809)
18 (6, 0.025671152934377585)
19 (15, 0.020573574358126286)
20 (28, 0.012715168717466469)
21 (26, 0.011724360500931159)
22 (30, 0.007157990353097275)
23 (29, 0.006579894613345467)
24 (7, 0.0058085415944095714)
25 (24, 0.005746916299224864)
26 (3, 0.005635285788620226)
27 (11, 0.005410233314430588)
28 (21, 0.005205211727012181)
29 (8, 0.005181243190201512)
30 (2, 0.005015468061524053)
31 (10, 0.005015468061524053)
32 (13, 0.005015468061524053)
33 (17, 0.005015468061524053)
34 (18, 0.005015468061524053)
catalogue
1 (20, 0.07711169374480521)
2 (10, 0.062954590603695)
3 (16, 0.061353781973237716)
4 (3, 0.04575458927687452)
5 (25, 0.04575458927687452)
6 (28, 0.04575458927687452)
7 (31, 0.04575458927687452)
8 (32, 0.04575458927687452)
9 (1, 0.03912034758523977)
10 (6, 0.03912034758523977)
11 (8, 0.03912034758523977)
12 (9, 0.03912034758523977)
13 (13, 0.03912034758523977)
14 (14, 0.03912034758523977)
15 (18, 0.03912034758523977)
16 (22, 0.03912034758523977)
17 (27, 0.03912034758523977)
18 (30, 0.03912034758523977)
19 (19, 0.03359682681959199)
20 (0, 0.02452098203054666)
21 (11, 0.017576160767626657)
22 (5, 0.016497081130459813)
23 (21, 0.013989584310932744)
24 (7, 0.009693323988841738)
25 (12, 0.007330715853359692)
26 (23, 0.007207784097612635)
27 (15, 0.007114687478018083)
28 (2, 0.005868052137785967)
29 (4, 0.005868052137785967)
30 (17, 0.005868052137785967)
31 (24, 0.005868052137785967)
32 (26, 0.005868052137785967)
33 (29, 0.005868052137785967)
34 (33, 0.005868052137785967)
catalogue
1 (13, 0.1237430268404167)
2 (14, 0.0904876808610382)
3 (10, 0.08482953051843174)
4 (5, 0.0652582149011804)
5 (15, 0.060073888888869525)
6 (0, 0.047663803827199716)
7 (21, 0.03880817501959348)
8 (24, 0.03857380909078178)
9 (28, 0.03849575954749181)
10 (3, 0.0382403485811429)
11 (8, 0.0382403485811429)
12 (31, 0.03539981260756932)
13 (22, 0.03479558754106327)
14 (27, 0.03456343150331611)
15 (16, 0.03105629054994285)
16 (30, 0.031052389824072754)
17 (19, 0.02891574623396412)
18 (20, 0.024912730612756142)
19 (6, 0.023030353338168715)
20 (11, 0.011829450726138266)
21 (32, 0.011150120203876804)
22 (12, 0.006434755067821312)
23 (23, 0.005902898588336277)
24 (18, 0.005418536775473738)
25 (33, 0.005381441258036907)
26 (25, 0.0053649605709540004)
27 (29, 0.005282688562243873)
28 (1, 0.005013459911282334)
29 (2, 0.005013459911282334)
30 (4, 0.005013459911282334)
31 (7, 0.005013459911282334)
32 (9, 0.005013459911282334)
33 (17, 0.005013459911282334)
34 (26, 0.005013459911282334)
catalogue
catalogue
1 (10, 0.12161892866721423)
2 (21, 0.07226189886047316)
3 (30, 0.048634297650935576)
4 (16, 0.045731604481819614)
5 (3, 0.04510217919204202)
6 (8, 0.04510217919204202)
7 (13, 0.04510217919204202)
8 (19, 0.04510217919204202)
9 (24, 0.04510217919204202)
10 (28, 0.04510217919204202)
11 (31, 0.04510217919204202)
12 (32, 0.04510217919204202)
13 (1, 0.03862859242163814)
14 (6, 0.03862859242163814)
15 (18, 0.03862859242163814)
16 (22, 0.03862859242163814)
17 (27, 0.03862859242163814)
18 (5, 0.03271724097212538)
19 (0, 0.021759889633700506)
20 (11, 0.014317100000930998)
21 (12, 0.00998513202083521)
22 (23, 0.009482045708489878)
23 (2, 0.005794288863245721)
24 (4, 0.005794288863245721)
25 (7, 0.005794288863245721)
26 (9, 0.005794288863245721)
27 (14, 0.005794288863245721)
28 (15, 0.005794288863245721)
29 (17, 0.005794288863245721)
30 (20, 0.005794288863245721)
31 (25, 0.005794288863245721)
32 (26, 0.005794288863245721)
33 (29, 0.005794288863245721)
34 (33, 0.005794288863245721)
catalogue
1 (10, 0.12568532134907498)
2 (15, 0.047690689581376844)
3 (31, 0.04726359679334828)
4 (3, 0.045914605544632725)
5 (8, 0.045914605544632725)
6 (19, 0.045914605544632725)
7 (24, 0.045914605544632725)
8 (28, 0.045914605544632725)
9 (32, 0.045914605544632725)
10 (16, 0.04192163590892504)
11 (1, 0.0392377568674296)
12 (6, 0.0392377568674296)
13 (13, 0.0392377568674296)
14 (14, 0.0392377568674296)
15 (18, 0.0392377568674296)
16 (22, 0.0392377568674296)
17 (27, 0.0392377568674296)
18 (5, 0.03693706738402432)
19 (21, 0.026015428006794326)
20 (0, 0.02530857239687379)
21 (11, 0.017115892078301307)
22 (23, 0.009708370487909049)
23 (12, 0.00745919584230975)
24 (2, 0.005885663530114441)
25 (4, 0.005885663530114441)
26 (7, 0.005885663530114441)
27 (9, 0.005885663530114441)
28 (17, 0.005885663530114441)
29 (20, 0.005885663530114441)
30 (25, 0.005885663530114441)
31 (26, 0.005885663530114441)
32 (29, 0.005885663530114441)
33 (30, 0.005885663530114441)
34 (33, 0.005885663530114441)
catalogue
1 (21, 0.10490839656004591)
2 (31, 0.06483373845768056)
3 (16, 0.06044845725794182)
4 (6, 0.059848022041261106)
5 (10, 0.058216477211677636)
6 (13, 0.050263620266317206)
7 (20, 0.050263620266317206)
8 (24, 0.050263620266317206)
9 (28, 0.050263620266317206)
10 (32, 0.050263620266317206)
11 (22, 0.04527790384989776)
12 (18, 0.04338710254011765)
13 (30, 0.043117907737841556)
14 (1, 0.0424514661920713)
15 (27, 0.0424514661920713)
16 (5, 0.021485058002261928)
17 (0, 0.019518111085584433)
18 (11, 0.017656260844484198)
19 (9, 0.014179874003056606)
20 (3, 0.014179874003056602)
21 (12, 0.01013760966278394)
22 (23, 0.008896755068486653)
23 (15, 0.0076424987411752585)
24 (2, 0.006367719928810696)
25 (4, 0.006367719928810696)
26 (7, 0.006367719928810696)
27 (8, 0.006367719928810696)
28 (14, 0.006367719928810696)
29 (17, 0.006367719928810696)
30 (19, 0.006367719928810696)
31 (25, 0.006367719928810696)
32 (26, 0.006367719928810696)
33 (29, 0.006367719928810696)
34 (33, 0.006367719928810696)
catalogue
1 (10, 0.15515763917738465)
2 (21, 0.09089546809163691)
3 (30, 0.08712582075921885)
4 (5, 0.08440867257378387)
5 (15, 0.07918210190806968)
6 (0, 0.07394449109115146)
7 (16, 0.048368004873333134)
8 (3, 0.04014640745573085)
9 (8, 0.04014640745573085)
10 (31, 0.03704214250418223)
11 (22, 0.03637629435048795)
12 (6, 0.03560040191247429)
13 (19, 0.027826428883378412)
14 (20, 0.022567634087597207)
15 (11, 0.012177495983174087)
16 (32, 0.011889850408387598)
17 (24, 0.01130418767206472)
18 (28, 0.010802360561865098)
19 (13, 0.010512684038450156)
20 (12, 0.006811182768246145)
21 (27, 0.0065544249066992665)
22 (23, 0.006487093477150685)
23 (25, 0.006036533681413341)
24 (18, 0.005668908361800065)
25 (33, 0.005607385601788112)
26 (29, 0.0055241325904041684)
27 (1, 0.0052294806030495355)
28 (2, 0.0052294806030495355)
29 (4, 0.0052294806030495355)
30 (7, 0.0052294806030495355)
31 (9, 0.0052294806030495355)
32 (14, 0.0052294806030495355)
33 (17, 0.0052294806030495355)
34 (26, 0.0052294806030495355)
catalogue
1 (10, 0.12309105793006711)
2 (21, 0.0832850008704281)
3 (30, 0.07586147710625096)
4 (15, 0.07117737397927422)
5 (5, 0.06587397020683744)
6 (0, 0.058874621999412284)
7 (19, 0.050678669268540734)
8 (16, 0.040990229771468656)
9 (3, 0.040456293205259106)
10 (8, 0.040456293205259106)
11 (24, 0.040456293205259106)
12 (31, 0.037403975229720006)
13 (22, 0.03680200117596482)
14 (27, 0.035883540598278744)
15 (1, 0.03584365171871519)
16 (6, 0.02932220470464532)
17 (20, 0.015796136077032518)
18 (11, 0.01324803967959108)
19 (13, 0.010577672827762218)
20 (28, 0.010577672827762218)
21 (32, 0.010577672827762218)
22 (12, 0.007912109307820752)
23 (23, 0.006231766990933478)
24 (18, 0.005895298149195415)
25 (2, 0.005272697713675922)
26 (4, 0.005272697713675922)
27 (7, 0.005272697713675922)
28 (9, 0.005272697713675922)
29 (14, 0.005272697713675922)
30 (17, 0.005272697713675922)
31 (25, 0.005272697713675922)
32 (26, 0.005272697713675922)
33 (29, 0.005272697713675922)
34 (33, 0.005272697713675922)
catalogue
1 (11, 0.035660250085537276)
2 (20, 0.035660250085537276)
3 (23, 0.035660250085537276)
4 (0, 0.031389077319627)
5 (1, 0.031389077319627)
6 (2, 0.031389077319627)
7 (3, 0.031389077319627)
8 (4, 0.031389077319627)
9 (5, 0.031389077319627)
10 (6, 0.031389077319627)
11 (8, 0.031389077319627)
12 (9, 0.031389077319627)
13 (10, 0.031389077319627)
14 (13, 0.031389077319627)
15 (14, 0.031389077319627)
16 (15, 0.031389077319627)
17 (16, 0.031389077319627)
18 (17, 0.031389077319627)
19 (18, 0.031389077319627)
20 (21, 0.031389077319627)
21 (22, 0.031389077319627)
22 (24, 0.031389077319627)
23 (25, 0.031389077319627)
24 (26, 0.031389077319627)
25 (27, 0.031389077319627)
26 (28, 0.031389077319627)
27 (29, 0.031389077319627)
28 (30, 0.031389077319627)
29 (31, 0.031389077319627)
30 (32, 0.031389077319627)
31 (33, 0.031389077319627)
32 (7, 0.0047083615979440505)
33 (12, 0.0047083615979440505)
34 (19, 0.0047083615979440505)
catalogue
1 (8, 0.1110981535884565)
2 (10, 0.0662526566873905)
3 (9, 0.0655620806794035)
4 (19, 0.05450361401821436)
5 (16, 0.0508646343164561)
6 (28, 0.04609729216453582)
7 (3, 0.045194598378680825)
8 (6, 0.045194598378680825)
9 (13, 0.045194598378680825)
10 (24, 0.045194598378680825)
11 (32, 0.045194598378680825)
12 (20, 0.04418681020231366)
13 (31, 0.04268517714248637)
14 (22, 0.04119722972255621)
15 (18, 0.0395308616938882)
16 (27, 0.038687808486361754)
17 (0, 0.034341751671364586)
18 (21, 0.019650237427692358)
19 (5, 0.017967206725411477)
20 (11, 0.014085048942817835)
21 (12, 0.00809366736240395)
22 (23, 0.007889507844735664)
23 (15, 0.0066949971568645555)
24 (29, 0.00660655954369996)
25 (1, 0.005803171272954264)
26 (2, 0.005803171272954264)
27 (4, 0.005803171272954264)
28 (7, 0.005803171272954264)
29 (14, 0.005803171272954264)
30 (17, 0.005803171272954264)
31 (25, 0.005803171272954264)
32 (26, 0.005803171272954264)
33 (30, 0.005803171272954264)
34 (33, 0.005803171272954264)
orders
1 (10, 0.04584438121868556)
2 (7, 0.042605520973355925)
3 (30, 0.03801053442347435)
4 (2, 0.034693098774205566)
5 (0, 0.033225091059540975)
6 (1, 0.033225091059540975)
7 (3, 0.033225091059540975)
8 (4, 0.033225091059540975)
9 (6, 0.033225091059540975)
10 (8, 0.033225091059540975)
11 (9, 0.033225091059540975)
12 (11, 0.033225091059540975)
13 (12, 0.033225091059540975)
14 (13, 0.033225091059540975)
15 (17, 0.033225091059540975)
16 (18, 0.033225091059540975)
17 (19, 0.033225091059540975)
18 (21, 0.033225091059540975)
19 (22, 0.033225091059540975)
20 (23, 0.033225091059540975)
21 (24, 0.033225091059540975)
22 (26, 0.033225091059540975)
23 (27, 0.033225091059540975)
24 (28, 0.033225091059540975)
25 (29, 0.033225091059540975)
26 (31, 0.033225091059540975)
27 (32, 0.033225091059540975)
28 (33, 0.033225091059540975)
29 (5, 0.010734604965425837)
30 (15, 0.009769207022864526)
31 (14, 0.005989176216211434)
32 (16, 0.004983763658931147)
33 (20, 0.004983763658931147)
34 (25, 0.004983763658931147)
orders
1 (10, 0.1668004251987729)
2 (15, 0.09655437383629492)
3 (22, 0.07382324171979808)
4 (0, 0.06235098633931779)
5 (21, 0.0614551729663418)
6 (32, 0.05499246343622465)
7 (18, 0.049682658074704386)
8 (12, 0.04791373679033848)
9 (26, 0.045508187534586186)
10 (31, 0.04431906146802308)
11 (1, 0.04324892314790242)
12 (14, 0.023167106699231246)
13 (28, 0.022738139180077624)
14 (16, 0.018099173888118058)
15 (23, 0.01676776957953536)
16 (8, 0.01648288935004345)
17 (3, 0.015955569867719982)
18 (29, 0.013464284887012614)
19 (5, 0.010605325011466736)
20 (19, 0.010452052098571548)
21 (9, 0.009741689708421741)
22 (24, 0.009617405605801693)
23 (30, 0.008756872149990904)
24 (33, 0.008414606662476596)
25 (4, 0.007899692618913767)
26 (20, 0.00777820231950965)
27 (6, 0.007464483135024651)
28 (13, 0.007212327921172402)
29 (2, 0.007105843777480241)
30 (7, 0.006325467005425414)
31 (11, 0.006325467005425414)
32 (17, 0.006325467005425414)
33 (25, 0.006325467005425414)
34 (27, 0.006325467005425414)
orders
1 (11, 0.13459509442444037)
2 (18, 0.0949576946049297)
3 (19, 0.0909669157508316)
4 (23, 0.08481216643763208)
5 (24, 0.07910959906709158)
6 (32, 0.06009400289592625)
7 (28, 0.05854763727399608)
8 (22, 0.04833473633247467)
9 (26, 0.03825900819206283)
10 (6, 0.03609455526428573)
11 (21, 0.03586418919941923)
12 (5, 0.02438661840524244)
13 (1, 0.02353562249663862)
14 (29, 0.02137403598997641)
15 (10, 0.016667562542185058)
16 (14, 0.015849159492805524)
17 (3, 0.013518551329175364)
18 (12, 0.013444296736459836)
19 (8, 0.012118336276575617)
20 (33, 0.008988467444831536)
21 (15, 0.008745653672502351)
22 (0, 0.007950556974783958)
23 (4, 0.007130955931719628)
24 (31, 0.006901048080093774)
25 (20, 0.006726255239461804)
26 (13, 0.006611316150086973)
27 (30, 0.006207238034609577)
28 (9, 0.0059477599561218765)
29 (2, 0.0056846796554163815)
30 (7, 0.005315257229644645)
31 (16, 0.005315257229644645)
32 (17, 0.005315257229644645)
33 (25, 0.005315257229644645)
34 (27, 0.005315257229644645)
orders
1 (23, 0.09445648951539823)
2 (22, 0.07895113939437784)
3 (28, 0.07419547244020165)
4 (18, 0.07220311700840529)
5 (32, 0.06957410089085611)
6 (8, 0.05576038868630901)
7 (12, 0.05073679656983872)
8 (26, 0.05070837460806862)
9 (21, 0.049775655120323004)
10 (6, 0.04903670966033791)
11 (31, 0.046145300195867926)
12 (24, 0.04134716427104648)
13 (1, 0.028230143288761892)
14 (29, 0.02483361596074891)
15 (19, 0.023768428447244014)
16 (3, 0.01707459719450034)
17 (10, 0.01598544661408859)
18 (5, 0.015559117675042408)
19 (14, 0.01430878641847452)
20 (11, 0.014022179852049298)
21 (33, 0.011218231261309325)
22 (20, 0.0110902300879377)
23 (30, 0.009737356844501546)
24 (9, 0.008642736001775331)
25 (4, 0.008614305350862037)
26 (15, 0.008181742400140347)
27 (0, 0.007823671677120171)
28 (16, 0.007776319839573841)
29 (27, 0.007332275444924981)
30 (7, 0.007231671358364459)
31 (2, 0.006419608980387376)
32 (13, 0.006419608980387376)
33 (17, 0.006419608980387376)
34 (25, 0.006419608980387376)
orders
1 (14, 0.07901432213858627)
2 (1, 0.07792078111656683)
3 (32, 0.07535931144069191)
4 (10, 0.0627142271786902)
5 (22, 0.05803492039280079)
6 (3, 0.053306411245442636)
7 (9, 0.053306411245442636)
8 (12, 0.053306411245442636)
9 (18, 0.053306411245442636)
10 (23, 0.053306411245442636)
11 (15, 0.05293434737833911)
12 (29, 0.05007029038418092)
13 (26, 0.04620850446295604)
14 (28, 0.044660194918460856)
15 (5, 0.02044870377692036)
16 (11, 0.017748628995484895)
17 (30, 0.015345245564750908)
18 (33, 0.011903291831541945)
19 (31, 0.011023232272404385)
20 (20, 0.009930205551652754)
21 (21, 0.008561071098337834)
22 (0, 0.008373904813081647)
23 (16, 0.008187156092047846)
24 (2, 0.00803931198760007)
25 (4, 0.0066990292377691295)
26 (6, 0.0066990292377691295)
27 (7, 0.0066990292377691295)
28 (8, 0.0066990292377691295)
29 (13, 0.0066990292377691295)
30 (17, 0.0066990292377691295)
31 (19, 0.0066990292377691295)
32 (24, 0.0066990292377691295)
33 (25, 0.0066990292377691295)
34 (27, 0.0066990292377691295)
orders
1 (10, 0.05758446220240273)
2 (30, 0.037590086335055416)
3 (2, 0.034052895388308795)
4 (1, 0.032898237613773876)
5 (3, 0.032898237613773876)
6 (4, 0.032898237613773876)
7 (6, 0.032898237613773876)
8 (7, 0.032898237613773876)
9 (8, 0.032898237613773876)
10 (9, 0.032898237613773876)
11 (11, 0.032898237613773876)
12 (12, 0.032898237613773876)
13 (13, 0.032898237613773876)
14 (17, 0.032898237613773876)
15 (18, 0.032898237613773876)
16 (19, 0.032898237613773876)
17 (21, 0.032898237613773876)
18 (22, 0.032898237613773876)
19 (23, 0.032898237613773876)
20 (24, 0.032898237613773876)
21 (26, 0.032898237613773876)
22 (27, 0.032898237613773876)
23 (28, 0.032898237613773876)
24 (29, 0.032898237613773876)
25 (31, 0.032898237613773876)
26 (32, 0.032898237613773876)
27 (33, 0.032898237613773876)
28 (5, 0.0233378888744817)
29 (14, 0.019358649684865427)
30 (0, 0.014087523494767024)
31 (15, 0.00962658436334762)
32 (16, 0.004934735642066082)
33 (20, 0.004934735642066082)
34 (25, 0.004934735642066082)
orders
1 (2, 0.03479412711490843)
2 (30, 0.03479412711490843)
3 (0, 0.030706658276243668)
4 (1, 0.030706658276243668)
5 (3, 0.030706658276243668)
6 (4, 0.030706658276243668)
7 (5, 0.030706658276243668)
8 (6, 0.030706658276243668)
9 (7, 0.030706658276243668)
10 (8, 0.030706658276243668)
11 (9, 0.030706658276243668)
12 (10, 0.030706658276243668)
13 (11, 0.030706658276243668)
14 (12, 0.030706658276243668)
15 (13, 0.030706658276243668)
16 (14, 0.030706658276243668)
17 (15, 0.030706658276243668)
18 (16, 0.030706658276243668)
19 (17, 0.030706658276243668)
20 (18, 0.030706658276243668)
21 (19, 0.030706658276243668)
22 (21, 0.030706658276243668)
23 (22, 0.030706658276243668)
24 (23, 0.030706658276243668)
25 (24, 0.030706658276243668)
26 (26, 0.030706658276243668)
27 (27, 0.030706658276243668)
28 (28, 0.030706658276243668)
29 (29, 0.030706658276243668)
30 (31, 0.030706658276243668)
31 (32, 0.030706658276243668)
32 (33, 0.030706658276243668)
33 (20, 0.004605998741436551)
34 (25, 0.004605998741436551)
orders
1 (10, 0.10989997671585472)
2 (14, 0.05426649868595975)
3 (5, 0.04559515256355782)
4 (22, 0.04354317157020441)
5 (32, 0.04123583267892809)
6 (0, 0.038886205905862156)
7 (1, 0.03570352707708245)
8 (3, 0.03570352707708245)
9 (4, 0.03570352707708245)
10 (6, 0.03570352707708245)
11 (11, 0.03570352707708245)
12 (12, 0.03570352707708245)
13 (13, 0.03570352707708245)
14 (17, 0.03570352707708245)
15 (18, 0.03570352707708245)
16 (19, 0.03570352707708245)
17 (23, 0.03570352707708245)
18 (24, 0.03570352707708245)
19 (26, 0.03570352707708245)
20 (28, 0.03570352707708245)
21 (29, 0.03570352707708245)
22 (33, 0.03570352707708245)
23 (15, 0.025864367076481678)
24 (30, 0.010887834663408005)
25 (20, 0.009194063674674466)
26 (2, 0.006526230739250809)
27 (7, 0.005355529061562369)
28 (8, 0.005355529061562369)
29 (9, 0.005355529061562369)
30 (16, 0.005355529061562369)
31 (21, 0.005355529061562369)
32 (25, 0.005355529061562369)
33 (27, 0.005355529061562369)
34 (31, 0.005355529061562369)
orders
1 (10, 0.061622152084118344)
2 (30, 0.037692714321620364)
3 (2, 0.034063990639181335)
4 (1, 0.03297810185061623)
5 (3, 0.03297810185061623)
6 (4, 0.03297810185061623)
7 (6, 0.03297810185061623)
8 (7, 0.03297810185061623)
9 (8, 0.03297810185061623)
10 (9, 0.03297810185061623)
11 (11, 0.03297810185061623)
12 (12, 0.03297810185061623)
13 (13, 0.03297810185061623)
14 (17, 0.03297810185061623)
15 (18, 0.03297810185061623)
16 (19, 0.03297810185061623)
17 (21, 0.03297810185061623)
18 (22, 0.03297810185061623)
19 (23, 0.03297810185061623)
20 (24, 0.03297810185061623)
21 (26, 0.03297810185061623)
22 (28, 0.03297810185061623)
23 (29, 0.03297810185061623)
24 (31, 0.03297810185061623)
25 (32, 0.03297810185061623)
26 (33, 0.03297810185061623)
27 (5, 0.027426464999875007)
28 (14, 0.023611483564717307)
29 (0, 0.018431524681087833)
30 (15, 0.014153853563852575)
31 (16, 0.009661327748596566)
32 (20, 0.004946715277592436)
33 (25, 0.004946715277592436)
34 (27, 0.004946715277592436)
orders
1 (33, 0.14261423431691897)
2 (32, 0.09754136489552569)
3 (5, 0.07894038453329533)
4 (14, 0.053351078026177556)
5 (28, 0.05048790223825137)
6 (4, 0.04453963055704221)
7 (31, 0.04420157204631408)
8 (22, 0.043174962404085325)
9 (9, 0.04292534262297756)
10 (0, 0.04268681748689999)
11 (13, 0.041916852596581906)
12 (19, 0.041916852596581906)
13 (6, 0.03972923446844893)
14 (26, 0.03870105806159498)
15 (11, 0.03469676310588663)
16 (24, 0.02206274538468088)
17 (23, 0.01605631317500383)
18 (29, 0.0131587219238731)
19 (15, 0.011618781735264152)
20 (10, 0.011237900998134603)
21 (21, 0.00978133040779048)
22 (20, 0.00856299797795712)
23 (30, 0.008074982774740967)
24 (1, 0.006233390643283673)
25 (2, 0.005933039929466674)
26 (8, 0.005929934755398887)
27 (16, 0.005869368208816306)
28 (3, 0.005436634589858134)
29 (7, 0.005436634589858134)
30 (12, 0.005436634589858134)
31 (17, 0.005436634589858134)
32 (18, 0.005436634589858134)
33 (25, 0.005436634589858134)
34 (27, 0.005436634589858134)
carts
1 (14, 0.0654420689523081)
2 (13, 0.06179489695787498)
3 (22, 0.061285874415196395)
4 (32, 0.04541160297902305)
5 (27, 0.04141754762642663)
6 (3, 0.03782655010789191)
7 (11, 0.03782655010789191)
8 (24, 0.03477832016888712)
9 (18, 0.033993785363018426)
10 (1, 0.03298804674258179)
11 (8, 0.03298804674258179)
12 (9, 0.03298804674258179)
13 (16, 0.03298804674258179)
14 (19, 0.03298804674258179)
15 (20, 0.03298804674258179)
16 (25, 0.03298804674258179)
17 (26, 0.03298804674258179)
18 (28, 0.03298804674258179)
19 (29, 0.03298804674258179)
20 (30, 0.03298804674258179)
21 (33, 0.03298804674258179)
22 (34, 0.03298804674258179)
23 (21, 0.029499846336337756)
24 (10, 0.023474584517835184)
25 (0, 0.019680952738093303)
26 (5, 0.01659086321414387)
27 (15, 0.011909375715936978)
28 (23, 0.00978671037669739)
29 (2, 0.007942190751714125)
30 (31, 0.007752636960223291)
31 (4, 0.004948207011387269)
32 (6, 0.004948207011387269)
33 (7, 0.004948207011387269)
34 (12, 0.004948207011387269)
35 (17, 0.004948207011387269)
carts
1 (10, 0.07263162883966813)
2 (22, 0.044204398147186394)
3 (24, 0.035465478054518156)
4 (18, 0.03502691053139157)
5 (0, 0.033902276104580915)
6 (1, 0.033902276104580915)
7 (3, 0.033902276104580915)
8 (4, 0.033902276104580915)
9 (6, 0.033902276104580915)
10 (8, 0.033902276104580915)
11 (9, 0.033902276104580915)
12 (11, 0.033902276104580915)
13 (13, 0.033902276104580915)
14 (14, 0.033902276104580915)
15 (16, 0.033902276104580915)
16 (19, 0.033902276104580915)
17 (20, 0.033902276104580915)
18 (25, 0.033902276104580915)
19 (26, 0.033902276104580915)
20 (28, 0.033902276104580915)
21 (29, 0.033902276104580915)
22 (30, 0.033902276104580915)
23 (32, 0.033902276104580915)
24 (33, 0.033902276104580915)
25 (34, 0.033902276104580915)
26 (2, 0.02058455692230041)
27 (5, 0.017814397812174216)
28 (27, 0.015367126180213663)
29 (23, 0.010214369977697502)
30 (31, 0.008554799808648048)
31 (21, 0.007847169867254004)
32 (7, 0.0050853414156871385)
33 (12, 0.0050853414156871385)
34 (15, 0.0050853414156871385)
35 (17, 0.0050853414156871385)
carts
1 (32, 0.10170173316180509)
2 (4, 0.07705814245307527)
3 (20, 0.07614695955512678)
4 (3, 0.06540313660111409)
5 (13, 0.06200164453232434)
6 (1, 0.05582559189673825)
7 (25, 0.050101999224657134)
8 (19, 0.04713575073455013)
9 (26, 0.04533682168369803)
10 (9, 0.040324774060171285)
11 (11, 0.03975899000074685)
12 (22, 0.03938942081420592)
13 (34, 0.03929070166658487)
14 (21, 0.03258257233616068)
15 (15, 0.028972145320167498)
16 (14, 0.028557155458527102)
17 (0, 0.024002639571004937)
18 (28, 0.022418915916957865)
19 (30, 0.01334000085351101)
20 (27, 0.012574811312711551)
21 (16, 0.010874532596428154)
22 (5, 0.008339773549291841)
23 (23, 0.007756669893048981)
24 (10, 0.007256845284730743)
25 (2, 0.007203212190846391)
26 (6, 0.006719322624914665)
27 (29, 0.0066347857726141045)
28 (8, 0.0065445858446616335)
29 (31, 0.005666838130211001)
30 (7, 0.005601286186757683)
31 (24, 0.0055267856872514105)
32 (18, 0.005380855620702128)
33 (12, 0.00485686648823421)
34 (17, 0.00485686648823421)
35 (33, 0.00485686648823421)
carts
1 (27, 0.11294903659737916)
2 (20, 0.059539813549399544)
3 (29, 0.05869572831896334)
4 (3, 0.05142902574296503)
5 (26, 0.04422860965147393)
6 (22, 0.040423834608846396)
7 (0, 0.040299215745191005)
8 (14, 0.0402057352238255)
9 (13, 0.04018994847904457)
10 (32, 0.039954399182222884)
11 (6, 0.0398076862114783)
12 (8, 0.0378376977126244)
13 (9, 0.0378376977126244)
14 (11, 0.0378376977126244)
15 (33, 0.0378376977126244)
16 (34, 0.0378376977126244)
17 (21, 0.03609236522479578)
18 (10, 0.02384364835416681)
19 (1, 0.01926698268723429)
20 (30, 0.018525685248884906)
21 (15, 0.016885179597450936)
22 (2, 0.016147812862354075)
23 (5, 0.01613075370070757)
24 (4, 0.012066566595743193)
25 (16, 0.012066566595743193)
26 (24, 0.011409838496276099)
27 (23, 0.010096578096889297)
28 (7, 0.008139244517212124)
29 (31, 0.007307826334407647)
30 (18, 0.006731156529754185)
31 (12, 0.005675654656893661)
32 (17, 0.005675654656893661)
33 (19, 0.005675654656893661)
34 (25, 0.005675654656893661)
35 (28, 0.005675654656893661)
carts
1 (27, 0.05177312480256166)
2 (5, 0.04575957994196678)
3 (23, 0.03779901173942191)
4 (18, 0.034607780916763746)
5 (1, 0.03295313774460355)
6 (2, 0.03295313774460355)
7 (3, 0.03295313774460355)
8 (4, 0.03295313774460355)
9 (6, 0.03295313774460355)
10 (8, 0.03295313774460355)
11 (9, 0.03295313774460355)
12 (10, 0.03295313774460355)
13 (11, 0.03295313774460355)
14 (13, 0.03295313774460355)
15 (14, 0.03295313774460355)
16 (16, 0.03295313774460355)
17 (19, 0.03295313774460355)
18 (20, 0.03295313774460355)
19 (24, 0.03295313774460355)
20 (25, 0.03295313774460355)
21 (26, 0.03295313774460355)
22 (28, 0.03295313774460355)
23 (29, 0.03295313774460355)
24 (30, 0.03295313774460355)
25 (32, 0.03295313774460355)
26 (33, 0.03295313774460355)
27 (34, 0.03295313774460355)
28 (21, 0.019197057401260906)
29 (15, 0.014539570880872208)
30 (0, 0.009788844656508897)
31 (31, 0.008840978888000301)
32 (7, 0.004942970661690534)
33 (12, 0.004942970661690534)
34 (17, 0.004942970661690534)
35 (22, 0.004942970661690534)
carts
1 (2, 0.08050641130106637)
2 (0, 0.03304919838052776)
3 (1, 0.03304919838052776)
4 (3, 0.03304919838052776)
5 (4, 0.03304919838052776)
6 (6, 0.03304919838052776)
7 (8, 0.03304919838052776)
8 (9, 0.03304919838052776)
9 (11, 0.03304919838052776)
10 (13, 0.03304919838052776)
11 (14, 0.03304919838052776)
12 (15, 0.03304919838052776)
13 (16, 0.03304919838052776)
14 (18, 0.03304919838052776)
15 (19, 0.03304919838052776)
16 (20, 0.03304919838052776)
17 (24, 0.03304919838052776)
18 (25, 0.03304919838052776)
19 (26, 0.03304919838052776)
20 (28, 0.03304919838052776)
21 (29, 0.03304919838052776)
22 (30, 0.03304919838052776)
23 (32, 0.03304919838052776)
24 (33, 0.03304919838052776)
25 (34, 0.03304919838052776)
26 (10, 0.024128083069828637)
27 (27, 0.0206970334518473)
28 (5, 0.019495515198291465)
29 (21, 0.016007262238263046)
30 (22, 0.011237285731540947)
31 (31, 0.01004383284558941)
32 (23, 0.009831675759669175)
33 (7, 0.004957379757079164)
34 (12, 0.004957379757079164)
35 (17, 0.004957379757079164)
carts
1 (32, 0.08611201930167774)
2 (1, 0.08535677542984305)
3 (33, 0.07896757128120856)
4 (19, 0.07767863906583307)
5 (8, 0.07761228938961834)
6 (3, 0.07681437220135445)
7 (9, 0.07178943199211493)
8 (20, 0.06907047891618483)
9 (16, 0.04903109069100613)
10 (34, 0.04539392250681224)
11 (4, 0.04293055590001404)
12 (26, 0.03948220654516784)
13 (25, 0.03926009297668487)
14 (11, 0.01794595927195225)
15 (0, 0.015554834047564487)
16 (13, 0.012059933930925972)
17 (29, 0.01197162387273281)
18 (21, 0.010712836920084061)
19 (28, 0.0087422338102394)
20 (27, 0.008189495257459486)
21 (14, 0.006871457093272434)
22 (30, 0.006375211277014774)
23 (15, 0.00566493545710717)
24 (6, 0.005626791762550139)
25 (23, 0.005191388466695346)
26 (5, 0.004952783562987372)
27 (10, 0.00487271632979751)
28 (2, 0.004833857875724847)
29 (22, 0.004617285254583352)
30 (24, 0.004454649623748202)
31 (7, 0.004443904939001749)
32 (31, 0.004399718114504764)
33 (12, 0.004367154930587233)
34 (18, 0.004366067718232217)
35 (17, 0.004285714285714285)
carts
1 (5, 0.034567944092299345)
2 (22, 0.034567944092299345)
3 (27, 0.034567944092299345)
4 (0, 0.0304345048462853)
5 (1, 0.0304345048462853)
6 (2, 0.0304345048462853)
7 (3, 0.0304345048462853)
8 (4, 0.0304345048462853)
9 (6, 0.0304345048462853)
10 (7, 0.0304345048462853)
11 (8, 0.0304345048462853)
12 (9, 0.0304345048462853)
13 (10, 0.0304345048462853)
14 (11, 0.0304345048462853)
15 (12, 0.0304345048462853)
16 (13, 0.0304345048462853)
17 (14, 0.0304345048462853)
18 (15, 0.0304345048462853)
19 (16, 0.0304345048462853)
20 (17, 0.0304345048462853)
21 (18, 0.0304345048462853)
22 (19, 0.0304345048462853)
23 (20, 0.0304345048462853)
24 (24, 0.0304345048462853)
25 (25, 0.0304345048462853)
26 (26, 0.0304345048462853)
27 (28, 0.0304345048462853)
28 (29, 0.0304345048462853)
29 (30, 0.0304345048462853)
30 (32, 0.0304345048462853)
31 (33, 0.0304345048462853)
32 (34, 0.0304345048462853)
33 (21, 0.004565175726942795)
34 (23, 0.004565175726942795)
35 (31, 0.004565175726942795)
carts
1 (25, 0.11870022710412437)
2 (34, 0.09277384913880261)
3 (26, 0.09217505370216428)
4 (33, 0.06598172145344183)
5 (9, 0.06446405120582499)
6 (8, 0.064144039074893)
7 (4, 0.05062307392333893)
8 (3, 0.05042909905628096)
9 (28, 0.030559238375540507)
10 (11, 0.0297958597219901)
11 (1, 0.029229630675743634)
12 (21, 0.026675228155421702)
13 (29, 0.02645919438670868)
14 (15, 0.024089109739296698)
15 (30, 0.022694881765322486)
16 (16, 0.020334731714889948)
17 (0, 0.019974069132396466)
18 (13, 0.01979149607888323)
19 (20, 0.019121774606629276)
20 (22, 0.018179620419234103)
21 (32, 0.015287112789809206)
22 (19, 0.015026150445812476)
23 (14, 0.01048267623613523)
24 (27, 0.010338027387701702)
25 (23, 0.007211100994155202)
26 (5, 0.006838851130096556)
27 (6, 0.00676975778627314)
28 (10, 0.006483053229180633)
29 (2, 0.005686997050753934)
30 (7, 0.005150965020234148)
31 (24, 0.005121083247392382)
32 (31, 0.005035175621268283)
33 (18, 0.004896224450182722)
34 (12, 0.004833687938513095)
35 (17, 0.0046431872415634194)
carts
1 (2, 0.077685144358199)
2 (27, 0.037070136018840245)
3 (29, 0.036601834681523136)
4 (24, 0.03392260498858504)
5 (21, 0.03378854812717499)
6 (18, 0.032882454048361105)
7 (1, 0.03203919795730004)
8 (3, 0.03203919795730004)
9 (4, 0.03203919795730004)
10 (6, 0.03203919795730004)
11 (8, 0.03203919795730004)
12 (9, 0.03203919795730004)
13 (11, 0.03203919795730004)
14 (13, 0.03203919795730004)
15 (14, 0.03203919795730004)
16 (16, 0.03203919795730004)
17 (19, 0.03203919795730004)
18 (20, 0.03203919795730004)
19 (25, 0.03203919795730004)
20 (26, 0.03203919795730004)
21 (28, 0.03203919795730004)
22 (32, 0.03203919795730004)
23 (33, 0.03203919795730004)
24 (34, 0.03203919795730004)
25 (15, 0.030554640918073972)
26 (23, 0.02877991190158331)
27 (0, 0.027206582744795354)
28 (12, 0.024483693479843152)
29 (10, 0.018870647180644143)
30 (5, 0.014858268053936035)
31 (31, 0.007366451492659827)
32 (7, 0.004805879693595007)
33 (17, 0.004805879693595007)
34 (22, 0.004805879693595007)
35 (30, 0.004805879693595007)
payment
1 (0, 0.15163824456617597)
2 (3, 0.08700552392348194)
3 (23, 0.07853684432328463)
4 (25, 0.07354286557223394)
5 (10, 0.059268209697442516)
6 (33, 0.05878807066403307)
7 (19, 0.054806258453335956)
8 (28, 0.054379441764466366)
9 (14, 0.05245244513117639)
10 (16, 0.044043650455437296)
11 (21, 0.044043650455437296)
12 (26, 0.02280922415505961)
13 (18, 0.02208194377032765)
14 (4, 0.01703449839462952)
15 (24, 0.015288621656566193)
16 (30, 0.015015342244054694)
17 (9, 0.011961947391820807)
18 (32, 0.011584684288059054)
19 (5, 0.011375314469436178)
20 (27, 0.011197489156233796)
21 (6, 0.010007844334279304)
22 (1, 0.008728532159922338)
23 (29, 0.008120751901086068)
24 (8, 0.008118980140795944)
25 (7, 0.007674163583466664)
26 (2, 0.007643076801232153)
27 (11, 0.006606547568315595)
28 (12, 0.006606547568315595)
29 (13, 0.006606547568315595)
30 (15, 0.006606547568315595)
31 (17, 0.006606547568315595)
32 (20, 0.006606547568315595)
33 (22, 0.006606547568315595)
34 (31, 0.006606547568315595)
payment
1 (27, 0.10785958495996922)
2 (3, 0.0695850739180473)
3 (23, 0.058541676066282265)
4 (0, 0.05397777454151644)
5 (9, 0.04784841384581764)
6 (14, 0.04784841384581764)
7 (19, 0.04784841384581764)
8 (29, 0.04784841384581764)
9 (33, 0.04784841384581764)
10 (6, 0.044470642544950055)
11 (8, 0.04232893442560738)
12 (13, 0.042255425764464775)
13 (12, 0.04067680061574592)
14 (16, 0.04067680061574592)
15 (17, 0.04067680061574592)
16 (21, 0.04067680061574592)
17 (25, 0.0348477671835966)
18 (5, 0.01562740620238978)
19 (4, 0.015276557202421923)
20 (18, 0.014161771689921897)
21 (30, 0.013273133322433604)
22 (24, 0.009717692775715927)
23 (1, 0.008152674405981533)
24 (2, 0.006959412381010668)
25 (7, 0.00610152009236189)
26 (10, 0.00610152009236189)
27 (11, 0.00610152009236189)
28 (15, 0.00610152009236189)
29 (20, 0.00610152009236189)
30 (22, 0.00610152009236189)
31 (26, 0.00610152009236189)
32 (28, 0.00610152009236189)
33 (31, 0.00610152009236189)
34 (32, 0.00610152009236189)
payment
1 (0, 0.11212968331648468)
2 (3, 0.07782106694266677)
3 (23, 0.07663715040867243)
4 (19, 0.06084989871742886)
5 (10, 0.05093202160659648)
6 (14, 0.05093202160659648)
7 (28, 0.05093202160659648)
8 (33, 0.05093202160659648)
9 (16, 0.050063206859592195)
10 (25, 0.04930450115291063)
11 (8, 0.04293934589893007)
12 (12, 0.04293934589893007)
13 (13, 0.04293934589893007)
14 (21, 0.04293934589893007)
15 (27, 0.020548040014114356)
16 (4, 0.01764804466930919)
17 (26, 0.015959010247281365)
18 (30, 0.014433577592505928)
19 (20, 0.014433577592505926)
20 (7, 0.012351798566962679)
21 (5, 0.011093164466474762)
22 (6, 0.009778759447602602)
23 (24, 0.00966890695869749)
24 (18, 0.007385124176288773)
25 (1, 0.006440901884839511)
26 (2, 0.006440901884839511)
27 (9, 0.006440901884839511)
28 (11, 0.006440901884839511)
29 (15, 0.006440901884839511)
30 (17, 0.006440901884839511)
31 (22, 0.006440901884839511)
32 (29, 0.006440901884839511)
33 (31, 0.006440901884839511)
34 (32, 0.006440901884839511)
payment
1 (0, 0.11955474853536467)
2 (23, 0.08001411954421733)
3 (3, 0.06657662369193529)
4 (27, 0.06362022335750785)
5 (10, 0.05110031378163146)
6 (20, 0.05110031378163146)
7 (28, 0.05110031378163146)
8 (33, 0.05110031378163146)
9 (16, 0.048862348505849404)
10 (25, 0.0431492733926646)
11 (11, 0.043061765373923776)
12 (12, 0.043061765373923776)
13 (17, 0.043061765373923776)
14 (21, 0.043061765373923776)
15 (26, 0.025699203654092673)
16 (18, 0.022747268139788532)
17 (14, 0.01449781321379625)
18 (24, 0.012628226835459692)
19 (5, 0.012557530215880491)
20 (4, 0.012398840241061882)
21 (6, 0.011593265484692273)
22 (13, 0.009401718476270008)
23 (8, 0.007905036082304247)
24 (2, 0.0075527959460082415)
25 (1, 0.006459264806088567)
26 (7, 0.006459264806088567)
27 (9, 0.006459264806088567)
28 (15, 0.006459264806088567)
29 (19, 0.006459264806088567)
30 (22, 0.006459264806088567)
31 (29, 0.006459264806088567)
32 (30, 0.006459264806088567)
33 (31, 0.006459264806088567)
34 (32, 0.006459264806088567)
payment
1 (23, 0.11296478999087388)
2 (0, 0.09891862158574337)
3 (3, 0.06861487695772475)
4 (10, 0.0518091684157567)
5 (14, 0.0518091684157567)
6 (20, 0.0518091684157567)
7 (28, 0.0518091684157567)
8 (33, 0.0518091684157567)
9 (13, 0.05092381416540923)
10 (11, 0.04357704907041575)
11 (12, 0.04357704907041575)
12 (16, 0.04357704907041575)
13 (17, 0.04357704907041575)
14 (25, 0.03467893600293137)
15 (6, 0.025055303659594366)
16 (5, 0.022775795113119942)
17 (24, 0.021395393706696776)
18 (2, 0.01586222493535781)
19 (26, 0.01169440208854864)
20 (4, 0.009872330653457391)
21 (30, 0.007832200457776353)
22 (7, 0.007618583995571318)
23 (1, 0.006536557360562363)
24 (8, 0.006536557360562363)
25 (9, 0.006536557360562363)
26 (15, 0.006536557360562363)
27 (18, 0.006536557360562363)
28 (19, 0.006536557360562363)
29 (21, 0.006536557360562363)
30 (22, 0.006536557360562363)
31 (27, 0.006536557360562363)
32 (29, 0.006536557360562363)
33 (31, 0.006536557360562363)
34 (32, 0.006536557360562363)
payment
1 (23, 0.1174929845946561)
2 (0, 0.09802834662589972)
3 (3, 0.058122379503688835)
4 (9, 0.05030046051357336)
5 (14, 0.05030046051357336)
6 (20, 0.05030046051357336)
7 (29, 0.05030046051357336)
8 (33, 0.05030046051357336)
9 (13, 0.04916005667263247)
10 (11, 0.04247854152345788)
11 (12, 0.04247854152345788)
12 (16, 0.04247854152345788)
13 (17, 0.04247854152345788)
14 (25, 0.03276877611713906)
15 (5, 0.03257726166555309)
16 (6, 0.02799097734797465)
17 (24, 0.024736250344284203)
18 (26, 0.018426384944280484)
19 (2, 0.014193700218634165)
20 (22, 0.009961015492987845)
21 (1, 0.008670065078465667)
22 (30, 0.008549233030113573)
23 (7, 0.007816506188286247)
24 (4, 0.006371781228518682)
25 (8, 0.006371781228518682)
26 (10, 0.006371781228518682)
27 (15, 0.006371781228518682)
28 (18, 0.006371781228518682)
29 (19, 0.006371781228518682)
30 (21, 0.006371781228518682)
31 (27, 0.006371781228518682)
32 (28, 0.006371781228518682)
33 (31, 0.006371781228518682)
34 (32, 0.006371781228518682)
payment
1 (0, 0.1492259542834818)
2 (3, 0.09495923105087171)
3 (23, 0.08082669776974685)
4 (25, 0.05958230610883143)
5 (14, 0.05190084510915089)
6 (20, 0.05190084510915089)
7 (28, 0.05190084510915089)
8 (33, 0.05190084510915089)
9 (11, 0.04364419917732412)
10 (12, 0.04364419917732412)
11 (16, 0.04364419917732412)
12 (17, 0.04364419917732412)
13 (21, 0.025215802506691164)
14 (26, 0.023457499490840562)
15 (18, 0.022430393461024833)
16 (10, 0.014803275808425392)
17 (6, 0.013417857630397228)
18 (27, 0.011219465068695122)
19 (5, 0.011099023766646421)
20 (24, 0.010930961515413893)
21 (4, 0.009076314995134454)
22 (1, 0.008844926962164056)
23 (8, 0.008188279851434582)
24 (13, 0.008080747210839324)
25 (2, 0.007541416484073534)
26 (7, 0.006546629876598619)
27 (9, 0.006546629876598619)
28 (15, 0.006546629876598619)
29 (19, 0.006546629876598619)
30 (22, 0.006546629876598619)
31 (29, 0.006546629876598619)
32 (30, 0.006546629876598619)
33 (31, 0.006546629876598619)
34 (32, 0.006546629876598619)
payment
1 (28, 0.14922379427096696)
2 (16, 0.13154559870469631)
3 (19, 0.09794369181212831)
4 (10, 0.07201389496572476)
5 (23, 0.06840901296109109)
6 (0, 0.05493379190860009)
7 (25, 0.045106233338916946)
8 (3, 0.0437314157423811)
9 (26, 0.03623184350239651)
10 (27, 0.035999853853786096)
11 (29, 0.03463277452258314)
12 (20, 0.034283631344260455)
13 (33, 0.016320142108103654)
14 (9, 0.015848732593709607)
15 (14, 0.014955586099794216)
16 (24, 0.013449288969803143)
17 (4, 0.013020128827186452)
18 (5, 0.010123269644474249)
19 (1, 0.009786755307190247)
20 (7, 0.008308918692883346)
21 (32, 0.007942410704045527)
22 (30, 0.007590180724104044)
23 (18, 0.0072369855952592954)
24 (15, 0.006844209084901528)
25 (2, 0.0064517854721012876)
26 (6, 0.0064517854721012876)
27 (8, 0.0064517854721012876)
28 (11, 0.0064517854721012876)
29 (12, 0.0064517854721012876)
30 (13, 0.0064517854721012876)
31 (17, 0.0064517854721012876)
32 (21, 0.0064517854721012876)
33 (22, 0.0064517854721012876)
34 (31, 0.0064517854721012876)
payment
1 (16, 0.1403984764674757)
2 (0, 0.11295285960924287)
3 (23, 0.09738871651811647)
4 (3, 0.07453078393319505)
5 (20, 0.06410533780539944)
6 (14, 0.05551170283712802)
7 (33, 0.05551170283712802)
8 (8, 0.04624190634446283)
9 (11, 0.04624190634446283)
10 (27, 0.040589568770095306)
11 (25, 0.03803923232535168)
12 (26, 0.020302411982224895)
13 (4, 0.016634220752367604)
14 (9, 0.016206082444334614)
15 (24, 0.015908619068267182)
16 (5, 0.0145478216779263)
17 (29, 0.013620273199751837)
18 (6, 0.011709172637552718)
19 (19, 0.01028913453764378)
20 (1, 0.009041992603844296)
21 (7, 0.008973498149217307)
22 (18, 0.00801914773477829)
23 (2, 0.006936285951669427)
24 (10, 0.006936285951669427)
25 (12, 0.006936285951669427)
26 (13, 0.006936285951669427)
27 (15, 0.006936285951669427)
28 (17, 0.006936285951669427)
29 (21, 0.006936285951669427)
30 (22, 0.006936285951669427)
31 (28, 0.006936285951669427)
32 (30, 0.006936285951669427)
33 (31, 0.006936285951669427)
34 (32, 0.006936285951669427)
payment
1 (28, 0.11200651472860701)
2 (16, 0.09493887935749855)
3 (13, 0.06882901889499751)
4 (0, 0.06824842988822659)
5 (29, 0.06426872020817169)
6 (23, 0.05471506764860841)
7 (10, 0.05336823595509381)
8 (3, 0.050572843928256915)
9 (14, 0.045831242067608136)
10 (33, 0.045831242067608136)
11 (6, 0.04430189596576931)
12 (25, 0.04163813633196007)
13 (21, 0.039182157297119734)
14 (4, 0.03216501991530471)
15 (27, 0.016897477894597782)
16 (19, 0.016700352703209572)
17 (1, 0.016672430516924644)
18 (26, 0.016069784636970896)
19 (9, 0.012526408365056363)
20 (24, 0.009938193379399959)
21 (20, 0.009559548914899098)
22 (5, 0.009391733031441446)
23 (7, 0.008517218247033078)
24 (30, 0.008489076407851098)
25 (18, 0.006444459296673871)
26 (2, 0.005877323594567961)
27 (8, 0.005877323594567961)
28 (11, 0.005877323594567961)
29 (12, 0.005877323594567961)
30 (15, 0.005877323594567961)
31 (17, 0.005877323594567961)
32 (22, 0.005877323594567961)
33 (31, 0.005877323594567961)
34 (32, 0.005877323594567961)
shipping
1 (27, 0.23565724473267505)
2 (33, 0.15033917415308992)
3 (0, 0.06574146496884009)
4 (34, 0.06461333202812425)
5 (18, 0.04388746532543305)
6 (14, 0.042461300990093855)
7 (12, 0.042139381732726924)
8 (24, 0.042139381732726924)
9 (20, 0.03754832863439494)
10 (31, 0.03271243163172339)
11 (6, 0.028128124412855685)
12 (1, 0.01915921140382407)
13 (21, 0.018486445691806644)
14 (32, 0.016938047306378098)
15 (10, 0.011842153568732165)
16 (3, 0.011320692285156995)
17 (8, 0.011320692285156995)
18 (28, 0.011320692285156995)
19 (2, 0.010460739050351251)
20 (15, 0.0102071539833123)
21 (5, 0.00998214326366638)
22 (7, 0.00890237334857363)
23 (16, 0.007494737043231115)
24 (19, 0.007049666188882273)
25 (26, 0.0057616993985518785)
26 (4, 0.005438592255453518)
27 (9, 0.005438592255453518)
28 (11, 0.005438592255453518)
29 (13, 0.005438592255453518)
30 (17, 0.005438592255453518)
31 (22, 0.005438592255453518)
32 (23, 0.005438592255453518)
33 (25, 0.005438592255453518)
34 (29, 0.005438592255453518)
35 (30, 0.005438592255453518)
shipping
1 (20, 0.10790485823827191)
2 (5, 0.05005708803276568)
3 (1, 0.04779184642378001)
4 (3, 0.047281928322856)
5 (8, 0.047281928322856)
6 (12, 0.047281928322856)
7 (18, 0.047281928322856)
8 (24, 0.047281928322856)
9 (28, 0.047281928322856)
10 (33, 0.047281928322856)
11 (2, 0.045803541368979926)
12 (26, 0.040570764273114956)
13 (21, 0.040522298439734566)
14 (6, 0.040104565572681765)
15 (11, 0.040104565572681765)
16 (15, 0.040104565572681765)
17 (27, 0.040104565572681765)
18 (0, 0.03247810863091016)
19 (14, 0.022974809845511673)
20 (31, 0.013847059114428044)
21 (7, 0.013609608206990871)
22 (10, 0.00999724214995987)
23 (32, 0.009259818943334039)
24 (16, 0.007618662586574186)
25 (4, 0.006015684835902264)
26 (9, 0.006015684835902264)
27 (13, 0.006015684835902264)
28 (17, 0.006015684835902264)
29 (19, 0.006015684835902264)
30 (22, 0.006015684835902264)
31 (23, 0.006015684835902264)
32 (25, 0.006015684835902264)
33 (29, 0.006015684835902264)
34 (30, 0.006015684835902264)
35 (34, 0.006015684835902264)
shipping
1 (33, 0.19053070059713112)
2 (27, 0.11583784694179333)
3 (32, 0.07751843450710887)
4 (14, 0.06030716127152948)
5 (19, 0.05932183822055717)
6 (1, 0.04863362020529895)
7 (3, 0.043953417887716104)
8 (8, 0.043953417887716104)
9 (12, 0.043953417887716104)
10 (28, 0.043953417887716104)
11 (11, 0.03762126895342391)
12 (0, 0.030564734256373547)
13 (31, 0.02714923513075859)
14 (18, 0.019138989835825796)
15 (20, 0.014504470316708403)
16 (24, 0.011975339277305784)
17 (10, 0.01177764439977421)
18 (5, 0.011167543870340541)
19 (16, 0.008814433988703393)
20 (2, 0.008480551189608724)
21 (6, 0.007691934014521061)
22 (15, 0.007350514690302063)
23 (23, 0.007155264299899852)
24 (7, 0.006139411152722827)
25 (34, 0.006073487899312316)
26 (4, 0.0056431903430135865)
27 (9, 0.0056431903430135865)
28 (13, 0.0056431903430135865)
29 (17, 0.0056431903430135865)
30 (21, 0.0056431903430135865)
31 (22, 0.0056431903430135865)
32 (25, 0.0056431903430135865)
33 (26, 0.0056431903430135865)
34 (29, 0.0056431903430135865)
35 (30, 0.0056431903430135865)
shipping
1 (27, 0.09919622798512014)
2 (32, 0.0895784027366311)
3 (31, 0.07692318877261066)
4 (1, 0.06002473287415605)
5 (8, 0.04718642751671556)
6 (12, 0.04718642751671556)
7 (19, 0.04718642751671556)
8 (24, 0.04718642751671556)
9 (28, 0.04718642751671556)
10 (34, 0.04718642751671556)
11 (20, 0.04654505238610478)
12 (2, 0.045113236271611935)
13 (6, 0.04494041360593511)
14 (14, 0.044749612194971436)
15 (11, 0.040034246026701775)
16 (0, 0.03025288549612046)
17 (5, 0.01421802185402785)
18 (4, 0.013157318394019053)
19 (15, 0.010768208014817388)
20 (10, 0.010153179685109691)
21 (21, 0.006616847707159843)
22 (7, 0.006543081142540954)
23 (3, 0.006005136904005267)
24 (9, 0.006005136904005267)
25 (13, 0.006005136904005267)
26 (16, 0.006005136904005267)
27 (17, 0.006005136904005267)
28 (18, 0.006005136904005267)
29 (22, 0.006005136904005267)
30 (23, 0.006005136904005267)
31 (25, 0.006005136904005267)
32 (26, 0.006005136904005267)
33 (29, 0.006005136904005267)
34 (30, 0.006005136904005267)
35 (33, 0.006005136904005267)
shipping
1 (6, 0.09291789961784527)
2 (21, 0.07643825480977508)
3 (5, 0.05886344624461431)
4 (2, 0.0489541686013378)
5 (1, 0.04815466601523389)
6 (3, 0.04815466601523389)
7 (12, 0.04815466601523389)
8 (18, 0.04815466601523389)
9 (24, 0.04815466601523389)
10 (28, 0.04815466601523389)
11 (33, 0.04815466601523389)
12 (20, 0.04303044731683008)
13 (16, 0.04301537745117145)
14 (26, 0.041332888501065375)
15 (11, 0.04074613471953181)
16 (27, 0.04074613471953181)
17 (0, 0.03676483753774662)
18 (14, 0.014267602061973647)
19 (7, 0.013520451503631846)
20 (8, 0.013520451503631846)
21 (10, 0.011020708948978686)
22 (32, 0.007707171433306538)
23 (31, 0.006728320427233447)
24 (4, 0.006111920207929771)
25 (9, 0.006111920207929771)
26 (13, 0.006111920207929771)
27 (15, 0.006111920207929771)
28 (17, 0.006111920207929771)
29 (19, 0.006111920207929771)
30 (22, 0.006111920207929771)
31 (23, 0.006111920207929771)
32 (25, 0.006111920207929771)
33 (29, 0.006111920207929771)
34 (30, 0.006111920207929771)
35 (34, 0.006111920207929771)
shipping
1 (27, 0.18431623565672337)
2 (33, 0.07680992313864747)
3 (6, 0.07238953931271236)
4 (20, 0.07043260425697223)
5 (18, 0.051333078132825644)
6 (12, 0.04799593347061613)
7 (24, 0.04799593347061613)
8 (28, 0.04799593347061613)
9 (34, 0.04440040951731707)
10 (2, 0.04361558828202107)
11 (11, 0.04063202682392801)
12 (0, 0.03755448690910205)
13 (1, 0.023437883090171134)
14 (21, 0.022357588784544646)
15 (14, 0.016603172042794438)
16 (5, 0.01370589377479882)
17 (3, 0.013458710670277322)
18 (8, 0.013458710670277322)
19 (32, 0.01228747945065891)
20 (10, 0.011146981423283806)
21 (31, 0.011041741555762935)
22 (15, 0.009178782782795403)
23 (7, 0.009081345729845173)
24 (19, 0.008849311451738472)
25 (16, 0.008571460191972692)
26 (26, 0.0064960097266786275)
27 (4, 0.006094804023589202)
28 (9, 0.006094804023589202)
29 (13, 0.006094804023589202)
30 (17, 0.006094804023589202)
31 (22, 0.006094804023589202)
32 (23, 0.006094804023589202)
33 (25, 0.006094804023589202)
34 (29, 0.006094804023589202)
35 (30, 0.006094804023589202)
shipping
1 (27, 0.2043912995571383)
2 (33, 0.10502419326672885)
3 (6, 0.06583770729201126)
4 (0, 0.06095668639497035)
5 (34, 0.05429242008793855)
6 (14, 0.052786544068135446)
7 (18, 0.04894595008161262)
8 (12, 0.04365527094497208)
9 (24, 0.04365527094497208)
10 (2, 0.04162159196235474)
11 (31, 0.04090956116835621)
12 (20, 0.024844002332496187)
13 (1, 0.021872594603441608)
14 (21, 0.01967941648391229)
15 (10, 0.01521103049957251)
16 (5, 0.011991660641974764)
17 (28, 0.0118798704723524)
18 (3, 0.011879870472352397)
19 (8, 0.011879870472352397)
20 (32, 0.010476776011010457)
21 (19, 0.010351022076319112)
22 (15, 0.010255315034407445)
23 (7, 0.00822410972784623)
24 (16, 0.007402566142874642)
25 (26, 0.005901163131744812)
26 (4, 0.005607423612815239)
27 (9, 0.005607423612815239)
28 (11, 0.005607423612815239)
29 (13, 0.005607423612815239)
30 (17, 0.005607423612815239)
31 (22, 0.005607423612815239)
32 (23, 0.005607423612815239)
33 (25, 0.005607423612815239)
34 (29, 0.005607423612815239)
35 (30, 0.005607423612815239)
shipping
1 (0, 0.0403396856974749)
2 (20, 0.03795106872864182)
3 (2, 0.036128167814617335)
4 (5, 0.03333207762139036)
5 (21, 0.03262940842654448)
6 (1, 0.03165621914734197)
7 (3, 0.03165621914734197)
8 (4, 0.03165621914734197)
9 (6, 0.03165621914734197)
10 (8, 0.03165621914734197)
11 (9, 0.03165621914734197)
12 (11, 0.03165621914734197)
13 (12, 0.03165621914734197)
14 (13, 0.03165621914734197)
15 (14, 0.03165621914734197)
16 (15, 0.03165621914734197)
17 (16, 0.03165621914734197)
18 (18, 0.03165621914734197)
19 (19, 0.03165621914734197)
20 (23, 0.03165621914734197)
21 (24, 0.03165621914734197)
22 (25, 0.03165621914734197)
23 (26, 0.03165621914734197)
24 (27, 0.03165621914734197)
25 (28, 0.03165621914734197)
26 (29, 0.03165621914734197)
27 (31, 0.03165621914734197)
28 (32, 0.03165621914734197)
29 (33, 0.03165621914734197)
30 (34, 0.03165621914734197)
31 (10, 0.009220381539376661)
32 (7, 0.004748432872101296)
33 (17, 0.004748432872101296)
34 (22, 0.004748432872101296)
35 (30, 0.004748432872101296)
shipping
1 (27, 0.11792840146472108)
2 (6, 0.08435141334360133)
3 (21, 0.07085590118351573)
4 (0, 0.05622697165888944)
5 (33, 0.05312934897623224)
6 (18, 0.052500625248438924)
7 (3, 0.04425184021283249)
8 (12, 0.04425184021283249)
9 (24, 0.04425184021283249)
10 (28, 0.04425184021283249)
11 (2, 0.04341265937965486)
12 (34, 0.04191182777304423)
13 (20, 0.03480599115472967)
14 (14, 0.03326569686195144)
15 (1, 0.02979343024600632)
16 (31, 0.024126527752056932)
17 (15, 0.02140535538751893)
18 (5, 0.021263706764002327)
19 (32, 0.014971860963403773)
20 (16, 0.014261506442385424)
21 (19, 0.013008084100669068)
22 (7, 0.01250052010487262)
23 (8, 0.01207741969303194)
24 (10, 0.008739162582095597)
25 (4, 0.005677838915258921)
26 (9, 0.005677838915258921)
27 (11, 0.005677838915258921)
28 (13, 0.005677838915258921)
29 (17, 0.005677838915258921)
30 (22, 0.005677838915258921)
31 (23, 0.005677838915258921)
32 (25, 0.005677838915258921)
33 (26, 0.005677838915258921)
34 (29, 0.005677838915258921)
35 (30, 0.005677838915258921)
shipping
1 (31, 0.08763468167199528)
2 (1, 0.05261037655208508)
3 (20, 0.04837252516856566)
4 (2, 0.045815792307702156)
5 (4, 0.045815792307702156)
6 (9, 0.045815792307702156)
7 (12, 0.045815792307702156)
8 (19, 0.045815792307702156)
9 (24, 0.045815792307702156)
10 (28, 0.045815792307702156)
11 (34, 0.045815792307702156)
12 (14, 0.04186325605676296)
13 (21, 0.040086046049037906)
14 (11, 0.03902120806331924)
15 (16, 0.03902120806331924)
16 (23, 0.03902120806331924)
17 (26, 0.03902120806331924)
18 (27, 0.03902120806331924)
19 (32, 0.03902120806331924)
20 (0, 0.03101421187536851)
21 (10, 0.013553339249129447)
22 (5, 0.008120620812049993)
23 (3, 0.005853181209497887)
24 (6, 0.005853181209497887)
25 (7, 0.005853181209497887)
26 (8, 0.005853181209497887)
27 (13, 0.005853181209497887)
28 (15, 0.005853181209497887)
29 (17, 0.005853181209497887)
30 (18, 0.005853181209497887)
31 (22, 0.005853181209497887)
32 (25, 0.005853181209497887)
33 (29, 0.005853181209497887)
34 (30, 0.005853181209497887)
35 (33, 0.005853181209497887)
