front-end
1 (22, 0.12060878466721868)
2 (15, 0.08175514084941025)
3 (5, 0.06662495381202013)
4 (0, 0.05470509996072557)
5 (34, 0.04783685736833584)
6 (23, 0.042002444661323336)
7 (24, 0.04189252631568294)
8 (9, 0.04016288537765633)
9 (19, 0.04016288537765633)
10 (32, 0.03629669593662414)
11 (18, 0.03616634142470477)
12 (16, 0.03596951920531626)
13 (30, 0.03569682205335604)
14 (3, 0.03464388690238548)
15 (4, 0.03464388690238548)
16 (13, 0.03464388690238548)
17 (27, 0.03464388690238548)
18 (29, 0.03464388690238548)
19 (26, 0.030274308046866916)
20 (35, 0.012384699512930274)
21 (7, 0.011997310971743879)
22 (2, 0.009506236329991587)
23 (8, 0.008938586628573964)
24 (21, 0.008491344827447787)
25 (25, 0.006818204520337407)
26 (11, 0.006188875199002585)
27 (31, 0.005530795122927155)
28 (1, 0.005196583035357823)
29 (6, 0.005196583035357823)
30 (10, 0.005196583035357823)
31 (12, 0.005196583035357823)
32 (14, 0.005196583035357823)
33 (17, 0.005196583035357823)
34 (20, 0.005196583035357823)
35 (28, 0.005196583035357823)
36 (33, 0.005196583035357823)
front-end
1 (26, 0.030723692313978767)
2 (7, 0.02965311775074553)
3 (0, 0.02834459094827378)
4 (1, 0.02834459094827378)
5 (2, 0.02834459094827378)
6 (3, 0.02834459094827378)
7 (4, 0.02834459094827378)
8 (5, 0.02834459094827378)
9 (6, 0.02834459094827378)
10 (8, 0.02834459094827378)
11 (9, 0.02834459094827378)
12 (10, 0.02834459094827378)
13 (11, 0.02834459094827378)
14 (12, 0.02834459094827378)
15 (13, 0.02834459094827378)
16 (14, 0.02834459094827378)
17 (15, 0.02834459094827378)
18 (16, 0.02834459094827378)
19 (17, 0.02834459094827378)
20 (18, 0.02834459094827378)
21 (19, 0.02834459094827378)
22 (20, 0.02834459094827378)
23 (21, 0.02834459094827378)
24 (22, 0.02834459094827378)
25 (23, 0.02834459094827378)
26 (24, 0.02834459094827378)
27 (25, 0.02834459094827378)
28 (27, 0.02834459094827378)
29 (28, 0.02834459094827378)
30 (29, 0.02834459094827378)
31 (30, 0.02834459094827378)
32 (31, 0.02834459094827378)
33 (32, 0.02834459094827378)
34 (34, 0.02834459094827378)
35 (35, 0.02834459094827378)
36 (33, 0.004251688642241068)
front-end
1 (26, 0.04524263900596564)
2 (5, 0.04052988843900952)
3 (13, 0.03746161532518686)
4 (23, 0.03671679138839054)
5 (11, 0.03631613812404066)
6 (21, 0.03616460566697662)
7 (30, 0.03381022472138798)
8 (15, 0.033423710330986574)
9 (1, 0.03258733506295153)
10 (3, 0.03258733506295153)
11 (4, 0.03258733506295153)
12 (6, 0.03258733506295153)
13 (9, 0.03258733506295153)
14 (10, 0.03258733506295153)
15 (12, 0.03258733506295153)
16 (16, 0.03258733506295153)
17 (18, 0.03258733506295153)
18 (19, 0.03258733506295153)
19 (20, 0.03258733506295153)
20 (22, 0.03258733506295153)
21 (24, 0.03258733506295153)
22 (25, 0.03258733506295153)
23 (27, 0.03258733506295153)
24 (28, 0.03258733506295153)
25 (29, 0.03258733506295153)
26 (32, 0.03258733506295153)
27 (34, 0.03258733506295153)
28 (35, 0.03258733506295153)
29 (2, 0.011576539244895788)
30 (7, 0.006707428140314439)
31 (0, 0.005564594235218417)
32 (31, 0.005186723080825398)
33 (8, 0.00488810025944273)
34 (14, 0.00488810025944273)
35 (17, 0.00488810025944273)
36 (33, 0.00488810025944273)
front-end
1 (26, 0.12505326776264897)
2 (5, 0.0651661964469722)
3 (27, 0.05999176321834309)
4 (24, 0.05616022985209749)
5 (7, 0.049416874686315)
6 (30, 0.04684084206205856)
7 (4, 0.04557097724313544)
8 (10, 0.04557097724313544)
9 (20, 0.04557097724313544)
10 (35, 0.04557097724313544)
11 (15, 0.04364928110705078)
12 (6, 0.0417628789892937)
13 (32, 0.04142818920453436)
14 (14, 0.03965072853477186)
15 (13, 0.03962392925240283)
16 (22, 0.038695971189041264)
17 (0, 0.027764757526822087)
18 (25, 0.013835505096587519)
19 (21, 0.012862551221059797)
20 (2, 0.011192882291707907)
21 (8, 0.011052104064706065)
22 (23, 0.008414492037933409)
23 (28, 0.007943711630027425)
24 (11, 0.006726532111180299)
25 (31, 0.006223565368772742)
26 (12, 0.006215880589568825)
27 (1, 0.005804395678356191)
28 (3, 0.005804395678356191)
29 (9, 0.005804395678356191)
30 (16, 0.005804395678356191)
31 (17, 0.005804395678356191)
32 (18, 0.005804395678356191)
33 (19, 0.005804395678356191)
34 (29, 0.005804395678356191)
35 (33, 0.005804395678356191)
36 (34, 0.005804395678356191)
front-end
1 (5, 0.08461821493209955)
2 (27, 0.04926546617368871)
3 (7, 0.049037184319041104)
4 (24, 0.0474149114708538)
5 (29, 0.04513420402887606)
6 (23, 0.043817773142975844)
7 (3, 0.0436547602577107)
8 (19, 0.0436547602577107)
9 (34, 0.0436547602577107)
10 (32, 0.04182451435175298)
11 (0, 0.03921576644547671)
12 (6, 0.0372764725233649)
13 (9, 0.0372764725233649)
14 (10, 0.0372764725233649)
15 (12, 0.0372764725233649)
16 (13, 0.0372764725233649)
17 (14, 0.0372764725233649)
18 (16, 0.0372764725233649)
19 (18, 0.0372764725233649)
20 (22, 0.0372764725233649)
21 (26, 0.02708256528553319)
22 (15, 0.016283753086773222)
23 (11, 0.009225016682432603)
24 (25, 0.008887348726254136)
25 (21, 0.008552370837448434)
26 (30, 0.0068882447782700204)
27 (31, 0.005976894348564908)
28 (1, 0.005591470878504736)
29 (2, 0.005591470878504736)
30 (4, 0.005591470878504736)
31 (8, 0.005591470878504736)
32 (17, 0.005591470878504736)
33 (20, 0.005591470878504736)
34 (28, 0.005591470878504736)
35 (33, 0.005591470878504736)
36 (35, 0.005591470878504736)
front-end
1 (0, 0.049354642790195954)
2 (35, 0.047930069529107604)
3 (2, 0.042188456007818405)
4 (26, 0.034052287004463805)
5 (3, 0.03251069996746439)
6 (4, 0.03251069996746439)
7 (5, 0.03251069996746439)
8 (6, 0.03251069996746439)
9 (9, 0.03251069996746439)
10 (10, 0.03251069996746439)
11 (12, 0.03251069996746439)
12 (13, 0.03251069996746439)
13 (14, 0.03251069996746439)
14 (16, 0.03251069996746439)
15 (17, 0.03251069996746439)
16 (18, 0.03251069996746439)
17 (19, 0.03251069996746439)
18 (20, 0.03251069996746439)
19 (22, 0.03251069996746439)
20 (23, 0.03251069996746439)
21 (24, 0.03251069996746439)
22 (25, 0.03251069996746439)
23 (27, 0.03251069996746439)
24 (29, 0.03251069996746439)
25 (30, 0.03251069996746439)
26 (32, 0.03251069996746439)
27 (34, 0.03251069996746439)
28 (15, 0.016931497907312826)
29 (11, 0.015499370158576971)
30 (21, 0.011480683774379549)
31 (28, 0.009727992710697195)
32 (31, 0.005582480885288149)
33 (1, 0.00487660499511966)
34 (7, 0.00487660499511966)
35 (8, 0.00487660499511966)
36 (33, 0.00487660499511966)
front-end
1 (13, 0.1301419463022407)
2 (14, 0.08531145648460549)
3 (0, 0.07197472124104715)
4 (19, 0.05787344787571266)
5 (5, 0.04850814774744714)
6 (24, 0.04721417304550545)
7 (34, 0.046810239676389434)
8 (22, 0.04533382837393249)
9 (27, 0.04302102898037221)
10 (3, 0.042142506713821845)
11 (9, 0.042142506713821845)
12 (6, 0.041003158412395914)
13 (16, 0.03788799967492958)
14 (12, 0.03660089349256533)
15 (18, 0.036142839685950924)
16 (20, 0.01954644870157496)
17 (26, 0.01620267311804201)
18 (15, 0.013083175768575594)
19 (29, 0.012729552929735072)
20 (21, 0.012090422087766473)
21 (2, 0.010939111028556296)
22 (35, 0.009617363756659269)
23 (25, 0.009300800197109665)
24 (23, 0.008824377503538509)
25 (7, 0.008353867655932478)
26 (32, 0.00829423357630078)
27 (8, 0.007754063381280451)
28 (30, 0.0065992933434831725)
29 (11, 0.0061543557348318085)
30 (31, 0.005872811078519543)
31 (1, 0.0054214259528926395)
32 (4, 0.0054214259528926395)
33 (10, 0.0054214259528926395)
34 (17, 0.0054214259528926395)
35 (28, 0.0054214259528926395)
36 (33, 0.0054214259528926395)
front-end
1 (15, 0.06433442027093181)
2 (2, 0.04364507213457511)
3 (35, 0.0421702582304949)
4 (26, 0.03485832445029479)
5 (3, 0.03333883267939729)
6 (4, 0.03333883267939729)
7 (6, 0.03333883267939729)
8 (9, 0.03333883267939729)
9 (10, 0.03333883267939729)
10 (12, 0.03333883267939729)
11 (13, 0.03333883267939729)
12 (14, 0.03333883267939729)
13 (16, 0.03333883267939729)
14 (17, 0.03333883267939729)
15 (18, 0.03333883267939729)
16 (19, 0.03333883267939729)
17 (20, 0.03333883267939729)
18 (22, 0.03333883267939729)
19 (23, 0.03333883267939729)
20 (24, 0.03333883267939729)
21 (25, 0.03333883267939729)
22 (27, 0.03333883267939729)
23 (29, 0.03333883267939729)
24 (30, 0.03333883267939729)
25 (32, 0.03333883267939729)
26 (34, 0.03333883267939729)
27 (5, 0.017736714290996103)
28 (21, 0.01188415673402267)
29 (28, 0.010102501472468557)
30 (11, 0.008656842402306011)
31 (0, 0.007483296749552334)
32 (31, 0.005670794709979042)
33 (1, 0.005000824901909594)
34 (7, 0.005000824901909594)
35 (8, 0.005000824901909594)
36 (33, 0.005000824901909594)
front-end
1 (21, 0.04751191674496823)
2 (2, 0.04107352596958089)
3 (11, 0.03782377445156902)
4 (26, 0.0334386733452403)
5 (0, 0.03186713752832068)
6 (1, 0.03186713752832068)
7 (3, 0.03186713752832068)
8 (4, 0.03186713752832068)
9 (6, 0.03186713752832068)
10 (9, 0.03186713752832068)
11 (10, 0.03186713752832068)
12 (12, 0.03186713752832068)
13 (13, 0.03186713752832068)
14 (14, 0.03186713752832068)
15 (16, 0.03186713752832068)
16 (17, 0.03186713752832068)
17 (18, 0.03186713752832068)
18 (19, 0.03186713752832068)
19 (20, 0.03186713752832068)
20 (22, 0.03186713752832068)
21 (23, 0.03186713752832068)
22 (24, 0.03186713752832068)
23 (25, 0.03186713752832068)
24 (27, 0.03186713752832068)
25 (29, 0.03186713752832068)
26 (30, 0.03186713752832068)
27 (32, 0.03186713752832068)
28 (34, 0.03186713752832068)
29 (35, 0.03186713752832068)
30 (5, 0.009441327248373951)
31 (28, 0.009441327248373951)
32 (31, 0.005470734266884119)
33 (7, 0.004780070629248104)
34 (8, 0.004780070629248104)
35 (15, 0.004780070629248104)
36 (33, 0.004780070629248104)
front-end
1 (15, 0.0866561434872752)
2 (21, 0.049097275637618266)
3 (34, 0.04830105190100836)
4 (24, 0.04272321566776621)
5 (29, 0.04088997202569582)
6 (23, 0.04088381948403014)
7 (5, 0.038186413756624966)
8 (18, 0.037280558394272786)
9 (32, 0.03691647234647416)
10 (3, 0.03433330558618697)
11 (4, 0.03433330558618697)
12 (6, 0.03433330558618697)
13 (9, 0.03433330558618697)
14 (10, 0.03433330558618697)
15 (12, 0.03433330558618697)
16 (13, 0.03433330558618697)
17 (14, 0.03433330558618697)
18 (16, 0.03433330558618697)
19 (19, 0.03433330558618697)
20 (20, 0.03433330558618697)
21 (22, 0.03433330558618697)
22 (27, 0.03433330558618697)
23 (0, 0.026304715217202033)
24 (26, 0.015206384387811534)
25 (7, 0.014893691588219625)
26 (35, 0.013286579191393429)
27 (8, 0.011696287768015408)
28 (25, 0.007980146585113855)
29 (30, 0.006237094509894246)
30 (11, 0.006227230403584796)
31 (1, 0.005149995837928047)
32 (2, 0.005149995837928047)
33 (17, 0.005149995837928047)
34 (28, 0.005149995837928047)
35 (31, 0.005149995837928047)
36 (33, 0.005149995837928047)
user
1 (15, 0.1325138974722642)
2 (22, 0.04890482124386548)
3 (9, 0.047493024384364625)
4 (5, 0.04691468174637419)
5 (33, 0.046891983058794)
6 (3, 0.04674642618315487)
7 (13, 0.04601677938284736)
8 (20, 0.04601677938284736)
9 (24, 0.04601677938284736)
10 (28, 0.04601677938284736)
11 (27, 0.04315231215206617)
12 (16, 0.04054654746633839)
13 (1, 0.039169468789311615)
14 (12, 0.039169468789311615)
15 (23, 0.039169468789311615)
16 (31, 0.039169468789311615)
17 (0, 0.03516679179151062)
18 (6, 0.025114646416348516)
19 (11, 0.022952507382786726)
20 (21, 0.01793940301018116)
21 (7, 0.011665160149068142)
22 (26, 0.011395781752844957)
23 (30, 0.00820433958148512)
24 (8, 0.006970915691712168)
25 (34, 0.006625964025756514)
26 (10, 0.006551301656192623)
27 (4, 0.006501139599081488)
28 (2, 0.005875420318396741)
29 (14, 0.005875420318396741)
30 (17, 0.005875420318396741)
31 (18, 0.005875420318396741)
32 (19, 0.005875420318396741)
33 (25, 0.005875420318396741)
34 (29, 0.005875420318396741)
35 (32, 0.005875420318396741)
user
1 (26, 0.06851329582258738)
2 (21, 0.05909781894021135)
3 (3, 0.0465069529632259)
4 (5, 0.0465069529632259)
5 (9, 0.0465069529632259)
6 (20, 0.0465069529632259)
7 (24, 0.0465069529632259)
8 (27, 0.0465069529632259)
9 (28, 0.0465069529632259)
10 (33, 0.0465069529632259)
11 (16, 0.04116707108928772)
12 (7, 0.04053535738802329)
13 (1, 0.039532804389171)
14 (12, 0.039532804389171)
15 (13, 0.039532804389171)
16 (14, 0.039532804389171)
17 (17, 0.039532804389171)
18 (22, 0.039532804389171)
19 (23, 0.039532804389171)
20 (31, 0.039532804389171)
21 (15, 0.012904069232430553)
22 (8, 0.009771750834494126)
23 (30, 0.007557116139001039)
24 (11, 0.006906334492657301)
25 (0, 0.00592992065837565)
26 (2, 0.00592992065837565)
27 (4, 0.00592992065837565)
28 (6, 0.00592992065837565)
29 (10, 0.00592992065837565)
30 (18, 0.00592992065837565)
31 (19, 0.00592992065837565)
32 (25, 0.00592992065837565)
33 (29, 0.00592992065837565)
34 (32, 0.00592992065837565)
35 (34, 0.00592992065837565)
user
1 (11, 0.18650045677567478)
2 (0, 0.11825940900359161)
3 (5, 0.06859698531503094)
4 (31, 0.06520755625909273)
5 (3, 0.055330617875043335)
6 (24, 0.050688945039280106)
7 (15, 0.0503242384155707)
8 (27, 0.045927597348108015)
9 (9, 0.045416782270921906)
10 (13, 0.04490837209930256)
11 (1, 0.04105504917134323)
12 (6, 0.023090694183930886)
13 (33, 0.021336462475505732)
14 (21, 0.020008868429294436)
15 (28, 0.018633851364961554)
16 (20, 0.012306694223343647)
17 (22, 0.010526958349094371)
18 (7, 0.009725882047753697)
19 (25, 0.00834831831677913)
20 (30, 0.008289626104371998)
21 (29, 0.008006819013844547)
22 (34, 0.007350947928855438)
23 (26, 0.0071055896887970175)
24 (8, 0.007088270601889731)
25 (16, 0.006965402064235428)
26 (4, 0.006331271907813001)
27 (10, 0.006199117671562251)
28 (17, 0.006196555149411011)
29 (2, 0.005753237272228044)
30 (12, 0.005753237272228044)
31 (14, 0.005753237272228044)
32 (18, 0.005753237272228044)
33 (19, 0.005753237272228044)
34 (23, 0.005753237272228044)
35 (32, 0.005753237272228044)
user
1 (15, 0.11013612646685368)
2 (33, 0.04766110088180492)
3 (3, 0.04564700353687734)
4 (9, 0.04564700353687734)
5 (13, 0.04564700353687734)
6 (20, 0.04564700353687734)
7 (24, 0.04564700353687734)
8 (28, 0.04564700353687734)
9 (26, 0.04547511596073002)
10 (11, 0.043100804656828175)
11 (27, 0.042870415445452364)
12 (16, 0.04038746283852922)
13 (1, 0.03889531851168658)
14 (12, 0.03889531851168658)
15 (22, 0.03889531851168658)
16 (23, 0.03889531851168658)
17 (31, 0.03889531851168658)
18 (0, 0.0376690744473953)
19 (5, 0.02750149222664848)
20 (21, 0.023917278631898107)
21 (6, 0.018718860926096745)
22 (8, 0.010998538487809784)
23 (7, 0.010365692266265686)
24 (34, 0.007574348022963795)
25 (30, 0.006922097193497042)
26 (2, 0.005834297776752987)
27 (4, 0.005834297776752987)
28 (10, 0.005834297776752987)
29 (14, 0.005834297776752987)
30 (17, 0.005834297776752987)
31 (18, 0.005834297776752987)
32 (19, 0.005834297776752987)
33 (25, 0.005834297776752987)
34 (29, 0.005834297776752987)
35 (32, 0.005834297776752987)
user
1 (21, 0.05606779510674833)
2 (26, 0.048144160774871055)
3 (3, 0.04190318428761924)
4 (20, 0.04190318428761924)
5 (24, 0.04190318428761924)
6 (28, 0.04190318428761924)
7 (33, 0.04190318428761924)
8 (16, 0.037406617205712665)
9 (11, 0.0368906522790683)
10 (7, 0.036861085916935515)
11 (6, 0.036758413937936565)
12 (1, 0.0360906334619814)
13 (5, 0.0360906334619814)
14 (9, 0.0360906334619814)
15 (10, 0.0360906334619814)
16 (12, 0.0360906334619814)
17 (13, 0.0360906334619814)
18 (14, 0.0360906334619814)
19 (17, 0.0360906334619814)
20 (18, 0.0360906334619814)
21 (22, 0.0360906334619814)
22 (23, 0.0360906334619814)
23 (27, 0.0360906334619814)
24 (31, 0.0360906334619814)
25 (15, 0.011226145844935045)
26 (8, 0.00819268964649496)
27 (30, 0.006449522689065599)
28 (0, 0.005413595019297211)
29 (2, 0.005413595019297211)
30 (4, 0.005413595019297211)
31 (19, 0.005413595019297211)
32 (25, 0.005413595019297211)
33 (29, 0.005413595019297211)
34 (32, 0.005413595019297211)
35 (34, 0.005413595019297211)
user
1 (7, 0.10989478663691005)
2 (11, 0.056387067646563614)
3 (24, 0.05001461078949463)
4 (6, 0.049796422588660544)
5 (33, 0.048981613340244784)
6 (3, 0.04782017355534824)
7 (29, 0.04782017355534824)
8 (9, 0.04782017355534823)
9 (13, 0.04782017355534823)
10 (20, 0.04782017355534823)
11 (0, 0.045403060287603575)
12 (27, 0.0447640047680733)
13 (16, 0.04189633557602705)
14 (22, 0.04134295008401577)
15 (1, 0.04050053633115128)
16 (12, 0.04050053633115128)
17 (31, 0.04050053633115128)
18 (15, 0.026559575550369096)
19 (21, 0.016999599312335908)
20 (26, 0.011323010198346268)
21 (25, 0.007896118756884193)
22 (8, 0.007329850622420082)
23 (34, 0.007038893087785722)
24 (30, 0.0069437390376709505)
25 (2, 0.0060750804496726915)
26 (4, 0.0060750804496726915)
27 (5, 0.0060750804496726915)
28 (10, 0.0060750804496726915)
29 (14, 0.0060750804496726915)
30 (17, 0.0060750804496726915)
31 (18, 0.0060750804496726915)
32 (19, 0.0060750804496726915)
33 (23, 0.0060750804496726915)
34 (28, 0.0060750804496726915)
35 (32, 0.0060750804496726915)
user
1 (22, 0.06202179005770815)
2 (0, 0.047904710930224775)
3 (21, 0.04530057461854993)
4 (3, 0.04173110657701909)
5 (8, 0.04173110657701909)
6 (20, 0.04173110657701909)
7 (33, 0.04173110657701909)
8 (16, 0.037321450711382285)
9 (1, 0.03596042420923688)
10 (9, 0.03596042420923688)
11 (10, 0.03596042420923688)
12 (12, 0.03596042420923688)
13 (13, 0.03596042420923688)
14 (14, 0.03596042420923688)
15 (17, 0.03596042420923688)
16 (18, 0.03596042420923688)
17 (23, 0.03596042420923688)
18 (24, 0.03596042420923688)
19 (25, 0.03596042420923688)
20 (27, 0.03596042420923688)
21 (28, 0.03596042420923688)
22 (29, 0.03596042420923688)
23 (31, 0.03596042420923688)
24 (26, 0.024360108267014142)
25 (15, 0.01445475101590202)
26 (6, 0.011164745999167735)
27 (30, 0.007033886002482445)
28 (11, 0.006348747531240352)
29 (2, 0.0053940636313855326)
30 (4, 0.0053940636313855326)
31 (5, 0.0053940636313855326)
32 (7, 0.0053940636313855326)
33 (19, 0.0053940636313855326)
34 (32, 0.0053940636313855326)
35 (34, 0.0053940636313855326)
user
1 (15, 0.14880300129496823)
2 (11, 0.09132512231132785)
3 (5, 0.06638250360243378)
4 (27, 0.05149909782703415)
5 (0, 0.04706615744345701)
6 (24, 0.04602417052720702)
7 (28, 0.04521101531971889)
8 (33, 0.045125805502129315)
9 (9, 0.04451864155731648)
10 (3, 0.04423889050197473)
11 (13, 0.04346677779527663)
12 (31, 0.04300111678126483)
13 (6, 0.03770449014797396)
14 (1, 0.03726371795482088)
15 (12, 0.03726371795482088)
16 (7, 0.02375150885334222)
17 (21, 0.01880830012443114)
18 (22, 0.012368171770606439)
19 (20, 0.011792617533678879)
20 (26, 0.00866010378722711)
21 (25, 0.007908077877430803)
22 (16, 0.007436018174008441)
23 (8, 0.007360163971717722)
24 (30, 0.007240926137550396)
25 (29, 0.007169727482682459)
26 (34, 0.007093624384456075)
27 (4, 0.006289551430051936)
28 (10, 0.006100078098529766)
29 (2, 0.005589557693223132)
30 (14, 0.005589557693223132)
31 (17, 0.005589557693223132)
32 (18, 0.005589557693223132)
33 (19, 0.005589557693223132)
34 (23, 0.005589557693223132)
35 (32, 0.005589557693223132)
user
1 (21, 0.058177847054480744)
2 (26, 0.056621597435743104)
3 (3, 0.04276921713762272)
4 (5, 0.04276921713762272)
5 (20, 0.04276921713762272)
6 (24, 0.04276921713762272)
7 (33, 0.04276921713762272)
8 (16, 0.03811523063456854)
9 (7, 0.03763862528196115)
10 (1, 0.036744229063431)
11 (9, 0.036744229063431)
12 (10, 0.036744229063431)
13 (12, 0.036744229063431)
14 (13, 0.036744229063431)
15 (14, 0.036744229063431)
16 (17, 0.036744229063431)
17 (18, 0.036744229063431)
18 (22, 0.036744229063431)
19 (23, 0.036744229063431)
20 (27, 0.036744229063431)
21 (28, 0.036744229063431)
22 (29, 0.036744229063431)
23 (31, 0.036744229063431)
24 (15, 0.014975241019748868)
25 (8, 0.008831465883325854)
26 (30, 0.006927785174164558)
27 (11, 0.006353840063742463)
28 (0, 0.005511634359514651)
29 (2, 0.005511634359514651)
30 (4, 0.005511634359514651)
31 (6, 0.005511634359514651)
32 (19, 0.005511634359514651)
33 (25, 0.005511634359514651)
34 (32, 0.005511634359514651)
35 (34, 0.005511634359514651)
user
1 (15, 0.16976603836358967)
2 (11, 0.0864996817412551)
3 (5, 0.05606363296410854)
4 (24, 0.049534622074465996)
5 (28, 0.04917718601120065)
6 (33, 0.04893683521964317)
7 (31, 0.0487003531612161)
8 (27, 0.04864960286201595)
9 (3, 0.04679539626904208)
10 (9, 0.04658421412306701)
11 (13, 0.04601333309513433)
12 (1, 0.039165076409227416)
13 (12, 0.039165076409227416)
14 (0, 0.03449504022610891)
15 (6, 0.02448422936054719)
16 (21, 0.01976035225031367)
17 (22, 0.013035675690992182)
18 (20, 0.012723018147291024)
19 (7, 0.00996432456164423)
20 (26, 0.009295260037466065)
21 (25, 0.008887912625270646)
22 (29, 0.008116074302698315)
23 (16, 0.007499582288216239)
24 (8, 0.007438247741568394)
25 (30, 0.007353923504317355)
26 (34, 0.0072880840838332305)
27 (4, 0.006544106095877918)
28 (17, 0.006451190040738854)
29 (10, 0.0063633615716178135)
30 (2, 0.005874761461384112)
31 (14, 0.005874761461384112)
32 (18, 0.005874761461384112)
33 (19, 0.005874761461384112)
34 (23, 0.005874761461384112)
35 (32, 0.005874761461384112)
catalogue
1 (12, 0.0814881819973463)
2 (15, 0.07935496084560208)
3 (3, 0.06406325697267447)
4 (29, 0.04734294900386272)
5 (8, 0.04549330950421441)
6 (13, 0.04549330950421441)
7 (19, 0.04549330950421441)
8 (34, 0.04549330950421441)
9 (5, 0.04502453052411422)
10 (16, 0.04180128037503623)
11 (6, 0.040425659482238356)
12 (28, 0.03914886538693186)
13 (1, 0.03864029809883415)
14 (22, 0.03864029809883415)
15 (27, 0.03864029809883415)
16 (32, 0.03864029809883415)
17 (0, 0.03623367083678931)
18 (2, 0.02119543912695777)
19 (4, 0.020752077996822556)
20 (11, 0.01825246805219857)
21 (10, 0.016742814150063384)
22 (25, 0.01264905612020538)
23 (21, 0.012121665924098027)
24 (31, 0.010322527801671266)
25 (33, 0.010071756510770365)
26 (17, 0.0076587665681255)
27 (30, 0.006651239478871318)
28 (7, 0.005796044714825125)
29 (9, 0.005796044714825125)
30 (14, 0.005796044714825125)
31 (18, 0.005796044714825125)
32 (20, 0.005796044714825125)
33 (23, 0.005796044714825125)
34 (24, 0.005796044714825125)
35 (26, 0.005796044714825125)
36 (35, 0.005796044714825125)
catalogue
1 (21, 0.08025018465529953)
2 (34, 0.07823921879543037)
3 (15, 0.07090018364943279)
4 (29, 0.05414433155267291)
5 (33, 0.04752287405515457)
6 (8, 0.041225656384930656)
7 (13, 0.041225656384930656)
8 (19, 0.041225656384930656)
9 (25, 0.041225656384930656)
10 (0, 0.04036632326293029)
11 (35, 0.039344341878202314)
12 (6, 0.03933942016699384)
13 (1, 0.03544940145688005)
14 (16, 0.03544940145688005)
15 (22, 0.03544940145688005)
16 (27, 0.03544940145688005)
17 (32, 0.03544940145688005)
18 (10, 0.03267506501219589)
19 (11, 0.02544427186413831)
20 (2, 0.01932239925422716)
21 (12, 0.018055356975654056)
22 (30, 0.017333186567318536)
23 (31, 0.012935184521371702)
24 (5, 0.011768301171281213)
25 (3, 0.011093665146582613)
26 (17, 0.005941956461670979)
27 (4, 0.005317410218532009)
28 (7, 0.005317410218532009)
29 (9, 0.005317410218532009)
30 (14, 0.005317410218532009)
31 (18, 0.005317410218532009)
32 (20, 0.005317410218532009)
33 (23, 0.005317410218532009)
34 (24, 0.005317410218532009)
35 (26, 0.005317410218532009)
36 (28, 0.005317410218532009)
catalogue
1 (33, 0.11027490053935757)
2 (34, 0.08824905143605373)
3 (13, 0.06123541701308523)
4 (12, 0.05620706062079056)
5 (15, 0.052875928070308165)
6 (2, 0.05162156048924219)
7 (3, 0.04419037524353119)
8 (8, 0.04419037524353119)
9 (19, 0.04419037524353119)
10 (25, 0.04419037524353119)
11 (16, 0.03964147153840205)
12 (6, 0.038886576315522496)
13 (22, 0.037670087842212)
14 (32, 0.037670087842212)
15 (0, 0.036237891610775)
16 (35, 0.02746592531626702)
17 (10, 0.026517753296041658)
18 (14, 0.020420491881794747)
19 (5, 0.018067650891457537)
20 (21, 0.013947287401900583)
21 (29, 0.012789365104202807)
22 (31, 0.008412088717948372)
23 (27, 0.007626882629079823)
24 (17, 0.007246059100993972)
25 (11, 0.006332290733417314)
26 (23, 0.006311945084671292)
27 (30, 0.006185677248200832)
28 (28, 0.006140942891283762)
29 (1, 0.005650513176331801)
30 (4, 0.005650513176331801)
31 (7, 0.005650513176331801)
32 (9, 0.005650513176331801)
33 (18, 0.005650513176331801)
34 (20, 0.005650513176331801)
35 (24, 0.005650513176331801)
36 (26, 0.005650513176331801)
catalogue
1 (2, 0.10910103365585803)
2 (31, 0.06639184315139124)
3 (7, 0.05466203893408169)
4 (29, 0.052535402176325734)
5 (21, 0.0474813924433746)
6 (33, 0.042802819442345014)
7 (15, 0.04019639421055887)
8 (8, 0.0399187288104368)
9 (13, 0.0399187288104368)
10 (19, 0.0399187288104368)
11 (25, 0.0399187288104368)
12 (34, 0.0399187288104368)
13 (6, 0.03733711064375603)
14 (16, 0.037144696599629067)
15 (1, 0.03452618646648003)
16 (22, 0.03452618646648003)
17 (27, 0.03452618646648003)
18 (32, 0.03452618646648003)
19 (5, 0.031701548088162806)
20 (0, 0.02253374814857895)
21 (30, 0.017425741815410654)
22 (10, 0.01678919049754296)
23 (3, 0.011814517504997521)
24 (11, 0.011198275025773237)
25 (28, 0.0057076667085987146)
26 (17, 0.00568891133579089)
27 (4, 0.005178927969972005)
28 (9, 0.005178927969972005)
29 (12, 0.005178927969972005)
30 (14, 0.005178927969972005)
31 (18, 0.005178927969972005)
32 (20, 0.005178927969972005)
33 (23, 0.005178927969972005)
34 (24, 0.005178927969972005)
35 (26, 0.005178927969972005)
36 (35, 0.005178927969972005)
catalogue
1 (33, 0.06928215551879395)
2 (22, 0.0645577432588513)
3 (13, 0.06024841382934491)
4 (15, 0.055613141476119135)
5 (26, 0.05329882010028163)
6 (25, 0.05283533368386832)
7 (4, 0.05243550079925683)
8 (14, 0.052358224025816136)
9 (3, 0.052076391741224345)
10 (34, 0.05175085264057957)
11 (30, 0.051716942301905856)
12 (29, 0.051527338286578614)
13 (8, 0.034068077704667236)
14 (12, 0.03288416545492911)
15 (16, 0.031936806221085884)
16 (6, 0.03100640407175386)
17 (32, 0.029930249021323484)
18 (35, 0.023258475106328027)
19 (0, 0.02314762832696296)
20 (10, 0.01806336032676044)
21 (5, 0.014606140434779416)
22 (2, 0.011033971572042686)
23 (31, 0.010336082499654708)
24 (21, 0.010086835962502235)
25 (19, 0.008627366036542275)
26 (17, 0.006477959601629953)
27 (11, 0.005671977225706253)
28 (23, 0.0049655605352777925)
29 (28, 0.00477132076304349)
30 (1, 0.004489537353198524)
31 (7, 0.004489537353198524)
32 (9, 0.004489537353198524)
33 (18, 0.004489537353198524)
34 (20, 0.004489537353198524)
35 (24, 0.004489537353198524)
36 (27, 0.004489537353198524)
catalogue
1 (33, 0.08668375893238744)
2 (0, 0.07445603841549918)
3 (2, 0.04994601607311888)
4 (3, 0.04666889259101028)
5 (6, 0.04666889259101028)
6 (8, 0.04666889259101028)
7 (13, 0.04666889259101028)
8 (19, 0.04666889259101028)
9 (25, 0.04666889259101028)
10 (29, 0.04666889259101028)
11 (34, 0.04666889259101028)
12 (1, 0.03950536536409225)
13 (16, 0.03950536536409225)
14 (18, 0.03950536536409225)
15 (22, 0.03950536536409225)
16 (27, 0.03950536536409225)
17 (32, 0.03950536536409225)
18 (15, 0.029154191746189807)
19 (10, 0.028912604815126676)
20 (21, 0.014807173666770304)
21 (5, 0.01308933203153187)
22 (31, 0.00863671162472904)
23 (28, 0.006895377322031287)
24 (4, 0.005925804804613839)
25 (7, 0.005925804804613839)
26 (9, 0.005925804804613839)
27 (11, 0.005925804804613839)
28 (12, 0.005925804804613839)
29 (14, 0.005925804804613839)
30 (17, 0.005925804804613839)
31 (20, 0.005925804804613839)
32 (23, 0.005925804804613839)
33 (24, 0.005925804804613839)
34 (26, 0.005925804804613839)
35 (30, 0.005925804804613839)
36 (35, 0.005925804804613839)
catalogue
1 (15, 0.05592661460359835)
2 (12, 0.05047493815600357)
3 (5, 0.044153124159637354)
4 (4, 0.043337428329282356)
5 (8, 0.043337428329282356)
6 (13, 0.043337428329282356)
7 (19, 0.043337428329282356)
8 (25, 0.043337428329282356)
9 (29, 0.043337428329282356)
10 (34, 0.043337428329282356)
11 (6, 0.04106359903101216)
12 (31, 0.03909584358978336)
13 (11, 0.037864460862027806)
14 (1, 0.03704009343518555)
15 (2, 0.03704009343518555)
16 (16, 0.03704009343518555)
17 (18, 0.03704009343518555)
18 (22, 0.03704009343518555)
19 (27, 0.03704009343518555)
20 (28, 0.03704009343518555)
21 (32, 0.03704009343518555)
22 (33, 0.03704009343518555)
23 (21, 0.015453385140901024)
24 (0, 0.011853348909374641)
25 (17, 0.006275692157959066)
26 (3, 0.005556014015277833)
27 (7, 0.005556014015277833)
28 (9, 0.005556014015277833)
29 (10, 0.005556014015277833)
30 (14, 0.005556014015277833)
31 (20, 0.005556014015277833)
32 (23, 0.005556014015277833)
33 (24, 0.005556014015277833)
34 (26, 0.005556014015277833)
35 (30, 0.005556014015277833)
36 (35, 0.005556014015277833)
catalogue
1 (2, 0.040843585637871736)
2 (3, 0.03872543276760443)
3 (6, 0.03872543276760443)
4 (19, 0.03872543276760443)
5 (25, 0.03872543276760443)
6 (29, 0.03872543276760443)
7 (34, 0.03872543276760443)
8 (21, 0.03734863568290277)
9 (33, 0.03734447557560796)
10 (28, 0.03425230943305279)
11 (0, 0.0335567963018568)
12 (1, 0.0335567963018568)
13 (5, 0.0335567963018568)
14 (7, 0.0335567963018568)
15 (8, 0.0335567963018568)
16 (9, 0.0335567963018568)
17 (10, 0.0335567963018568)
18 (11, 0.0335567963018568)
19 (12, 0.0335567963018568)
20 (13, 0.0335567963018568)
21 (14, 0.0335567963018568)
22 (16, 0.0335567963018568)
23 (17, 0.0335567963018568)
24 (18, 0.0335567963018568)
25 (22, 0.0335567963018568)
26 (27, 0.0335567963018568)
27 (32, 0.0335567963018568)
28 (31, 0.0064326681969352996)
29 (15, 0.0057255556194876715)
30 (4, 0.005033519445278521)
31 (20, 0.005033519445278521)
32 (23, 0.005033519445278521)
33 (24, 0.005033519445278521)
34 (26, 0.005033519445278521)
35 (30, 0.005033519445278521)
36 (35, 0.005033519445278521)
catalogue
1 (2, 0.08862935955108348)
2 (33, 0.05797531788521508)
3 (31, 0.04940805417162556)
4 (3, 0.04069340034753274)
5 (8, 0.04069340034753274)
6 (13, 0.04069340034753274)
7 (19, 0.04069340034753274)
8 (25, 0.04069340034753274)
9 (29, 0.04069340034753274)
10 (34, 0.04069340034753274)
11 (7, 0.03967025235371377)
12 (15, 0.03960475766832349)
13 (6, 0.038833507289437554)
14 (1, 0.035057979441352596)
15 (12, 0.035057979441352596)
16 (16, 0.035057979441352596)
17 (18, 0.035057979441352596)
18 (22, 0.035057979441352596)
19 (27, 0.035057979441352596)
20 (32, 0.035057979441352596)
21 (21, 0.032349871247449986)
22 (5, 0.029645485577182808)
23 (0, 0.01761882364044629)
24 (10, 0.01158258973815192)
25 (28, 0.005929501861029881)
26 (11, 0.005905851332113901)
27 (4, 0.005258696916202891)
28 (9, 0.005258696916202891)
29 (14, 0.005258696916202891)
30 (17, 0.005258696916202891)
31 (20, 0.005258696916202891)
32 (23, 0.005258696916202891)
33 (24, 0.005258696916202891)
34 (26, 0.005258696916202891)
35 (30, 0.005258696916202891)
36 (35, 0.005258696916202891)
catalogue
1 (33, 0.12803166088136547)
2 (15, 0.07369492580208126)
3 (2, 0.048687607987746635)
4 (12, 0.04464507838305863)
5 (3, 0.042804826781365414)
6 (8, 0.042804826781365414)
7 (13, 0.042804826781365414)
8 (19, 0.042804826781365414)
9 (25, 0.042804826781365414)
10 (29, 0.042804826781365414)
11 (34, 0.042804826781365414)
12 (6, 0.040548500674977214)
13 (1, 0.03663367872690975)
14 (16, 0.03663367872690975)
15 (22, 0.03663367872690975)
16 (27, 0.03663367872690975)
17 (32, 0.03663367872690975)
18 (0, 0.03532305888856148)
19 (10, 0.02660714628189662)
20 (5, 0.0187848867229567)
21 (21, 0.015201180149808443)
22 (31, 0.007900408536649235)
23 (17, 0.006337691069317649)
24 (4, 0.005495051809036464)
25 (7, 0.005495051809036464)
26 (9, 0.005495051809036464)
27 (11, 0.005495051809036464)
28 (14, 0.005495051809036464)
29 (18, 0.005495051809036464)
30 (20, 0.005495051809036464)
31 (23, 0.005495051809036464)
32 (24, 0.005495051809036464)
33 (26, 0.005495051809036464)
34 (28, 0.005495051809036464)
35 (30, 0.005495051809036464)
36 (35, 0.005495051809036464)
orders
1 (7, 0.10055073074806117)
2 (3, 0.045984616878470025)
3 (9, 0.045984616878470025)
4 (14, 0.045984616878470025)
5 (18, 0.045984616878470025)
6 (23, 0.045984616878470025)
7 (27, 0.045984616878470025)
8 (32, 0.045984616878470025)
9 (1, 0.03929200059000948)
10 (2, 0.03929200059000948)
11 (6, 0.03929200059000948)
12 (11, 0.03929200059000948)
13 (12, 0.03929200059000948)
14 (13, 0.03929200059000948)
15 (17, 0.03929200059000948)
16 (21, 0.03929200059000948)
17 (22, 0.03929200059000948)
18 (26, 0.03929200059000948)
19 (30, 0.03929200059000948)
20 (10, 0.03688218973365821)
21 (29, 0.015530227769395976)
22 (5, 0.012586416376961966)
23 (16, 0.012053735119244824)
24 (20, 0.008074207032438139)
25 (25, 0.00717396778433248)
26 (0, 0.0058938000885014235)
27 (4, 0.0058938000885014235)
28 (8, 0.0058938000885014235)
29 (15, 0.0058938000885014235)
30 (19, 0.0058938000885014235)
31 (24, 0.0058938000885014235)
32 (28, 0.0058938000885014235)
33 (31, 0.0058938000885014235)
34 (33, 0.0058938000885014235)
orders
1 (10, 0.06885189360045443)
2 (29, 0.05218633543278882)
3 (3, 0.04547969276372428)
4 (9, 0.04547969276372428)
5 (18, 0.04547969276372428)
6 (23, 0.04547969276372428)
7 (27, 0.04547969276372428)
8 (32, 0.04547969276372428)
9 (26, 0.04216425453708155)
10 (25, 0.04001310097117235)
11 (2, 0.039702261659887245)
12 (1, 0.03891489720348239)
13 (6, 0.03891489720348239)
14 (11, 0.03891489720348239)
15 (12, 0.03891489720348239)
16 (13, 0.03891489720348239)
17 (14, 0.03891489720348239)
18 (15, 0.03891489720348239)
19 (21, 0.03891489720348239)
20 (22, 0.03891489720348239)
21 (30, 0.03891489720348239)
22 (5, 0.012402030140764252)
23 (16, 0.011510135911725665)
24 (7, 0.010856787650762274)
25 (20, 0.007750960253492625)
26 (0, 0.0058372345805223595)
27 (4, 0.0058372345805223595)
28 (8, 0.0058372345805223595)
29 (17, 0.0058372345805223595)
30 (19, 0.0058372345805223595)
31 (24, 0.0058372345805223595)
32 (28, 0.0058372345805223595)
33 (31, 0.0058372345805223595)
34 (33, 0.0058372345805223595)
orders
1 (10, 0.061701653907223264)
2 (7, 0.045064339564703564)
3 (3, 0.042124189104759076)
4 (23, 0.042124189104759076)
5 (27, 0.042124189104759076)
6 (32, 0.042124189104759076)
7 (25, 0.03754837659327738)
8 (1, 0.036385162002070336)
9 (2, 0.036385162002070336)
10 (6, 0.036385162002070336)
11 (8, 0.036385162002070336)
12 (9, 0.036385162002070336)
13 (11, 0.036385162002070336)
14 (12, 0.036385162002070336)
15 (13, 0.036385162002070336)
16 (14, 0.036385162002070336)
17 (15, 0.036385162002070336)
18 (17, 0.036385162002070336)
19 (18, 0.036385162002070336)
20 (19, 0.036385162002070336)
21 (21, 0.036385162002070336)
22 (22, 0.036385162002070336)
23 (26, 0.036385162002070336)
24 (30, 0.036385162002070336)
25 (5, 0.011196801402999298)
26 (16, 0.01065860885846755)
27 (20, 0.007166356391133948)
28 (29, 0.006872707026099658)
29 (0, 0.005457774300310551)
30 (4, 0.005457774300310551)
31 (24, 0.005457774300310551)
32 (28, 0.005457774300310551)
33 (31, 0.005457774300310551)
34 (33, 0.005457774300310551)
orders
1 (10, 0.07922007484478855)
2 (7, 0.04984053233865904)
3 (3, 0.04628304416243862)
4 (9, 0.04628304416243862)
5 (18, 0.04628304416243862)
6 (23, 0.04628304416243862)
7 (26, 0.04628304416243862)
8 (27, 0.04628304416243862)
9 (32, 0.04628304416243862)
10 (25, 0.04083756007429286)
11 (1, 0.03951442304434584)
12 (2, 0.03951442304434584)
13 (6, 0.03951442304434584)
14 (11, 0.03951442304434584)
15 (12, 0.03951442304434584)
16 (13, 0.03951442304434584)
17 (15, 0.03951442304434584)
18 (21, 0.03951442304434584)
19 (22, 0.03951442304434584)
20 (30, 0.03951442304434584)
21 (16, 0.02359975398014181)
22 (0, 0.012695784574744663)
23 (20, 0.008022366991333301)
24 (29, 0.007386753048992309)
25 (4, 0.005927163456651877)
26 (5, 0.005927163456651877)
27 (8, 0.005927163456651877)
28 (14, 0.005927163456651877)
29 (17, 0.005927163456651877)
30 (19, 0.005927163456651877)
31 (24, 0.005927163456651877)
32 (28, 0.005927163456651877)
33 (31, 0.005927163456651877)
34 (33, 0.005927163456651877)
orders
1 (10, 0.07941081577123232)
2 (7, 0.05026409927234028)
3 (3, 0.046795878983357006)
4 (9, 0.046795878983357006)
5 (18, 0.046795878983357006)
6 (23, 0.046795878983357006)
7 (26, 0.046795878983357006)
8 (27, 0.046795878983357006)
9 (32, 0.046795878983357006)
10 (25, 0.04119248881178092)
11 (1, 0.039895901933659605)
12 (2, 0.039895901933659605)
13 (6, 0.039895901933659605)
14 (11, 0.039895901933659605)
15 (12, 0.039895901933659605)
16 (13, 0.039895901933659605)
17 (15, 0.039895901933659605)
18 (21, 0.039895901933659605)
19 (22, 0.039895901933659605)
20 (30, 0.039895901933659605)
21 (16, 0.014308059107518369)
22 (0, 0.012884362339746346)
23 (20, 0.008313589680245734)
24 (29, 0.00725255989655153)
25 (4, 0.0059843852900489415)
26 (5, 0.0059843852900489415)
27 (8, 0.0059843852900489415)
28 (14, 0.0059843852900489415)
29 (17, 0.0059843852900489415)
30 (19, 0.0059843852900489415)
31 (24, 0.0059843852900489415)
32 (28, 0.0059843852900489415)
33 (31, 0.0059843852900489415)
34 (33, 0.0059843852900489415)
orders
1 (16, 0.16152350336431734)
2 (0, 0.10361850367807711)
3 (15, 0.08323568194589279)
4 (13, 0.06841031030922605)
5 (18, 0.052653817718513025)
6 (14, 0.052188164789951884)
7 (11, 0.04828496046088095)
8 (3, 0.045291697371123506)
9 (9, 0.045291697371123506)
10 (32, 0.045291697371123506)
11 (26, 0.043824838639324064)
12 (30, 0.038768510263697625)
13 (5, 0.03273770336585311)
14 (12, 0.026223771101795926)
15 (10, 0.015776571929203075)
16 (19, 0.012338463646980524)
17 (23, 0.012338463646980524)
18 (27, 0.012338463646980524)
19 (7, 0.008127356893601)
20 (25, 0.00795146685899306)
21 (20, 0.0068250371752257314)
22 (29, 0.0066991147020140735)
23 (2, 0.006292161814020075)
24 (1, 0.005815276539554645)
25 (4, 0.005815276539554645)
26 (6, 0.005815276539554645)
27 (8, 0.005815276539554645)
28 (17, 0.005815276539554645)
29 (21, 0.005815276539554645)
30 (22, 0.005815276539554645)
31 (24, 0.005815276539554645)
32 (28, 0.005815276539554645)
33 (31, 0.005815276539554645)
34 (33, 0.005815276539554645)
orders
1 (10, 0.11800902823694356)
2 (16, 0.054422340482846505)
3 (3, 0.045600055419866746)
4 (9, 0.045600055419866746)
5 (12, 0.045600055419866746)
6 (18, 0.045600055419866746)
7 (23, 0.045600055419866746)
8 (27, 0.045600055419866746)
9 (32, 0.045600055419866746)
10 (11, 0.04332381395611941)
11 (26, 0.04254124373371118)
12 (6, 0.040921738475300645)
13 (2, 0.03972878421551119)
14 (5, 0.03962578976604715)
15 (1, 0.03900169157480624)
16 (21, 0.03900169157480624)
17 (22, 0.03900169157480624)
18 (30, 0.03900169157480624)
19 (14, 0.029925557357365615)
20 (29, 0.019725520524601078)
21 (0, 0.012448617581281445)
22 (7, 0.00911597999139476)
23 (25, 0.008985983514577)
24 (20, 0.007515910563798898)
25 (4, 0.005850253736220937)
26 (8, 0.005850253736220937)
27 (13, 0.005850253736220937)
28 (15, 0.005850253736220937)
29 (17, 0.005850253736220937)
30 (19, 0.005850253736220937)
31 (24, 0.005850253736220937)
32 (28, 0.005850253736220937)
33 (31, 0.005850253736220937)
34 (33, 0.005850253736220937)
orders
1 (16, 0.14429088893025474)
2 (0, 0.08987983745142877)
3 (14, 0.07331567058197005)
4 (5, 0.05399036778534194)
5 (3, 0.0445911789380455)
6 (9, 0.0445911789380455)
7 (12, 0.0445911789380455)
8 (18, 0.0445911789380455)
9 (23, 0.0445911789380455)
10 (27, 0.0445911789380455)
11 (32, 0.0445911789380455)
12 (11, 0.04404692701002409)
13 (6, 0.04021076622668045)
14 (1, 0.03824864077740702)
15 (26, 0.03824864077740702)
16 (30, 0.03824864077740702)
17 (10, 0.018097500062295036)
18 (7, 0.008664648580387882)
19 (29, 0.008540087591689885)
20 (25, 0.00807838207233314)
21 (15, 0.00747931294189205)
22 (20, 0.007100471574458539)
23 (2, 0.006310707009982243)
24 (4, 0.005737296116611054)
25 (8, 0.005737296116611054)
26 (13, 0.005737296116611054)
27 (17, 0.005737296116611054)
28 (19, 0.005737296116611054)
29 (21, 0.005737296116611054)
30 (22, 0.005737296116611054)
31 (24, 0.005737296116611054)
32 (28, 0.005737296116611054)
33 (31, 0.005737296116611054)
34 (33, 0.005737296116611054)
orders
1 (16, 0.11330600782417898)
2 (0, 0.06400331110432994)
3 (15, 0.05438446408193104)
4 (26, 0.04512782354235655)
5 (14, 0.045121232510796645)
6 (3, 0.043823462890380485)
7 (9, 0.043823462890380485)
8 (13, 0.043823462890380485)
9 (18, 0.043823462890380485)
10 (23, 0.043823462890380485)
11 (27, 0.043823462890380485)
12 (32, 0.043823462890380485)
13 (11, 0.043649510827806805)
14 (1, 0.037658942662614214)
15 (6, 0.037658942662614214)
16 (21, 0.037658942662614214)
17 (22, 0.037658942662614214)
18 (30, 0.037658942662614214)
19 (5, 0.030546186930278357)
20 (10, 0.017900997835761837)
21 (25, 0.010694417187386401)
22 (29, 0.008380561394967194)
23 (7, 0.007402674265117886)
24 (20, 0.007170470032218232)
25 (2, 0.006413816322606611)
26 (4, 0.005648841399392133)
27 (8, 0.005648841399392133)
28 (12, 0.005648841399392133)
29 (17, 0.005648841399392133)
30 (19, 0.005648841399392133)
31 (24, 0.005648841399392133)
32 (28, 0.005648841399392133)
33 (31, 0.005648841399392133)
34 (33, 0.005648841399392133)
orders
1 (10, 0.046114730169207696)
2 (29, 0.04390377174026163)
3 (4, 0.04151124331368819)
4 (8, 0.04151124331368819)
5 (23, 0.04151124331368819)
6 (26, 0.04151124331368819)
7 (32, 0.04151124331368819)
8 (16, 0.038586434763203344)
9 (25, 0.03685964218183452)
10 (2, 0.03661600054222356)
11 (0, 0.03591845369927999)
12 (1, 0.03591845369927999)
13 (6, 0.03591845369927999)
14 (11, 0.03591845369927999)
15 (12, 0.03591845369927999)
16 (13, 0.03591845369927999)
17 (14, 0.03591845369927999)
18 (15, 0.03591845369927999)
19 (18, 0.03591845369927999)
20 (19, 0.03591845369927999)
21 (21, 0.03591845369927999)
22 (22, 0.03591845369927999)
23 (27, 0.03591845369927999)
24 (28, 0.03591845369927999)
25 (30, 0.03591845369927999)
26 (20, 0.007005250533361897)
27 (7, 0.006866771628022705)
28 (3, 0.005387768054891999)
29 (5, 0.005387768054891999)
30 (9, 0.005387768054891999)
31 (17, 0.005387768054891999)
32 (24, 0.005387768054891999)
33 (31, 0.005387768054891999)
34 (33, 0.005387768054891999)
carts
1 (27, 0.06000393644422229)
2 (5, 0.047685070118727274)
3 (22, 0.04331949992313202)
4 (24, 0.038028026936137854)
5 (1, 0.0329166086775451)
6 (3, 0.0329166086775451)
7 (4, 0.0329166086775451)
8 (6, 0.0329166086775451)
9 (8, 0.0329166086775451)
10 (9, 0.0329166086775451)
11 (11, 0.0329166086775451)
12 (12, 0.0329166086775451)
13 (13, 0.0329166086775451)
14 (14, 0.0329166086775451)
15 (15, 0.0329166086775451)
16 (18, 0.0329166086775451)
17 (19, 0.0329166086775451)
18 (20, 0.0329166086775451)
19 (25, 0.0329166086775451)
20 (26, 0.0329166086775451)
21 (28, 0.0329166086775451)
22 (30, 0.0329166086775451)
23 (31, 0.0329166086775451)
24 (33, 0.0329166086775451)
25 (35, 0.0329166086775451)
26 (36, 0.0329166086775451)
27 (32, 0.02114284036068906)
28 (21, 0.010801585427741369)
29 (34, 0.01004890956022451)
30 (17, 0.009535338185343797)
31 (7, 0.005644454327998899)
32 (0, 0.004937491301631767)
33 (2, 0.004937491301631767)
34 (10, 0.004937491301631767)
35 (16, 0.004937491301631767)
36 (23, 0.004937491301631767)
37 (29, 0.004937491301631767)
carts
1 (32, 0.14092209895290886)
2 (21, 0.09500161072026314)
3 (1, 0.08505637783328657)
4 (0, 0.07750457920924285)
5 (15, 0.04813476165124385)
6 (30, 0.04272918179416757)
7 (12, 0.04148435287187033)
8 (25, 0.04088662508369831)
9 (3, 0.040456015327714805)
10 (10, 0.039763002573498976)
11 (11, 0.038735807095947816)
12 (33, 0.03727857133819759)
13 (28, 0.03724534976899928)
14 (6, 0.03353250986810668)
15 (14, 0.023680622150463737)
16 (22, 0.022037563741881188)
17 (19, 0.015048660094388537)
18 (34, 0.013893249924539176)
19 (35, 0.013233329705765542)
20 (8, 0.011193579158884949)
21 (18, 0.007169208905553562)
22 (20, 0.007099965671636902)
23 (5, 0.006877372774931285)
24 (23, 0.006874839404630881)
25 (27, 0.0067279251388839105)
26 (36, 0.006693021554685013)
27 (31, 0.006132162314550694)
28 (17, 0.005966190472097346)
29 (2, 0.005835285897979133)
30 (13, 0.005693227131101706)
31 (26, 0.005601085007867511)
32 (9, 0.005454778433025947)
33 (4, 0.005211417685597287)
34 (7, 0.005211417685597287)
35 (16, 0.005211417685597287)
36 (24, 0.005211417685597287)
37 (29, 0.005211417685597287)
carts
1 (22, 0.11998263382979941)
2 (19, 0.06075637730157544)
3 (34, 0.05262710919407317)
4 (33, 0.052347200899222346)
5 (21, 0.047576964848215816)
6 (25, 0.04641605725994802)
7 (30, 0.04532794809310262)
8 (12, 0.04393402914039925)
9 (32, 0.04393402914039925)
10 (11, 0.04238154349002976)
11 (1, 0.04123857895559033)
12 (6, 0.03735255291227145)
13 (8, 0.03735255291227145)
14 (9, 0.03735255291227145)
15 (15, 0.03735255291227145)
16 (28, 0.03735255291227145)
17 (14, 0.03195558479778052)
18 (0, 0.02166746624106187)
19 (20, 0.019916320129443228)
20 (23, 0.014119059798726016)
21 (10, 0.013674300628599647)
22 (3, 0.012184359164968512)
23 (35, 0.012184359164968512)
24 (18, 0.008570052223430852)
25 (5, 0.007902648218716982)
26 (26, 0.007715133056903204)
27 (2, 0.007249428241645465)
28 (17, 0.007237713389988877)
29 (31, 0.006789392348011466)
30 (27, 0.00632876532415712)
31 (4, 0.005602882936840719)
32 (7, 0.005602882936840719)
33 (13, 0.005602882936840719)
34 (16, 0.005602882936840719)
35 (24, 0.005602882936840719)
36 (29, 0.005602882936840719)
37 (36, 0.005602882936840719)
carts
1 (15, 0.12940673005360684)
2 (35, 0.08901913260655744)
3 (22, 0.07545998583196771)
4 (11, 0.07150294984149534)
5 (34, 0.06726848785331362)
6 (0, 0.04899794437394889)
7 (33, 0.048690663490015045)
8 (26, 0.047802323267595904)
9 (14, 0.04245948676667007)
10 (30, 0.04000239460918279)
11 (9, 0.03913949887101972)
12 (1, 0.037226987320584146)
13 (10, 0.03498300293077251)
14 (13, 0.032253239592602914)
15 (12, 0.025727747431996788)
16 (21, 0.021417176023221116)
17 (20, 0.013289692638978277)
18 (25, 0.012782325598857969)
19 (3, 0.011492095036714106)
20 (32, 0.009787850057317356)
21 (28, 0.007323959246967102)
22 (18, 0.006910935670553626)
23 (23, 0.00681406088761978)
24 (5, 0.006538419547307342)
25 (2, 0.006487705434340622)
26 (19, 0.00642695800329641)
27 (27, 0.006211379731532793)
28 (17, 0.006007616780224358)
29 (31, 0.00589582679562954)
30 (6, 0.005892833617142818)
31 (36, 0.005634235706041403)
32 (4, 0.005604560832751367)
33 (7, 0.005287488026405295)
34 (8, 0.005063576380942254)
35 (16, 0.005063576380942254)
36 (24, 0.005063576380942254)
37 (29, 0.005063576380942254)
carts
1 (22, 0.0325723476837759)
2 (32, 0.0325723476837759)
3 (17, 0.030352734382542875)
4 (5, 0.030011371832717026)
5 (7, 0.029587125853169246)
6 (0, 0.028689442192326622)
7 (1, 0.028689442192326622)
8 (2, 0.028689442192326622)
9 (3, 0.028689442192326622)
10 (4, 0.028689442192326622)
11 (6, 0.028689442192326622)
12 (8, 0.028689442192326622)
13 (9, 0.028689442192326622)
14 (10, 0.028689442192326622)
15 (11, 0.028689442192326622)
16 (12, 0.028689442192326622)
17 (13, 0.028689442192326622)
18 (14, 0.028689442192326622)
19 (15, 0.028689442192326622)
20 (16, 0.028689442192326622)
21 (18, 0.028689442192326622)
22 (19, 0.028689442192326622)
23 (20, 0.028689442192326622)
24 (23, 0.028689442192326622)
25 (24, 0.028689442192326622)
26 (25, 0.028689442192326622)
27 (26, 0.028689442192326622)
28 (27, 0.028689442192326622)
29 (28, 0.028689442192326622)
30 (30, 0.028689442192326622)
31 (31, 0.028689442192326622)
32 (33, 0.028689442192326622)
33 (35, 0.028689442192326622)
34 (36, 0.028689442192326622)
35 (21, 0.004303416328848994)
36 (29, 0.004303416328848994)
37 (34, 0.004303416328848994)
carts
1 (22, 0.03784854282625717)
2 (17, 0.03585312368931075)
3 (32, 0.03393809419660915)
4 (5, 0.031313682566292016)
5 (21, 0.03043111477835134)
6 (0, 0.029759999398543173)
7 (1, 0.029759999398543173)
8 (2, 0.029759999398543173)
9 (3, 0.029759999398543173)
10 (4, 0.029759999398543173)
11 (6, 0.029759999398543173)
12 (8, 0.029759999398543173)
13 (9, 0.029759999398543173)
14 (10, 0.029759999398543173)
15 (11, 0.029759999398543173)
16 (12, 0.029759999398543173)
17 (13, 0.029759999398543173)
18 (14, 0.029759999398543173)
19 (15, 0.029759999398543173)
20 (18, 0.029759999398543173)
21 (19, 0.029759999398543173)
22 (20, 0.029759999398543173)
23 (24, 0.029759999398543173)
24 (25, 0.029759999398543173)
25 (26, 0.029759999398543173)
26 (27, 0.029759999398543173)
27 (28, 0.029759999398543173)
28 (30, 0.029759999398543173)
29 (31, 0.029759999398543173)
30 (33, 0.029759999398543173)
31 (35, 0.029759999398543173)
32 (36, 0.029759999398543173)
33 (34, 0.008642094707847449)
34 (7, 0.005061363745321808)
35 (16, 0.004463999909781477)
36 (23, 0.004463999909781477)
37 (29, 0.004463999909781477)
carts
1 (22, 0.1252916965698485)
2 (34, 0.08270630524596893)
3 (0, 0.0617835178780698)
4 (14, 0.05318424256134193)
5 (33, 0.04873448041666664)
6 (12, 0.0484563796686398)
7 (25, 0.04766689761626163)
8 (10, 0.04505012399580499)
9 (19, 0.043753338796631465)
10 (35, 0.04142346986611819)
11 (30, 0.041248293338481776)
12 (8, 0.040693870714596445)
13 (1, 0.03942332346332474)
14 (28, 0.03740466706167502)
15 (11, 0.037312781313361194)
16 (27, 0.03696439394433028)
17 (21, 0.02888998419444099)
18 (3, 0.012005772604734021)
19 (26, 0.011961365822933947)
20 (13, 0.011819775290560566)
21 (32, 0.009987862925016265)
22 (17, 0.007009043888404264)
23 (5, 0.006798477458401331)
24 (20, 0.006582724446328664)
25 (23, 0.006379414780820665)
26 (18, 0.00632843978602152)
27 (4, 0.006215789926296432)
28 (36, 0.006185526400319119)
29 (31, 0.006017110410231133)
30 (2, 0.005735995612922896)
31 (9, 0.00550388475048576)
32 (7, 0.005488304886923588)
33 (6, 0.005198548872807495)
34 (15, 0.005198548872807495)
35 (16, 0.005198548872807495)
36 (24, 0.005198548872807495)
37 (29, 0.005198548872807495)
carts
1 (32, 0.08627513667425454)
2 (14, 0.04580624866113356)
3 (11, 0.044591430016661805)
4 (21, 0.04180259754829419)
5 (3, 0.04052747543850832)
6 (30, 0.04052747543850832)
7 (35, 0.04052747543850832)
8 (1, 0.03938331236309881)
9 (27, 0.03840450725558657)
10 (18, 0.03683192520123383)
11 (6, 0.034810596165565345)
12 (8, 0.034810596165565345)
13 (9, 0.034810596165565345)
14 (12, 0.034810596165565345)
15 (13, 0.034810596165565345)
16 (15, 0.034810596165565345)
17 (19, 0.034810596165565345)
18 (20, 0.034810596165565345)
19 (25, 0.034810596165565345)
20 (26, 0.034810596165565345)
21 (28, 0.034810596165565345)
22 (33, 0.034810596165565345)
23 (22, 0.023720913655608706)
24 (34, 0.016899362825078736)
25 (23, 0.009536506875156562)
26 (24, 0.008933904238631031)
27 (5, 0.008380959639471011)
28 (10, 0.008368798237356917)
29 (17, 0.007871719886084377)
30 (2, 0.007331970646196577)
31 (0, 0.005221589424834803)
32 (4, 0.005221589424834803)
33 (7, 0.005221589424834803)
34 (16, 0.005221589424834803)
35 (29, 0.005221589424834803)
36 (31, 0.005221589424834803)
37 (36, 0.005221589424834803)
carts
1 (5, 0.029426536733097513)
2 (17, 0.029284236691268454)
3 (0, 0.02756337413105809)
4 (1, 0.02756337413105809)
5 (2, 0.02756337413105809)
6 (3, 0.02756337413105809)
7 (4, 0.02756337413105809)
8 (6, 0.02756337413105809)
9 (7, 0.02756337413105809)
10 (8, 0.02756337413105809)
11 (9, 0.02756337413105809)
12 (10, 0.02756337413105809)
13 (11, 0.02756337413105809)
14 (12, 0.02756337413105809)
15 (13, 0.02756337413105809)
16 (14, 0.02756337413105809)
17 (15, 0.02756337413105809)
18 (16, 0.02756337413105809)
19 (18, 0.02756337413105809)
20 (19, 0.02756337413105809)
21 (20, 0.02756337413105809)
22 (21, 0.02756337413105809)
23 (22, 0.02756337413105809)
24 (23, 0.02756337413105809)
25 (24, 0.02756337413105809)
26 (25, 0.02756337413105809)
27 (26, 0.02756337413105809)
28 (27, 0.02756337413105809)
29 (28, 0.02756337413105809)
30 (30, 0.02756337413105809)
31 (31, 0.02756337413105809)
32 (32, 0.02756337413105809)
33 (33, 0.02756337413105809)
34 (34, 0.02756337413105809)
35 (35, 0.02756337413105809)
36 (36, 0.02756337413105809)
37 (29, 0.004134506119658715)
carts
1 (27, 0.03992784561328522)
2 (22, 0.03986896176024041)
3 (21, 0.036136879680883256)
4 (17, 0.03529645240207914)
5 (5, 0.03495783058328231)
6 (1, 0.030950882971722528)
7 (2, 0.030950882971722528)
8 (3, 0.030950882971722528)
9 (4, 0.030950882971722528)
10 (6, 0.030950882971722528)
11 (8, 0.030950882971722528)
12 (9, 0.030950882971722528)
13 (11, 0.030950882971722528)
14 (12, 0.030950882971722528)
15 (13, 0.030950882971722528)
16 (14, 0.030950882971722528)
17 (15, 0.030950882971722528)
18 (16, 0.030950882971722528)
19 (18, 0.030950882971722528)
20 (19, 0.030950882971722528)
21 (20, 0.030950882971722528)
22 (24, 0.030950882971722528)
23 (25, 0.030950882971722528)
24 (26, 0.030950882971722528)
25 (28, 0.030950882971722528)
26 (30, 0.030950882971722528)
27 (31, 0.030950882971722528)
28 (33, 0.030950882971722528)
29 (35, 0.030950882971722528)
30 (36, 0.030950882971722528)
31 (34, 0.00916181739962136)
32 (32, 0.006949625639685351)
33 (7, 0.005357982844826257)
34 (0, 0.0046426324457583806)
35 (10, 0.0046426324457583806)
36 (23, 0.0046426324457583806)
37 (29, 0.0046426324457583806)
payment
1 (26, 0.21536775610807393)
2 (14, 0.11996810589680336)
3 (29, 0.06879306173864848)
4 (21, 0.05913824380416384)
5 (19, 0.047233136418406256)
6 (24, 0.04701314107336446)
7 (8, 0.04576113176401468)
8 (35, 0.04576113176401468)
9 (27, 0.04186997651724973)
10 (0, 0.036015759272314776)
11 (31, 0.025813828615143204)
12 (30, 0.02525923125553048)
13 (10, 0.01721236645882216)
14 (1, 0.017069086376608852)
15 (23, 0.016172679928546638)
16 (20, 0.0142033893118801)
17 (28, 0.013424908060759442)
18 (3, 0.012748328761334317)
19 (13, 0.012748328761334317)
20 (16, 0.010883443294719039)
21 (2, 0.009712925922021932)
22 (22, 0.00953991076752371)
23 (5, 0.008713715807093785)
24 (7, 0.007370699780653457)
25 (18, 0.007066636589316369)
26 (25, 0.006881188299869006)
27 (4, 0.005825788765178889)
28 (6, 0.005825788765178889)
29 (9, 0.005825788765178889)
30 (11, 0.005825788765178889)
31 (12, 0.005825788765178889)
32 (15, 0.005825788765178889)
33 (17, 0.005825788765178889)
34 (32, 0.005825788765178889)
35 (33, 0.005825788765178889)
36 (34, 0.005825788765178889)
payment
1 (14, 0.08553667061865494)
2 (28, 0.0537325807788028)
3 (1, 0.05109036343950321)
4 (3, 0.044495537339988074)
5 (8, 0.044495537339988074)
6 (13, 0.044495537339988074)
7 (19, 0.044495537339988074)
8 (24, 0.044495537339988074)
9 (29, 0.044495537339988074)
10 (35, 0.044495537339988074)
11 (31, 0.04347641001361296)
12 (0, 0.04116219959439494)
13 (2, 0.039391430529657316)
14 (21, 0.0389559498377047)
15 (22, 0.03891457786468753)
16 (6, 0.03790071124047293)
17 (16, 0.03790071124047293)
18 (23, 0.03790071124047293)
19 (32, 0.03790071124047293)
20 (10, 0.03058742268332755)
21 (20, 0.01993229070089411)
22 (7, 0.012279932785586083)
23 (26, 0.007962177892443412)
24 (4, 0.005685106686070941)
25 (5, 0.005685106686070941)
26 (9, 0.005685106686070941)
27 (11, 0.005685106686070941)
28 (12, 0.005685106686070941)
29 (15, 0.005685106686070941)
30 (17, 0.005685106686070941)
31 (18, 0.005685106686070941)
32 (25, 0.005685106686070941)
33 (27, 0.005685106686070941)
34 (30, 0.005685106686070941)
35 (33, 0.005685106686070941)
36 (34, 0.005685106686070941)
payment
1 (21, 0.16154702921697076)
2 (0, 0.10703887212942635)
3 (29, 0.056270233975305166)
4 (26, 0.055159322615360634)
5 (8, 0.04216274242323079)
6 (19, 0.04216274242323079)
7 (24, 0.04216274242323079)
8 (35, 0.04216274242323079)
9 (28, 0.03968816455294833)
10 (1, 0.03616155650017679)
11 (6, 0.03616155650017679)
12 (11, 0.03616155650017679)
13 (15, 0.03616155650017679)
14 (32, 0.03616155650017679)
15 (14, 0.027687576753105524)
16 (31, 0.025713173969554463)
17 (20, 0.018085145127283694)
18 (30, 0.018085145127283694)
19 (10, 0.017836825441455855)
20 (27, 0.017214028725893345)
21 (3, 0.011425419398080512)
22 (7, 0.011425419398080512)
23 (13, 0.011425419398080512)
24 (2, 0.006205024889566441)
25 (5, 0.006067878862505382)
26 (4, 0.00542423347502652)
27 (9, 0.00542423347502652)
28 (12, 0.00542423347502652)
29 (16, 0.00542423347502652)
30 (17, 0.00542423347502652)
31 (18, 0.00542423347502652)
32 (22, 0.00542423347502652)
33 (23, 0.00542423347502652)
34 (25, 0.00542423347502652)
35 (33, 0.00542423347502652)
36 (34, 0.00542423347502652)
payment
1 (26, 0.23253867984850898)
2 (14, 0.1566400625344359)
3 (27, 0.0688426191088713)
4 (29, 0.051101996398027684)
5 (24, 0.04501536296928002)
6 (8, 0.04418415621441441)
7 (13, 0.04418415621441441)
8 (35, 0.04418415621441441)
9 (21, 0.04249535683006974)
10 (0, 0.0286578601614225)
11 (31, 0.019920170541865387)
12 (20, 0.018845638620567193)
13 (22, 0.01848193324214032)
14 (28, 0.017278544238860123)
15 (10, 0.013488625355691257)
16 (19, 0.013202439520220722)
17 (1, 0.012405920258734294)
18 (3, 0.012156345023094043)
19 (23, 0.01005269983637098)
20 (30, 0.009663716153301789)
21 (7, 0.00821894781197097)
22 (5, 0.007026899402571259)
23 (18, 0.006562739744315318)
24 (25, 0.006375649602971487)
25 (2, 0.006303690664431836)
26 (4, 0.005651966680821243)
27 (6, 0.005651966680821243)
28 (9, 0.005651966680821243)
29 (11, 0.005651966680821243)
30 (12, 0.005651966680821243)
31 (15, 0.005651966680821243)
32 (16, 0.005651966680821243)
33 (17, 0.005651966680821243)
34 (32, 0.005651966680821243)
35 (33, 0.005651966680821243)
36 (34, 0.005651966680821243)
payment
1 (16, 0.04920649716893034)
2 (26, 0.04920649716893034)
3 (10, 0.04525169847964819)
4 (3, 0.042446974262967986)
5 (8, 0.042446974262967986)
6 (13, 0.042446974262967986)
7 (19, 0.042446974262967986)
8 (24, 0.042446974262967986)
9 (29, 0.042446974262967986)
10 (35, 0.042446974262967986)
11 (5, 0.03805106444228132)
12 (2, 0.037965268346223324)
13 (1, 0.03637408274221686)
14 (6, 0.03637408274221686)
15 (7, 0.03637408274221686)
16 (11, 0.03637408274221686)
17 (15, 0.03637408274221686)
18 (17, 0.03637408274221686)
19 (21, 0.03637408274221686)
20 (22, 0.03637408274221686)
21 (23, 0.03637408274221686)
22 (28, 0.03637408274221686)
23 (32, 0.03637408274221686)
24 (14, 0.011529003932083653)
25 (31, 0.011529003932083653)
26 (0, 0.0054561124113325305)
27 (4, 0.0054561124113325305)
28 (9, 0.0054561124113325305)
29 (12, 0.0054561124113325305)
30 (18, 0.0054561124113325305)
31 (20, 0.0054561124113325305)
32 (25, 0.0054561124113325305)
33 (27, 0.0054561124113325305)
34 (30, 0.0054561124113325305)
35 (33, 0.0054561124113325305)
36 (34, 0.0054561124113325305)
payment
1 (21, 0.2064765805540502)
2 (0, 0.11843932015668397)
3 (26, 0.07664183735523533)
4 (29, 0.05630461293029866)
5 (14, 0.05122742395537319)
6 (19, 0.04407565340703511)
7 (8, 0.042235673948074065)
8 (24, 0.042235673948074065)
9 (35, 0.042235673948074065)
10 (32, 0.03622737023553534)
11 (23, 0.03374624821179255)
12 (11, 0.025499569126317186)
13 (31, 0.021477662280699673)
14 (27, 0.02031695168108134)
15 (1, 0.018118990756144197)
16 (30, 0.01810070251699893)
17 (20, 0.0137472567228139)
18 (10, 0.01323152404906107)
19 (13, 0.011442409247869028)
20 (3, 0.011442409247869026)
21 (22, 0.00942822969322347)
22 (7, 0.007513951387833049)
23 (18, 0.007094464274036825)
24 (2, 0.0062163575904548365)
25 (28, 0.006174566066775216)
26 (5, 0.006007831355292767)
27 (4, 0.005434105535330303)
28 (6, 0.005434105535330303)
29 (9, 0.005434105535330303)
30 (12, 0.005434105535330303)
31 (15, 0.005434105535330303)
32 (16, 0.005434105535330303)
33 (17, 0.005434105535330303)
34 (25, 0.005434105535330303)
35 (33, 0.005434105535330303)
36 (34, 0.005434105535330303)
payment
1 (28, 0.1171978469814782)
2 (21, 0.09077389089726695)
3 (27, 0.07186404911845605)
4 (14, 0.05890448644274886)
5 (32, 0.04849875128786875)
6 (20, 0.047288807459332255)
7 (8, 0.04286005340264934)
8 (13, 0.04286005340264934)
9 (24, 0.04286005340264934)
10 (29, 0.04286005340264934)
11 (35, 0.04286005340264934)
12 (23, 0.042454719452442086)
13 (16, 0.042024515836431395)
14 (15, 0.03668496442579974)
15 (26, 0.022011947336987334)
16 (10, 0.021530801095309835)
17 (31, 0.019918653074260304)
18 (0, 0.01929827014197295)
19 (22, 0.016451248488053946)
20 (7, 0.01641896386654215)
21 (1, 0.014667523572417728)
22 (19, 0.013199411038611216)
23 (3, 0.011677833640719561)
24 (5, 0.00773454964648952)
25 (2, 0.0065683078809949886)
26 (4, 0.005502744663869962)
27 (6, 0.005502744663869962)
28 (9, 0.005502744663869962)
29 (11, 0.005502744663869962)
30 (12, 0.005502744663869962)
31 (17, 0.005502744663869962)
32 (18, 0.005502744663869962)
33 (25, 0.005502744663869962)
34 (30, 0.005502744663869962)
35 (33, 0.005502744663869962)
36 (34, 0.005502744663869962)
payment
1 (26, 0.07785988098974392)
2 (16, 0.052001677955857625)
3 (3, 0.042142390484539105)
4 (8, 0.042142390484539105)
5 (13, 0.042142390484539105)
6 (19, 0.042142390484539105)
7 (24, 0.042142390484539105)
8 (29, 0.042142390484539105)
9 (35, 0.042142390484539105)
10 (21, 0.03922714313104661)
11 (2, 0.03842483738025176)
12 (14, 0.03776988995817816)
13 (1, 0.03614497624475828)
14 (6, 0.03614497624475828)
15 (7, 0.03614497624475828)
16 (11, 0.03614497624475828)
17 (15, 0.03614497624475828)
18 (17, 0.03614497624475828)
19 (22, 0.03614497624475828)
20 (23, 0.03614497624475828)
21 (32, 0.03614497624475828)
22 (27, 0.022600780812505845)
23 (28, 0.018591538100760502)
24 (0, 0.015531560138931732)
25 (31, 0.01433440802998707)
26 (10, 0.009139299541001091)
27 (4, 0.005421746436713742)
28 (5, 0.005421746436713742)
29 (9, 0.005421746436713742)
30 (12, 0.005421746436713742)
31 (18, 0.005421746436713742)
32 (20, 0.005421746436713742)
33 (25, 0.005421746436713742)
34 (30, 0.005421746436713742)
35 (33, 0.005421746436713742)
36 (34, 0.005421746436713742)
payment
1 (0, 0.07944013093818145)
2 (31, 0.0561711847761883)
3 (10, 0.05184511183664529)
4 (3, 0.04439970946767574)
5 (8, 0.04439970946767574)
6 (13, 0.04439970946767574)
7 (19, 0.04439970946767574)
8 (24, 0.04439970946767574)
9 (29, 0.04439970946767574)
10 (35, 0.04439970946767574)
11 (21, 0.03950850895764647)
12 (1, 0.03783073984765421)
13 (6, 0.03783073984765421)
14 (11, 0.03783073984765421)
15 (15, 0.03783073984765421)
16 (16, 0.03783073984765421)
17 (23, 0.03783073984765421)
18 (28, 0.03783073984765421)
19 (32, 0.03783073984765421)
20 (26, 0.028185320891091135)
21 (20, 0.01984778833140725)
22 (14, 0.019445609593430727)
23 (7, 0.012243580597169661)
24 (27, 0.009691607408289405)
25 (2, 0.007756550866357024)
26 (4, 0.005674610977148133)
27 (5, 0.005674610977148133)
28 (9, 0.005674610977148133)
29 (12, 0.005674610977148133)
30 (17, 0.005674610977148133)
31 (18, 0.005674610977148133)
32 (22, 0.005674610977148133)
33 (25, 0.005674610977148133)
34 (30, 0.005674610977148133)
35 (33, 0.005674610977148133)
36 (34, 0.005674610977148133)
payment
shipping
1 (28, 0.03375270072777928)
2 (33, 0.03375270072777928)
3 (0, 0.02979215969790548)
4 (1, 0.02979215969790548)
5 (2, 0.02979215969790548)
6 (3, 0.02979215969790548)
7 (4, 0.02979215969790548)
8 (5, 0.02979215969790548)
9 (6, 0.02979215969790548)
10 (7, 0.02979215969790548)
11 (8, 0.02979215969790548)
12 (9, 0.02979215969790548)
13 (10, 0.02979215969790548)
14 (11, 0.02979215969790548)
15 (12, 0.02979215969790548)
16 (13, 0.02979215969790548)
17 (14, 0.02979215969790548)
18 (15, 0.02979215969790548)
19 (16, 0.02979215969790548)
20 (17, 0.02979215969790548)
21 (18, 0.02979215969790548)
22 (19, 0.02979215969790548)
23 (20, 0.02979215969790548)
24 (21, 0.02979215969790548)
25 (22, 0.02979215969790548)
26 (23, 0.02979215969790548)
27 (24, 0.02979215969790548)
28 (25, 0.02979215969790548)
29 (26, 0.02979215969790548)
30 (27, 0.02979215969790548)
31 (30, 0.02979215969790548)
32 (31, 0.02979215969790548)
33 (32, 0.02979215969790548)
34 (29, 0.004468823954685822)
35 (34, 0.004468823954685822)
shipping
1 (21, 0.13922712227046244)
2 (20, 0.09552886444376743)
3 (10, 0.0719668194290942)
4 (13, 0.05617627063119383)
5 (27, 0.05617627063119383)
6 (0, 0.051361733867298164)
7 (11, 0.04904207966933967)
8 (3, 0.0424947198534279)
9 (19, 0.0424947198534279)
10 (33, 0.0424947198534279)
11 (14, 0.040288027466173944)
12 (1, 0.039337166465254765)
13 (15, 0.0365170197234025)
14 (23, 0.0365170197234025)
15 (31, 0.02443109288652084)
16 (30, 0.020901747943117683)
17 (6, 0.01800261290444755)
18 (12, 0.018002612904447546)
19 (8, 0.011455253088535768)
20 (24, 0.011455253088535768)
21 (28, 0.011455253088535768)
22 (7, 0.00863510634668351)
23 (26, 0.007575505668557044)
24 (22, 0.007005028427975702)
25 (32, 0.006682450186671962)
26 (2, 0.005477552958510376)
27 (4, 0.005477552958510376)
28 (5, 0.005477552958510376)
29 (9, 0.005477552958510376)
30 (16, 0.005477552958510376)
31 (17, 0.005477552958510376)
32 (18, 0.005477552958510376)
33 (25, 0.005477552958510376)
34 (29, 0.005477552958510376)
35 (34, 0.005477552958510376)
shipping
1 (20, 0.05956087887664162)
2 (30, 0.04602959845629964)
3 (2, 0.043364336356753345)
4 (3, 0.043364336356753345)
5 (8, 0.043364336356753345)
6 (19, 0.043364336356753345)
7 (24, 0.043364336356753345)
8 (28, 0.043364336356753345)
9 (33, 0.043364336356753345)
10 (1, 0.03719170885623458)
11 (5, 0.03719170885623458)
12 (6, 0.03719170885623458)
13 (11, 0.03719170885623458)
14 (12, 0.03719170885623458)
15 (13, 0.03719170885623458)
16 (14, 0.03719170885623458)
17 (15, 0.03719170885623458)
18 (16, 0.03719170885623458)
19 (17, 0.03719170885623458)
20 (21, 0.03719170885623458)
21 (23, 0.03719170885623458)
22 (27, 0.03719170885623458)
23 (31, 0.03719170885623458)
24 (10, 0.008808924569714114)
25 (0, 0.005578756328435188)
26 (4, 0.005578756328435188)
27 (7, 0.005578756328435188)
28 (9, 0.005578756328435188)
29 (18, 0.005578756328435188)
30 (22, 0.005578756328435188)
31 (25, 0.005578756328435188)
32 (26, 0.005578756328435188)
33 (29, 0.005578756328435188)
34 (32, 0.005578756328435188)
35 (34, 0.005578756328435188)
shipping
1 (32, 0.13969980043360078)
2 (31, 0.09428354181550355)
3 (0, 0.06510643388193574)
4 (14, 0.04786398698010304)
5 (34, 0.0432615863722461)
6 (3, 0.04253605088953038)
7 (9, 0.04253605088953038)
8 (13, 0.04253605088953038)
9 (18, 0.04253605088953038)
10 (24, 0.04253605088953038)
11 (27, 0.04253605088953038)
12 (26, 0.03963726060969049)
13 (1, 0.038207911733553784)
14 (15, 0.03796370832194619)
15 (11, 0.03655528114730577)
16 (21, 0.03655528114730577)
17 (20, 0.034153716725616526)
18 (30, 0.02200128981363042)
19 (10, 0.013533532856097631)
20 (29, 0.011464061914320475)
21 (7, 0.00706547856468692)
22 (33, 0.006148024108028412)
23 (2, 0.005483292172095865)
24 (4, 0.005483292172095865)
25 (5, 0.005483292172095865)
26 (6, 0.005483292172095865)
27 (8, 0.005483292172095865)
28 (12, 0.005483292172095865)
29 (16, 0.005483292172095865)
30 (17, 0.005483292172095865)
31 (19, 0.005483292172095865)
32 (22, 0.005483292172095865)
33 (23, 0.005483292172095865)
34 (25, 0.005483292172095865)
35 (28, 0.005483292172095865)
shipping
1 (15, 0.1344967497476182)
2 (10, 0.08742879841472975)
3 (0, 0.06406748061479879)
4 (20, 0.04960510933562629)
5 (27, 0.04485223213859547)
6 (14, 0.04388970128590639)
7 (3, 0.04387254915867098)
8 (8, 0.04387254915867098)
9 (13, 0.04387254915867098)
10 (19, 0.04387254915867098)
11 (24, 0.04387254915867098)
12 (28, 0.04387254915867098)
13 (33, 0.04387254915867098)
14 (1, 0.04056976142472078)
15 (21, 0.03849495244645608)
16 (11, 0.03756380315340256)
17 (31, 0.026026665308847667)
18 (30, 0.021470505753171484)
19 (7, 0.008937358206960587)
20 (26, 0.008387243200962739)
21 (32, 0.006968133105625744)
22 (22, 0.006884245602745606)
23 (2, 0.0056345704730103845)
24 (4, 0.0056345704730103845)
25 (5, 0.0056345704730103845)
26 (6, 0.0056345704730103845)
27 (9, 0.0056345704730103845)
28 (12, 0.0056345704730103845)
29 (16, 0.0056345704730103845)
30 (17, 0.0056345704730103845)
31 (18, 0.0056345704730103845)
32 (23, 0.0056345704730103845)
33 (25, 0.0056345704730103845)
34 (29, 0.0056345704730103845)
35 (34, 0.0056345704730103845)
shipping
1 (2, 0.08883793780013652)
2 (26, 0.04958773750776603)
3 (11, 0.04780410390366824)
4 (32, 0.04169987787854064)
5 (3, 0.041662476216134045)
6 (13, 0.041662476216134045)
7 (19, 0.041662476216134045)
8 (24, 0.041662476216134045)
9 (28, 0.041662476216134045)
10 (30, 0.041662476216134045)
11 (33, 0.04166247621613404)
12 (21, 0.03815138228443318)
13 (1, 0.03590636815021478)
14 (5, 0.03590636815021478)
15 (6, 0.03590636815021478)
16 (15, 0.03590636815021478)
17 (16, 0.03590636815021478)
18 (17, 0.03590636815021478)
19 (23, 0.03590636815021478)
20 (27, 0.03590636815021478)
21 (10, 0.034326155208253134)
22 (20, 0.027277156924334887)
23 (0, 0.017283690975985675)
24 (8, 0.011142063288451477)
25 (14, 0.011142063288451477)
26 (4, 0.005385955222532218)
27 (7, 0.005385955222532218)
28 (9, 0.005385955222532218)
29 (12, 0.005385955222532218)
30 (18, 0.005385955222532218)
31 (22, 0.005385955222532218)
32 (25, 0.005385955222532218)
33 (29, 0.005385955222532218)
34 (31, 0.005385955222532218)
35 (34, 0.005385955222532218)
shipping
1 (32, 0.07898934885530313)
2 (11, 0.05182823211564476)
3 (30, 0.04648518032891465)
4 (3, 0.04451352828189426)
5 (13, 0.04451352828189426)
6 (19, 0.04451352828189426)
7 (24, 0.04451352828189426)
8 (28, 0.04451352828189426)
9 (34, 0.04451352828189426)
10 (21, 0.03963947983971824)
11 (1, 0.03805201982026563)
12 (2, 0.03805201982026563)
13 (6, 0.03805201982026563)
14 (15, 0.03805201982026563)
15 (16, 0.03805201982026563)
16 (17, 0.03805201982026563)
17 (23, 0.03805201982026563)
18 (26, 0.03805201982026563)
19 (27, 0.03805201982026563)
20 (31, 0.03805201982026563)
21 (20, 0.036162623958953734)
22 (0, 0.018630819896297116)
23 (8, 0.01216931143466848)
24 (4, 0.005707802973039845)
25 (5, 0.005707802973039845)
26 (7, 0.005707802973039845)
27 (9, 0.005707802973039845)
28 (10, 0.005707802973039845)
29 (12, 0.005707802973039845)
30 (14, 0.005707802973039845)
31 (18, 0.005707802973039845)
32 (22, 0.005707802973039845)
33 (25, 0.005707802973039845)
34 (29, 0.005707802973039845)
35 (33, 0.005707802973039845)
shipping
1 (10, 0.0636462827309128)
2 (3, 0.04025161604187673)
3 (8, 0.04025161604187673)
4 (24, 0.04025161604187673)
5 (28, 0.04025161604187673)
6 (33, 0.04025161604187673)
7 (30, 0.04016077176949944)
8 (1, 0.03483605873694833)
9 (2, 0.03483605873694833)
10 (5, 0.03483605873694833)
11 (6, 0.03483605873694833)
12 (11, 0.03483605873694833)
13 (12, 0.03483605873694833)
14 (13, 0.03483605873694833)
15 (15, 0.03483605873694833)
16 (16, 0.03483605873694833)
17 (17, 0.03483605873694833)
18 (18, 0.03483605873694833)
19 (19, 0.03483605873694833)
20 (21, 0.03483605873694833)
21 (23, 0.03483605873694833)
22 (26, 0.03483605873694833)
23 (27, 0.03483605873694833)
24 (32, 0.03483605873694833)
25 (20, 0.027802949894968898)
26 (0, 0.01840192865830069)
27 (14, 0.012713754746541515)
28 (31, 0.007225371788475705)
29 (4, 0.0052254088105422505)
30 (7, 0.0052254088105422505)
31 (9, 0.0052254088105422505)
32 (22, 0.0052254088105422505)
33 (25, 0.0052254088105422505)
34 (29, 0.0052254088105422505)
35 (34, 0.0052254088105422505)
shipping
1 (20, 0.07413939696396638)
2 (30, 0.04320888330844346)
3 (3, 0.04294330402307158)
4 (19, 0.04294330402307158)
5 (24, 0.04294330402307158)
6 (28, 0.04294330402307158)
7 (33, 0.04294330402307158)
8 (1, 0.036875273342938296)
9 (2, 0.036875273342938296)
10 (6, 0.036875273342938296)
11 (8, 0.036875273342938296)
12 (9, 0.036875273342938296)
13 (11, 0.036875273342938296)
14 (12, 0.036875273342938296)
15 (13, 0.036875273342938296)
16 (15, 0.036875273342938296)
17 (16, 0.036875273342938296)
18 (17, 0.036875273342938296)
19 (21, 0.036875273342938296)
20 (23, 0.036875273342938296)
21 (26, 0.036875273342938296)
22 (27, 0.036875273342938296)
23 (31, 0.036875273342938296)
24 (0, 0.014758796240045835)
25 (10, 0.007859119870766191)
26 (4, 0.005531291001440745)
27 (5, 0.005531291001440745)
28 (7, 0.005531291001440745)
29 (14, 0.005531291001440745)
30 (18, 0.005531291001440745)
31 (22, 0.005531291001440745)
32 (25, 0.005531291001440745)
33 (29, 0.005531291001440745)
34 (32, 0.005531291001440745)
35 (34, 0.005531291001440745)
shipping
1 (10, 0.04080527304178345)
2 (28, 0.036296208510193335)
3 (30, 0.036296208510193335)
4 (33, 0.036296208510193335)
5 (1, 0.03178714397860323)
6 (2, 0.03178714397860323)
7 (3, 0.03178714397860323)
8 (4, 0.03178714397860323)
9 (5, 0.03178714397860323)
10 (6, 0.03178714397860323)
11 (7, 0.03178714397860323)
12 (8, 0.03178714397860323)
13 (9, 0.03178714397860323)
14 (11, 0.03178714397860323)
15 (12, 0.03178714397860323)
16 (13, 0.03178714397860323)
17 (14, 0.03178714397860323)
18 (15, 0.03178714397860323)
19 (16, 0.03178714397860323)
20 (17, 0.03178714397860323)
21 (18, 0.03178714397860323)
22 (19, 0.03178714397860323)
23 (21, 0.03178714397860323)
24 (23, 0.03178714397860323)
25 (24, 0.03178714397860323)
26 (25, 0.03178714397860323)
27 (26, 0.03178714397860323)
28 (27, 0.03178714397860323)
29 (31, 0.03178714397860323)
30 (32, 0.03178714397860323)
31 (0, 0.004768071596790485)
32 (20, 0.004768071596790485)
33 (22, 0.004768071596790485)
34 (29, 0.004768071596790485)
35 (34, 0.004768071596790485)
