front-end
1 (21, 0.052569429488546315)
2 (10, 0.04135384310856864)
3 (31, 0.03406099387503748)
4 (1, 0.032255585008094945)
5 (3, 0.032255585008094945)
6 (4, 0.032255585008094945)
7 (6, 0.032255585008094945)
8 (7, 0.032255585008094945)
9 (8, 0.032255585008094945)
10 (9, 0.032255585008094945)
11 (11, 0.032255585008094945)
12 (13, 0.032255585008094945)
13 (14, 0.032255585008094945)
14 (16, 0.032255585008094945)
15 (17, 0.032255585008094945)
16 (18, 0.032255585008094945)
17 (19, 0.032255585008094945)
18 (20, 0.032255585008094945)
19 (22, 0.032255585008094945)
20 (23, 0.032255585008094945)
21 (24, 0.032255585008094945)
22 (25, 0.032255585008094945)
23 (27, 0.032255585008094945)
24 (29, 0.032255585008094945)
25 (30, 0.032255585008094945)
26 (32, 0.032255585008094945)
27 (33, 0.032255585008094945)
28 (34, 0.032255585008094945)
29 (15, 0.018212043990871823)
30 (26, 0.013936595851687942)
31 (0, 0.009481227614635802)
32 (2, 0.009481227614635802)
33 (5, 0.004838337751214242)
34 (12, 0.004838337751214242)
35 (28, 0.004838337751214242)
front-end
1 (15, 0.04129022622546774)
2 (10, 0.041290226225467734)
3 (21, 0.03685050153824004)
4 (31, 0.03685050153824004)
5 (1, 0.03221830717138513)
6 (3, 0.03221830717138513)
7 (4, 0.03221830717138513)
8 (6, 0.03221830717138513)
9 (7, 0.03221830717138513)
10 (8, 0.03221830717138513)
11 (9, 0.03221830717138513)
12 (11, 0.03221830717138513)
13 (13, 0.03221830717138513)
14 (14, 0.03221830717138513)
15 (16, 0.03221830717138513)
16 (17, 0.03221830717138513)
17 (18, 0.03221830717138513)
18 (19, 0.03221830717138513)
19 (20, 0.03221830717138513)
20 (22, 0.03221830717138513)
21 (23, 0.03221830717138513)
22 (24, 0.03221830717138513)
23 (25, 0.03221830717138513)
24 (27, 0.03221830717138513)
25 (29, 0.03221830717138513)
26 (30, 0.03221830717138513)
27 (32, 0.03221830717138513)
28 (33, 0.03221830717138513)
29 (34, 0.03221830717138513)
30 (2, 0.009464940442562679)
31 (26, 0.009464940442562679)
32 (0, 0.00483274607570777)
33 (5, 0.00483274607570777)
34 (12, 0.00483274607570777)
35 (28, 0.00483274607570777)
front-end
1 (10, 0.06340318883813065)
2 (23, 0.04043238902376804)
3 (21, 0.04016226032423566)
4 (12, 0.03520709076145811)
5 (1, 0.03353318569468485)
6 (3, 0.03353318569468485)
7 (4, 0.03353318569468485)
8 (6, 0.03353318569468485)
9 (8, 0.03353318569468485)
10 (9, 0.03353318569468485)
11 (11, 0.03353318569468485)
12 (13, 0.03353318569468485)
13 (14, 0.03353318569468485)
14 (16, 0.03353318569468485)
15 (19, 0.03353318569468485)
16 (20, 0.03353318569468485)
17 (22, 0.03353318569468485)
18 (24, 0.03353318569468485)
19 (25, 0.03353318569468485)
20 (27, 0.03353318569468485)
21 (29, 0.03353318569468485)
22 (30, 0.03353318569468485)
23 (31, 0.03353318569468485)
24 (32, 0.03353318569468485)
25 (33, 0.03353318569468485)
26 (34, 0.03353318569468485)
27 (0, 0.022173847211728322)
28 (15, 0.017184577811988677)
29 (26, 0.010789298035191205)
30 (2, 0.007767373439418895)
31 (5, 0.005029977854202728)
32 (7, 0.005029977854202728)
33 (17, 0.005029977854202728)
34 (18, 0.005029977854202728)
35 (28, 0.005029977854202728)
front-end
1 (21, 0.08964690391419235)
2 (31, 0.03556828489943347)
3 (1, 0.03395151673584642)
4 (3, 0.03395151673584642)
5 (4, 0.03395151673584642)
6 (6, 0.03395151673584642)
7 (8, 0.03395151673584642)
8 (9, 0.03395151673584642)
9 (11, 0.03395151673584642)
10 (13, 0.03395151673584642)
11 (14, 0.03395151673584642)
12 (16, 0.03395151673584642)
13 (18, 0.03395151673584642)
14 (19, 0.03395151673584642)
15 (20, 0.03395151673584642)
16 (22, 0.03395151673584642)
17 (24, 0.03395151673584642)
18 (25, 0.03395151673584642)
19 (27, 0.03395151673584642)
20 (29, 0.03395151673584642)
21 (30, 0.03395151673584642)
22 (32, 0.03395151673584642)
23 (33, 0.03395151673584642)
24 (34, 0.03395151673584642)
25 (10, 0.02579472900398617)
26 (23, 0.0215025067659079)
27 (15, 0.017481096075289384)
28 (26, 0.017136067699418642)
29 (0, 0.01023670295063302)
30 (2, 0.01023670295063302)
31 (5, 0.005092727510376963)
32 (7, 0.005092727510376963)
33 (12, 0.005092727510376963)
34 (17, 0.005092727510376963)
35 (28, 0.005092727510376963)
front-end
1 (10, 0.057614982685724105)
2 (21, 0.0403230671869076)
3 (16, 0.03835316467440524)
4 (31, 0.03687942795754053)
5 (1, 0.033380720524000616)
6 (3, 0.033380720524000616)
7 (4, 0.033380720524000616)
8 (6, 0.033380720524000616)
9 (7, 0.033380720524000616)
10 (8, 0.033380720524000616)
11 (9, 0.033380720524000616)
12 (11, 0.033380720524000616)
13 (13, 0.033380720524000616)
14 (14, 0.033380720524000616)
15 (17, 0.033380720524000616)
16 (18, 0.033380720524000616)
17 (19, 0.033380720524000616)
18 (20, 0.033380720524000616)
19 (22, 0.033380720524000616)
20 (23, 0.033380720524000616)
21 (24, 0.033380720524000616)
22 (25, 0.033380720524000616)
23 (27, 0.033380720524000616)
24 (29, 0.033380720524000616)
25 (30, 0.033380720524000616)
26 (32, 0.033380720524000616)
27 (33, 0.033380720524000616)
28 (26, 0.012903676024239832)
29 (2, 0.01149966981913618)
30 (0, 0.007951624430365815)
31 (12, 0.006689382855266069)
32 (5, 0.005007108078600093)
33 (15, 0.005007108078600093)
34 (28, 0.005007108078600093)
35 (34, 0.005007108078600093)
front-end
1 (26, 0.03712747058491341)
2 (2, 0.03689415525520342)
3 (31, 0.03418035786770066)
4 (21, 0.03215813709587221)
5 (1, 0.03093541637920388)
6 (3, 0.03093541637920388)
7 (4, 0.03093541637920388)
8 (6, 0.03093541637920388)
9 (7, 0.03093541637920388)
10 (8, 0.03093541637920388)
11 (9, 0.03093541637920388)
12 (10, 0.03093541637920388)
13 (11, 0.03093541637920388)
14 (13, 0.03093541637920388)
15 (14, 0.03093541637920388)
16 (15, 0.03093541637920388)
17 (16, 0.03093541637920388)
18 (17, 0.03093541637920388)
19 (18, 0.03093541637920388)
20 (19, 0.03093541637920388)
21 (20, 0.03093541637920388)
22 (22, 0.03093541637920388)
23 (23, 0.03093541637920388)
24 (24, 0.03093541637920388)
25 (25, 0.03093541637920388)
26 (27, 0.03093541637920388)
27 (29, 0.03093541637920388)
28 (30, 0.03093541637920388)
29 (32, 0.03093541637920388)
30 (33, 0.03093541637920388)
31 (34, 0.03093541637920388)
32 (0, 0.006728147209820631)
33 (12, 0.006540549794849832)
34 (5, 0.006474627496254363)
35 (28, 0.004640312456880583)
front-end
1 (26, 0.037096972696529375)
2 (1, 0.029689459401367715)
3 (2, 0.029689459401367715)
4 (3, 0.029689459401367715)
5 (4, 0.029689459401367715)
6 (5, 0.029689459401367715)
7 (6, 0.029689459401367715)
8 (7, 0.029689459401367715)
9 (8, 0.029689459401367715)
10 (9, 0.029689459401367715)
11 (10, 0.029689459401367715)
12 (11, 0.029689459401367715)
13 (13, 0.029689459401367715)
14 (14, 0.029689459401367715)
15 (15, 0.029689459401367715)
16 (16, 0.029689459401367715)
17 (17, 0.029689459401367715)
18 (18, 0.029689459401367715)
19 (19, 0.029689459401367715)
20 (20, 0.029689459401367715)
21 (21, 0.029689459401367715)
22 (22, 0.029689459401367715)
23 (23, 0.029689459401367715)
24 (24, 0.029689459401367715)
25 (25, 0.029689459401367715)
26 (27, 0.029689459401367715)
27 (28, 0.029689459401367715)
28 (29, 0.029689459401367715)
29 (30, 0.029689459401367715)
30 (31, 0.029689459401367715)
31 (32, 0.029689459401367715)
32 (33, 0.029689459401367715)
33 (34, 0.029689459401367715)
34 (0, 0.0083869075494986)
35 (12, 0.0044534189102051576)
front-end
1 (23, 0.08013458867354865)
2 (21, 0.04544194278317946)
3 (31, 0.03646182603764517)
4 (1, 0.0328968868170158)
5 (3, 0.0328968868170158)
6 (4, 0.0328968868170158)
7 (6, 0.0328968868170158)
8 (8, 0.0328968868170158)
9 (9, 0.0328968868170158)
10 (11, 0.0328968868170158)
11 (13, 0.0328968868170158)
12 (14, 0.0328968868170158)
13 (16, 0.0328968868170158)
14 (18, 0.0328968868170158)
15 (19, 0.0328968868170158)
16 (20, 0.0328968868170158)
17 (22, 0.0328968868170158)
18 (24, 0.0328968868170158)
19 (25, 0.0328968868170158)
20 (27, 0.0328968868170158)
21 (29, 0.0328968868170158)
22 (30, 0.0328968868170158)
23 (32, 0.0328968868170158)
24 (33, 0.0328968868170158)
25 (34, 0.0328968868170158)
26 (10, 0.029962967760914075)
27 (15, 0.02420071058885416)
28 (26, 0.015804042589763964)
29 (2, 0.009764788710386038)
30 (0, 0.00860393169333404)
31 (12, 0.0061555590978171855)
32 (5, 0.004934533022552371)
33 (7, 0.004934533022552371)
34 (17, 0.004934533022552371)
35 (28, 0.004934533022552371)
front-end
1 (10, 0.06429921906777848)
2 (20, 0.03846593524163963)
3 (23, 0.03769769408177153)
4 (15, 0.03645608548490249)
5 (12, 0.035231365604189484)
6 (1, 0.03346757558913415)
7 (3, 0.03346757558913415)
8 (4, 0.03346757558913415)
9 (6, 0.03346757558913415)
10 (8, 0.03346757558913415)
11 (9, 0.03346757558913415)
12 (11, 0.03346757558913415)
13 (13, 0.03346757558913415)
14 (14, 0.03346757558913415)
15 (16, 0.03346757558913415)
16 (18, 0.03346757558913415)
17 (22, 0.03346757558913415)
18 (24, 0.03346757558913415)
19 (25, 0.03346757558913415)
20 (27, 0.03346757558913415)
21 (29, 0.03346757558913415)
22 (30, 0.03346757558913415)
23 (31, 0.03346757558913415)
24 (32, 0.03346757558913415)
25 (33, 0.03346757558913415)
26 (34, 0.03346757558913415)
27 (0, 0.02240061604637159)
28 (26, 0.018669293209695504)
29 (2, 0.011416314650925314)
30 (5, 0.006424033241847737)
31 (21, 0.006039810645580669)
32 (7, 0.005020136338370123)
33 (17, 0.005020136338370123)
34 (19, 0.005020136338370123)
35 (28, 0.005020136338370123)
front-end
1 (23, 0.0439641526239636)
2 (12, 0.03316405722137974)
3 (1, 0.030721691867196484)
4 (2, 0.030721691867196484)
5 (3, 0.030721691867196484)
6 (4, 0.030721691867196484)
7 (5, 0.030721691867196484)
8 (6, 0.030721691867196484)
9 (7, 0.030721691867196484)
10 (8, 0.030721691867196484)
11 (9, 0.030721691867196484)
12 (11, 0.030721691867196484)
13 (13, 0.030721691867196484)
14 (14, 0.030721691867196484)
15 (15, 0.030721691867196484)
16 (16, 0.030721691867196484)
17 (17, 0.030721691867196484)
18 (18, 0.030721691867196484)
19 (19, 0.030721691867196484)
20 (20, 0.030721691867196484)
21 (21, 0.030721691867196484)
22 (22, 0.030721691867196484)
23 (24, 0.030721691867196484)
24 (25, 0.030721691867196484)
25 (27, 0.030721691867196484)
26 (29, 0.030721691867196484)
27 (30, 0.030721691867196484)
28 (31, 0.030721691867196484)
29 (32, 0.030721691867196484)
30 (33, 0.030721691867196484)
31 (34, 0.030721691867196484)
32 (10, 0.014489136310888804)
33 (26, 0.008237082134910843)
34 (0, 0.004608253780079473)
35 (28, 0.004608253780079473)
user
1 (29, 0.09796581792661554)
2 (31, 0.08315725432127075)
3 (15, 0.06798988989271423)
4 (19, 0.05336086401099226)
5 (4, 0.04790467536495402)
6 (30, 0.047582555922910504)
7 (26, 0.04624860033466876)
8 (1, 0.041839629605665334)
9 (6, 0.041839629605665334)
10 (8, 0.041839629605665334)
11 (9, 0.041839629605665334)
12 (12, 0.041839629605665334)
13 (13, 0.041839629605665334)
14 (21, 0.041839629605665334)
15 (22, 0.041839629605665334)
16 (25, 0.03096528502626785)
17 (11, 0.022284599565511105)
18 (27, 0.02159048697716996)
19 (0, 0.016622403511263734)
20 (23, 0.013641395739824366)
21 (32, 0.013617230441723456)
22 (28, 0.013050088527266536)
23 (7, 0.011034767302471831)
24 (5, 0.010878617514944055)
25 (2, 0.0101335501669178)
26 (18, 0.009817364809529754)
27 (17, 0.00978184915256212)
28 (3, 0.0062759444408498006)
29 (10, 0.0062759444408498006)
30 (14, 0.0062759444408498006)
31 (16, 0.0062759444408498006)
32 (20, 0.0062759444408498006)
33 (24, 0.0062759444408498006)
user
1 (25, 0.042410935724592674)
2 (10, 0.037376385917605295)
3 (2, 0.036415496360573535)
4 (0, 0.03406337519736795)
5 (5, 0.034031561787177915)
6 (1, 0.03315862784604401)
7 (3, 0.03315862784604401)
8 (4, 0.03315862784604401)
9 (6, 0.03315862784604401)
10 (7, 0.03315862784604401)
11 (8, 0.03315862784604401)
12 (9, 0.03315862784604401)
13 (11, 0.03315862784604401)
14 (12, 0.03315862784604401)
15 (13, 0.03315862784604401)
16 (15, 0.03315862784604401)
17 (17, 0.03315862784604401)
18 (18, 0.03315862784604401)
19 (19, 0.03315862784604401)
20 (21, 0.03315862784604401)
21 (22, 0.03315862784604401)
22 (23, 0.03315862784604401)
23 (24, 0.03315862784604401)
24 (26, 0.03315862784604401)
25 (27, 0.03315862784604401)
26 (28, 0.03315862784604401)
27 (30, 0.03315862784604401)
28 (31, 0.03315862784604401)
29 (32, 0.03315862784604401)
30 (14, 0.0049737941769066015)
31 (16, 0.0049737941769066015)
32 (20, 0.0049737941769066015)
33 (29, 0.0049737941769066015)
user
1 (29, 0.05000824081276676)
2 (2, 0.037813672975305045)
3 (1, 0.03318123108827576)
4 (3, 0.03318123108827576)
5 (4, 0.03318123108827576)
6 (6, 0.03318123108827576)
7 (7, 0.03318123108827576)
8 (8, 0.03318123108827576)
9 (9, 0.03318123108827576)
10 (11, 0.03318123108827576)
11 (12, 0.03318123108827576)
12 (13, 0.03318123108827576)
13 (15, 0.03318123108827576)
14 (16, 0.03318123108827576)
15 (17, 0.03318123108827576)
16 (18, 0.03318123108827576)
17 (19, 0.03318123108827576)
18 (20, 0.03318123108827576)
19 (21, 0.03318123108827576)
20 (22, 0.03318123108827576)
21 (23, 0.03318123108827576)
22 (24, 0.03318123108827576)
23 (26, 0.03318123108827576)
24 (27, 0.03318123108827576)
25 (28, 0.03318123108827576)
26 (30, 0.03318123108827576)
27 (31, 0.03318123108827576)
28 (32, 0.03318123108827576)
29 (25, 0.01807953350547459)
30 (0, 0.014077396539852292)
31 (5, 0.007354778544948828)
32 (10, 0.0049771846632413646)
33 (14, 0.0049771846632413646)
user
1 (10, 0.035016370253060834)
2 (0, 0.030978607696530956)
3 (1, 0.030978607696530956)
4 (2, 0.030978607696530956)
5 (3, 0.030978607696530956)
6 (4, 0.030978607696530956)
7 (5, 0.030978607696530956)
8 (6, 0.030978607696530956)
9 (7, 0.030978607696530956)
10 (8, 0.030978607696530956)
11 (9, 0.030978607696530956)
12 (11, 0.030978607696530956)
13 (12, 0.030978607696530956)
14 (13, 0.030978607696530956)
15 (14, 0.030978607696530956)
16 (15, 0.030978607696530956)
17 (17, 0.030978607696530956)
18 (18, 0.030978607696530956)
19 (19, 0.030978607696530956)
20 (20, 0.030978607696530956)
21 (21, 0.030978607696530956)
22 (22, 0.030978607696530956)
23 (23, 0.030978607696530956)
24 (24, 0.030978607696530956)
25 (25, 0.030978607696530956)
26 (26, 0.030978607696530956)
27 (27, 0.030978607696530956)
28 (28, 0.030978607696530956)
29 (29, 0.030978607696530956)
30 (30, 0.030978607696530956)
31 (31, 0.030978607696530956)
32 (32, 0.030978607696530956)
33 (16, 0.004646791154479644)
user
1 (31, 0.12398551864156797)
2 (30, 0.08052875533845151)
3 (32, 0.05788518122984704)
4 (27, 0.046960111683556134)
5 (4, 0.04297295110951499)
6 (24, 0.04236604152463879)
7 (6, 0.040460621597983644)
8 (28, 0.0391693247269198)
9 (1, 0.03908285036008785)
10 (11, 0.038690854135062576)
11 (26, 0.038495869344060824)
12 (15, 0.03844437660888694)
13 (8, 0.03652851950251228)
14 (9, 0.03652851950251228)
15 (12, 0.03652851950251228)
16 (13, 0.03652851950251228)
17 (21, 0.03652851950251228)
18 (22, 0.03652851950251228)
19 (25, 0.03133358796319439)
20 (14, 0.0217122061933089)
21 (0, 0.015121932858562394)
22 (19, 0.01219839585180503)
23 (5, 0.009035419721553148)
24 (10, 0.0085781490544951)
25 (29, 0.007000013960015519)
26 (2, 0.006721547047660247)
27 (17, 0.006468157618122932)
28 (18, 0.0060046504041291705)
29 (23, 0.005695254309994164)
30 (3, 0.005479277925376842)
31 (7, 0.005479277925376842)
32 (16, 0.005479277925376842)
33 (20, 0.005479277925376842)
user
1 (14, 0.09085815568856603)
2 (5, 0.05206203556157417)
3 (0, 0.044407852095817255)
4 (4, 0.04245075717629567)
5 (13, 0.04245075717629567)
6 (24, 0.04245075717629567)
7 (28, 0.04245075717629567)
8 (31, 0.04245075717629567)
9 (2, 0.03767988257714733)
10 (25, 0.036800767745866936)
11 (1, 0.036759634001299)
12 (8, 0.036759634001299)
13 (9, 0.036759634001299)
14 (11, 0.036759634001299)
15 (15, 0.036759634001299)
16 (18, 0.036759634001299)
17 (19, 0.036759634001299)
18 (21, 0.036759634001299)
19 (22, 0.036759634001299)
20 (26, 0.036759634001299)
21 (30, 0.036759634001299)
22 (32, 0.036759634001299)
23 (29, 0.017083641427758926)
24 (10, 0.01242164192945257)
25 (17, 0.011205068275191517)
26 (3, 0.005513945100194851)
27 (6, 0.005513945100194851)
28 (7, 0.005513945100194851)
29 (12, 0.005513945100194851)
30 (16, 0.005513945100194851)
31 (20, 0.005513945100194851)
32 (23, 0.005513945100194851)
33 (27, 0.005513945100194851)
user
1 (30, 0.089230955028968)
2 (26, 0.07532988985390525)
3 (22, 0.07502049548809982)
4 (17, 0.0705374282347665)
5 (7, 0.061389052513117895)
6 (15, 0.057860125007939)
7 (4, 0.05037133312631187)
8 (31, 0.04876018775903394)
9 (8, 0.04422489263252078)
10 (12, 0.04422489263252078)
11 (28, 0.04422489263252078)
12 (32, 0.04090573891769734)
13 (10, 0.03659495211694181)
14 (25, 0.03543152688039201)
15 (19, 0.03315996810214837)
16 (18, 0.025674208673708062)
17 (14, 0.021188933829885112)
18 (21, 0.018543105529129026)
19 (11, 0.018324964690658734)
20 (29, 0.016775209367884875)
21 (1, 0.01185820831460054)
22 (5, 0.010842784517520875)
23 (24, 0.009368148052956486)
24 (2, 0.007375029146026863)
25 (0, 0.007088934384269792)
26 (3, 0.005711767820809455)
27 (6, 0.005711767820809455)
28 (9, 0.005711767820809455)
29 (13, 0.005711767820809455)
30 (16, 0.005711767820809455)
31 (20, 0.005711767820809455)
32 (23, 0.005711767820809455)
33 (27, 0.005711767820809455)
user
1 (25, 0.0398109080304451)
2 (1, 0.0316230405772213)
3 (2, 0.0316230405772213)
4 (3, 0.0316230405772213)
5 (4, 0.0316230405772213)
6 (5, 0.0316230405772213)
7 (6, 0.0316230405772213)
8 (7, 0.0316230405772213)
9 (8, 0.0316230405772213)
10 (9, 0.0316230405772213)
11 (10, 0.0316230405772213)
12 (11, 0.0316230405772213)
13 (12, 0.0316230405772213)
14 (13, 0.0316230405772213)
15 (15, 0.0316230405772213)
16 (16, 0.0316230405772213)
17 (17, 0.0316230405772213)
18 (18, 0.0316230405772213)
19 (19, 0.0316230405772213)
20 (20, 0.0316230405772213)
21 (21, 0.0316230405772213)
22 (22, 0.0316230405772213)
23 (23, 0.0316230405772213)
24 (24, 0.0316230405772213)
25 (26, 0.0316230405772213)
26 (27, 0.0316230405772213)
27 (28, 0.0316230405772213)
28 (29, 0.0316230405772213)
29 (30, 0.0316230405772213)
30 (31, 0.0316230405772213)
31 (32, 0.0316230405772213)
32 (0, 0.006754418566332756)
33 (14, 0.0047434560865831955)
user
1 (4, 0.07034162409287398)
2 (24, 0.06329576446653566)
3 (23, 0.06258389425579368)
4 (30, 0.05513977936231118)
5 (11, 0.053824241672917425)
6 (15, 0.05149884605734047)
7 (31, 0.05037370520138856)
8 (32, 0.049876207431194725)
9 (3, 0.047173184605957805)
10 (27, 0.04599723869585207)
11 (28, 0.04549967660849854)
12 (26, 0.03408715426002108)
13 (8, 0.03163829623850282)
14 (9, 0.03163829623850282)
15 (12, 0.03163829623850282)
16 (13, 0.03163829623850282)
17 (21, 0.03163829623850282)
18 (22, 0.03163829623850282)
19 (19, 0.02386697860944589)
20 (14, 0.02233231682978844)
21 (18, 0.02126386409245467)
22 (5, 0.018774660249124903)
23 (1, 0.018352078277961287)
24 (0, 0.015246018799688588)
25 (25, 0.011275570824294761)
26 (2, 0.008712325676599264)
27 (10, 0.007137497370817557)
28 (6, 0.0066966585549719645)
29 (29, 0.006358142494874216)
30 (17, 0.006225560770950041)
31 (7, 0.004745744435775424)
32 (16, 0.004745744435775424)
33 (20, 0.004745744435775424)
user
1 (23, 0.10878227186661435)
2 (24, 0.07214063535933955)
3 (31, 0.07008376224798502)
4 (30, 0.06495796843728564)
5 (32, 0.06045288064279911)
6 (27, 0.054000876959405)
7 (28, 0.05047601346034971)
8 (4, 0.040308655978049474)
9 (6, 0.03747610029148135)
10 (26, 0.03684586990458318)
11 (11, 0.03580194120585957)
12 (1, 0.03465654204046944)
13 (8, 0.03465654204046944)
14 (9, 0.03465654204046944)
15 (12, 0.03465654204046944)
16 (13, 0.03465654204046944)
17 (15, 0.03465654204046944)
18 (21, 0.03465654204046944)
19 (25, 0.028768772915046068)
20 (19, 0.01107511580058507)
21 (14, 0.011003406992398802)
22 (10, 0.009246627994372092)
23 (2, 0.008655818422225134)
24 (17, 0.007048373020491669)
25 (29, 0.006871598094874783)
26 (0, 0.005628454987523525)
27 (18, 0.005621287202172685)
28 (5, 0.005587608126495114)
29 (22, 0.005512550895993659)
30 (7, 0.005462170992572081)
31 (3, 0.005198481306070416)
32 (16, 0.005198481306070416)
33 (20, 0.005198481306070416)
catalogue
1 (17, 0.07381839322382926)
2 (32, 0.05724385441486418)
3 (1, 0.05031832327804205)
4 (2, 0.04772984210001356)
5 (29, 0.04370271841087801)
6 (24, 0.04217709653908756)
7 (4, 0.040589054617264114)
8 (23, 0.039441723226449475)
9 (21, 0.03772219013119485)
10 (35, 0.03702025755713963)
11 (3, 0.03636800658844003)
12 (6, 0.03636800658844003)
13 (9, 0.03636800658844003)
14 (10, 0.03636800658844003)
15 (14, 0.03636800658844003)
16 (15, 0.03636800658844003)
17 (20, 0.03636800658844003)
18 (25, 0.03636800658844003)
19 (26, 0.03636800658844003)
20 (34, 0.03636800658844003)
21 (27, 0.0332268632112694)
22 (11, 0.017469230186449525)
23 (31, 0.012897366909051801)
24 (28, 0.0128968916257718)
25 (12, 0.012535450558210842)
26 (13, 0.010898999364912667)
27 (0, 0.010020714727732109)
28 (8, 0.009173253302305496)
29 (16, 0.006878376653496659)
30 (7, 0.006692366301958981)
31 (30, 0.006590962834347845)
32 (5, 0.005455200988266005)
33 (18, 0.005455200988266005)
34 (19, 0.005455200988266005)
35 (22, 0.005455200988266005)
36 (33, 0.005455200988266005)
catalogue
1 (4, 0.07965590503725728)
2 (8, 0.04735762304875373)
3 (29, 0.046808551981922686)
4 (17, 0.04114994168076585)
5 (25, 0.04073962335454914)
6 (28, 0.038372759748997794)
7 (33, 0.038126800716418656)
8 (31, 0.03790518304717118)
9 (12, 0.03626912339675699)
10 (2, 0.03625810698910153)
11 (35, 0.03605140738330742)
12 (1, 0.03508810670300613)
13 (3, 0.03508810670300613)
14 (6, 0.03508810670300613)
15 (9, 0.03508810670300613)
16 (10, 0.03508810670300613)
17 (14, 0.03508810670300613)
18 (15, 0.03508810670300613)
19 (20, 0.03508810670300613)
20 (21, 0.03508810670300613)
21 (23, 0.03508810670300613)
22 (32, 0.03508810670300613)
23 (27, 0.025564821232072495)
24 (24, 0.020435822783287733)
25 (11, 0.017995666566653346)
26 (0, 0.011857133705918975)
27 (30, 0.010914732656993924)
28 (16, 0.006461894893396462)
29 (5, 0.005263216005450921)
30 (7, 0.005263216005450921)
31 (13, 0.005263216005450921)
32 (18, 0.005263216005450921)
33 (19, 0.005263216005450921)
34 (22, 0.005263216005450921)
35 (26, 0.005263216005450921)
36 (34, 0.005263216005450921)
catalogue
1 (13, 0.03277201195460938)
2 (31, 0.03103276550991239)
3 (16, 0.029853526045713633)
4 (22, 0.02974677155011532)
5 (0, 0.028930525575565982)
6 (1, 0.028930525575565982)
7 (2, 0.028930525575565982)
8 (3, 0.028930525575565982)
9 (4, 0.028930525575565982)
10 (5, 0.028930525575565982)
11 (6, 0.028930525575565982)
12 (8, 0.028930525575565982)
13 (9, 0.028930525575565982)
14 (10, 0.028930525575565982)
15 (11, 0.028930525575565982)
16 (12, 0.028930525575565982)
17 (14, 0.028930525575565982)
18 (15, 0.028930525575565982)
19 (17, 0.028930525575565982)
20 (18, 0.028930525575565982)
21 (19, 0.028930525575565982)
22 (20, 0.028930525575565982)
23 (21, 0.028930525575565982)
24 (23, 0.028930525575565982)
25 (24, 0.028930525575565982)
26 (25, 0.028930525575565982)
27 (26, 0.028930525575565982)
28 (27, 0.028930525575565982)
29 (28, 0.028930525575565982)
30 (29, 0.028930525575565982)
31 (30, 0.028930525575565982)
32 (32, 0.028930525575565982)
33 (34, 0.028930525575565982)
34 (35, 0.028930525575565982)
35 (7, 0.004339578836334898)
36 (33, 0.004339578836334898)
catalogue
catalogue
1 (27, 0.04557442721065067)
2 (2, 0.038698544622442384)
3 (29, 0.03654400331755515)
4 (8, 0.035413036374574824)
5 (31, 0.034529671779856795)
6 (16, 0.032933609800097796)
7 (1, 0.031879245313506804)
8 (3, 0.031879245313506804)
9 (4, 0.031879245313506804)
10 (6, 0.031879245313506804)
11 (9, 0.031879245313506804)
12 (10, 0.031879245313506804)
13 (12, 0.031879245313506804)
14 (13, 0.031879245313506804)
15 (14, 0.031879245313506804)
16 (15, 0.031879245313506804)
17 (17, 0.031879245313506804)
18 (19, 0.031879245313506804)
19 (20, 0.031879245313506804)
20 (21, 0.031879245313506804)
21 (23, 0.031879245313506804)
22 (24, 0.031879245313506804)
23 (25, 0.031879245313506804)
24 (26, 0.031879245313506804)
25 (28, 0.031879245313506804)
26 (32, 0.031879245313506804)
27 (33, 0.031879245313506804)
28 (34, 0.031879245313506804)
29 (35, 0.031879245313506804)
30 (11, 0.009791593208760973)
31 (0, 0.009383037490274818)
32 (5, 0.0047818867970260215)
33 (7, 0.0047818867970260215)
34 (18, 0.0047818867970260215)
35 (22, 0.0047818867970260215)
36 (30, 0.0047818867970260215)
catalogue
1 (8, 0.05985376832736083)
2 (2, 0.04513495760304554)
3 (24, 0.039480701617071415)
4 (34, 0.039480701617071415)
5 (29, 0.0394807016170714)
6 (28, 0.03730069618347016)
7 (31, 0.03683973781451272)
8 (12, 0.03566006615782798)
9 (1, 0.034133050637852186)
10 (3, 0.034133050637852186)
11 (4, 0.034133050637852186)
12 (6, 0.034133050637852186)
13 (9, 0.034133050637852186)
14 (10, 0.034133050637852186)
15 (14, 0.034133050637852186)
16 (15, 0.034133050637852186)
17 (17, 0.034133050637852186)
18 (19, 0.034133050637852186)
19 (20, 0.034133050637852186)
20 (21, 0.034133050637852186)
21 (23, 0.034133050637852186)
22 (25, 0.034133050637852186)
23 (26, 0.034133050637852186)
24 (32, 0.034133050637852186)
25 (33, 0.034133050637852186)
26 (27, 0.020515388081552097)
27 (11, 0.014739784046145041)
28 (0, 0.009210195730377313)
29 (16, 0.006201737191262114)
30 (5, 0.00511995759567783)
31 (7, 0.00511995759567783)
32 (13, 0.00511995759567783)
33 (18, 0.00511995759567783)
34 (22, 0.00511995759567783)
35 (30, 0.00511995759567783)
36 (35, 0.00511995759567783)
catalogue
1 (27, 0.036988066144532164)
2 (31, 0.03198424752884763)
3 (8, 0.030855178268380263)
4 (1, 0.029431742785975816)
5 (2, 0.029431742785975816)
6 (3, 0.029431742785975816)
7 (4, 0.029431742785975816)
8 (5, 0.029431742785975816)
9 (6, 0.029431742785975816)
10 (9, 0.029431742785975816)
11 (10, 0.029431742785975816)
12 (12, 0.029431742785975816)
13 (13, 0.029431742785975816)
14 (14, 0.029431742785975816)
15 (15, 0.029431742785975816)
16 (16, 0.029431742785975816)
17 (17, 0.029431742785975816)
18 (18, 0.029431742785975816)
19 (19, 0.029431742785975816)
20 (20, 0.029431742785975816)
21 (21, 0.029431742785975816)
22 (22, 0.029431742785975816)
23 (23, 0.029431742785975816)
24 (24, 0.029431742785975816)
25 (25, 0.029431742785975816)
26 (26, 0.029431742785975816)
27 (28, 0.029431742785975816)
28 (29, 0.029431742785975816)
29 (30, 0.029431742785975816)
30 (32, 0.029431742785975816)
31 (33, 0.029431742785975816)
32 (34, 0.029431742785975816)
33 (35, 0.029431742785975816)
34 (11, 0.008390701643172637)
35 (0, 0.0044147614178963734)
36 (7, 0.0044147614178963734)
catalogue
1 (23, 0.1294882267907646)
2 (34, 0.07542490025252337)
3 (25, 0.074734387607213)
4 (3, 0.0694650347366895)
5 (6, 0.06617263402569341)
6 (14, 0.06570810014529276)
7 (26, 0.058018693038208946)
8 (27, 0.048960063095485847)
9 (29, 0.04755441304339389)
10 (32, 0.042935442741869174)
11 (1, 0.03990196432289299)
12 (11, 0.030202695849409825)
13 (17, 0.028576742091047047)
14 (35, 0.023724320497219512)
15 (15, 0.01657670350489164)
16 (4, 0.01610620275494958)
17 (20, 0.01567175045761398)
18 (0, 0.014474390633925086)
19 (9, 0.01381466435758162)
20 (12, 0.012632358862026233)
21 (2, 0.010636528184661011)
22 (28, 0.009146076427878909)
23 (21, 0.007990563822740946)
24 (30, 0.00785875436034643)
25 (31, 0.007627270407605556)
26 (24, 0.006747710169195629)
27 (13, 0.0067191310365216856)
28 (10, 0.006412506756186698)
29 (8, 0.0060826622956142076)
30 (16, 0.006035627033980169)
31 (5, 0.005942138015903101)
32 (7, 0.005912814967451561)
33 (18, 0.005686131928305577)
34 (19, 0.005686131928305577)
35 (22, 0.005686131928305577)
36 (33, 0.005686131928305577)
catalogue
1 (10, 0.09642720140435398)
2 (27, 0.06951445749456173)
3 (28, 0.05425280793826855)
4 (32, 0.054008812741916025)
5 (26, 0.05168916949274243)
6 (2, 0.049375117699672615)
7 (35, 0.044371157286058394)
8 (14, 0.043919247130747865)
9 (12, 0.040034120512271426)
10 (25, 0.03990514100176913)
11 (24, 0.03955763273366299)
12 (23, 0.0393941422672459)
13 (4, 0.039322757659880817)
14 (1, 0.03804366884579108)
15 (3, 0.037470029027739334)
16 (9, 0.037470029027739334)
17 (17, 0.037470029027739334)
18 (29, 0.02933763078121945)
19 (30, 0.019477740899705658)
20 (11, 0.017808688954978554)
21 (0, 0.012687381064385848)
22 (21, 0.01206972245716944)
23 (13, 0.011625719184171787)
24 (31, 0.011376184814098474)
25 (8, 0.00882102261525894)
26 (6, 0.007762822960141589)
27 (16, 0.006223025789261232)
28 (5, 0.005620504354160901)
29 (7, 0.005620504354160901)
30 (15, 0.005620504354160901)
31 (18, 0.005620504354160901)
32 (19, 0.005620504354160901)
33 (20, 0.005620504354160901)
34 (22, 0.005620504354160901)
35 (33, 0.005620504354160901)
36 (34, 0.005620504354160901)
catalogue
1 (35, 0.12496212081182734)
2 (34, 0.07984084488090946)
3 (21, 0.06725098755527531)
4 (17, 0.06574366990022362)
5 (20, 0.05869724138715708)
6 (14, 0.051308869670926655)
7 (10, 0.048773464319677676)
8 (2, 0.04838477327427589)
9 (23, 0.04427706949788279)
10 (32, 0.03984237733512899)
11 (28, 0.038858088838887236)
12 (3, 0.03566860875970376)
13 (6, 0.035579679204744814)
14 (27, 0.030178150459017238)
15 (26, 0.029884415681839614)
16 (15, 0.026827990282422352)
17 (11, 0.020766890417156292)
18 (25, 0.019096033315592852)
19 (12, 0.014808959777023624)
20 (4, 0.014192880136393018)
21 (29, 0.011205563859760492)
22 (0, 0.009870375477181342)
23 (9, 0.009455826631134708)
24 (31, 0.006624358702160397)
25 (1, 0.006584788238618001)
26 (13, 0.006447661309782321)
27 (8, 0.006172414888157973)
28 (33, 0.0057842633846558016)
29 (5, 0.00571466737859963)
30 (24, 0.00567275703658085)
31 (30, 0.005410390941281166)
32 (16, 0.005399843739867378)
33 (22, 0.005337426290831644)
34 (7, 0.00512551553844092)
35 (18, 0.00512551553844092)
36 (19, 0.00512551553844092)
orders
1 (29, 0.04524633059586727)
2 (2, 0.03728077431663803)
3 (1, 0.032764077387799385)
4 (3, 0.032764077387799385)
5 (4, 0.032764077387799385)
6 (5, 0.032764077387799385)
7 (6, 0.032764077387799385)
8 (7, 0.032764077387799385)
9 (8, 0.032764077387799385)
10 (9, 0.032764077387799385)
11 (10, 0.032764077387799385)
12 (11, 0.032764077387799385)
13 (12, 0.032764077387799385)
14 (13, 0.032764077387799385)
15 (15, 0.032764077387799385)
16 (16, 0.032764077387799385)
17 (18, 0.032764077387799385)
18 (19, 0.032764077387799385)
19 (20, 0.032764077387799385)
20 (21, 0.032764077387799385)
21 (22, 0.032764077387799385)
22 (23, 0.032764077387799385)
23 (24, 0.032764077387799385)
24 (26, 0.032764077387799385)
25 (27, 0.032764077387799385)
26 (28, 0.032764077387799385)
27 (30, 0.032764077387799385)
28 (31, 0.032764077387799385)
29 (32, 0.032764077387799385)
30 (25, 0.013582273863562982)
31 (0, 0.00943130853700855)
32 (14, 0.004914611608169908)
33 (17, 0.004914611608169908)
orders
1 (2, 0.03878640943402818)
2 (5, 0.03878640943402818)
3 (7, 0.03878640943402818)
4 (14, 0.03878640943402818)
5 (27, 0.03878640943402818)
6 (1, 0.0339397032770467)
7 (3, 0.0339397032770467)
8 (4, 0.0339397032770467)
9 (6, 0.0339397032770467)
10 (8, 0.0339397032770467)
11 (9, 0.0339397032770467)
12 (11, 0.0339397032770467)
13 (12, 0.0339397032770467)
14 (13, 0.0339397032770467)
15 (15, 0.0339397032770467)
16 (16, 0.0339397032770467)
17 (18, 0.0339397032770467)
18 (19, 0.0339397032770467)
19 (21, 0.0339397032770467)
20 (22, 0.0339397032770467)
21 (23, 0.0339397032770467)
22 (24, 0.0339397032770467)
23 (25, 0.0339397032770467)
24 (26, 0.0339397032770467)
25 (29, 0.0339397032770467)
26 (30, 0.0339397032770467)
27 (31, 0.0339397032770467)
28 (32, 0.0339397032770467)
29 (0, 0.0050909554915570055)
30 (10, 0.0050909554915570055)
31 (17, 0.0050909554915570055)
32 (20, 0.0050909554915570055)
33 (28, 0.0050909554915570055)
orders
1 (15, 0.12567765137364317)
2 (25, 0.07638522166981945)
3 (4, 0.07232849627004642)
4 (3, 0.06498277926139309)
5 (8, 0.05429690906915122)
6 (13, 0.054214297042938786)
7 (30, 0.049178460598751486)
8 (21, 0.04913434060986154)
9 (24, 0.042443421140483696)
10 (6, 0.03830399578643826)
11 (14, 0.03817445443028559)
12 (1, 0.03807615516861679)
13 (12, 0.0376201960491358)
14 (23, 0.03674296803629255)
15 (0, 0.032045397316195)
16 (26, 0.02790716514395971)
17 (5, 0.025869557730966598)
18 (29, 0.01756523301430818)
19 (9, 0.017500335641012114)
20 (31, 0.01374370107925381)
21 (27, 0.011727005808425783)
22 (18, 0.011579823567068513)
23 (10, 0.006633137408360284)
24 (2, 0.006194555879853744)
25 (11, 0.006146939364446013)
26 (7, 0.006127849106264824)
27 (28, 0.005886380822994619)
28 (20, 0.005816163379877191)
29 (19, 0.005751643082908098)
30 (16, 0.005486441286811949)
31 (17, 0.005486441286811949)
32 (22, 0.005486441286811949)
33 (32, 0.005486441286811949)
orders
1 (7, 0.06126778847928273)
2 (25, 0.048059536741379846)
3 (27, 0.04226334383028788)
4 (31, 0.04226334383028788)
5 (2, 0.0391665478800259)
6 (16, 0.038040639552020264)
7 (3, 0.036620752420756394)
8 (4, 0.036620752420756394)
9 (6, 0.036620752420756394)
10 (8, 0.036620752420756394)
11 (9, 0.036620752420756394)
12 (11, 0.036620752420756394)
13 (12, 0.036620752420756394)
14 (13, 0.036620752420756394)
15 (15, 0.036620752420756394)
16 (18, 0.036620752420756394)
17 (19, 0.036620752420756394)
18 (21, 0.036620752420756394)
19 (22, 0.036620752420756394)
20 (23, 0.036620752420756394)
21 (24, 0.036620752420756394)
22 (26, 0.036620752420756394)
23 (29, 0.036620752420756394)
24 (30, 0.036620752420756394)
25 (5, 0.018500852979663186)
26 (14, 0.01113570427264495)
27 (10, 0.007170021682111575)
28 (0, 0.00549311286311346)
29 (1, 0.00549311286311346)
30 (17, 0.00549311286311346)
31 (20, 0.00549311286311346)
32 (28, 0.00549311286311346)
33 (32, 0.00549311286311346)
orders
1 (8, 0.08496323529043845)
2 (29, 0.06846328384185792)
3 (5, 0.05132806349406563)
4 (24, 0.045180107964726504)
5 (31, 0.045180107964726504)
6 (26, 0.04251732680833476)
7 (9, 0.042485293817228556)
8 (1, 0.03883310280358234)
9 (3, 0.03883310280358234)
10 (4, 0.03883310280358234)
11 (6, 0.03883310280358234)
12 (11, 0.03883310280358234)
13 (12, 0.03883310280358234)
14 (13, 0.03883310280358234)
15 (15, 0.03883310280358234)
16 (18, 0.03883310280358234)
17 (19, 0.03883310280358234)
18 (21, 0.03883310280358234)
19 (30, 0.03883310280358234)
20 (27, 0.03375432216416352)
21 (28, 0.025673414258613535)
22 (25, 0.018225263595315854)
23 (14, 0.01034403375001025)
24 (7, 0.008213183682082981)
25 (2, 0.007943232104060222)
26 (0, 0.006951938277327351)
27 (10, 0.0069020550321840166)
28 (16, 0.006753077209189211)
29 (17, 0.005824965420537352)
30 (20, 0.005824965420537352)
31 (22, 0.005824965420537352)
32 (23, 0.005824965420537352)
33 (32, 0.005824965420537352)
orders
1 (26, 0.11858279378780298)
2 (2, 0.05901225676383529)
3 (30, 0.058940070294046146)
4 (21, 0.05487310330206508)
5 (27, 0.04832555103305569)
6 (3, 0.047134338294561776)
7 (12, 0.047134338294561776)
8 (31, 0.047134338294561776)
9 (29, 0.04641834045981285)
10 (5, 0.04360538827385731)
11 (1, 0.04260308356880556)
12 (6, 0.04231658971313418)
13 (11, 0.04133973650143494)
14 (8, 0.04111862499761994)
15 (9, 0.04111173163787706)
16 (15, 0.040953625341457627)
17 (7, 0.034206451351481724)
18 (14, 0.02407736046298995)
19 (0, 0.015959035566107085)
20 (23, 0.014637235040119791)
21 (18, 0.012883187998769825)
22 (25, 0.008763110052780453)
23 (24, 0.006869460003390523)
24 (28, 0.006708531744253057)
25 (10, 0.006520301582719913)
26 (16, 0.006461171155860353)
27 (4, 0.006044320640433875)
28 (13, 0.006044320640433875)
29 (17, 0.006044320640433875)
30 (19, 0.006044320640433875)
31 (20, 0.006044320640433875)
32 (22, 0.006044320640433875)
33 (32, 0.006044320640433875)
orders
1 (25, 0.0572590606732632)
2 (7, 0.03975326897196259)
3 (5, 0.03802788756788775)
4 (2, 0.03714723599616264)
5 (16, 0.035979870094429205)
6 (1, 0.034689973487202264)
7 (3, 0.034689973487202264)
8 (4, 0.034689973487202264)
9 (6, 0.034689973487202264)
10 (8, 0.034689973487202264)
11 (9, 0.034689973487202264)
12 (11, 0.034689973487202264)
13 (12, 0.034689973487202264)
14 (13, 0.034689973487202264)
15 (15, 0.034689973487202264)
16 (18, 0.034689973487202264)
17 (19, 0.034689973487202264)
18 (21, 0.034689973487202264)
19 (22, 0.034689973487202264)
20 (23, 0.034689973487202264)
21 (26, 0.034689973487202264)
22 (27, 0.034689973487202264)
23 (28, 0.034689973487202264)
24 (30, 0.034689973487202264)
25 (31, 0.034689973487202264)
26 (32, 0.034689973487202264)
27 (29, 0.020105076559251082)
28 (0, 0.010841244937060977)
29 (14, 0.010266791507840663)
30 (10, 0.006519632391653355)
31 (17, 0.005203496023080341)
32 (20, 0.005203496023080341)
33 (24, 0.005203496023080341)
orders
1 (26, 0.111597392844195)
2 (24, 0.10460762579772734)
3 (8, 0.0636607260124867)
4 (23, 0.05894073708292439)
5 (2, 0.0557417976248389)
6 (3, 0.05310442122648031)
7 (1, 0.04722628058018321)
8 (31, 0.045849995331193466)
9 (5, 0.04370277123669605)
10 (7, 0.04352906160629023)
11 (30, 0.0416016341657057)
12 (15, 0.040040734485007286)
13 (4, 0.03933092613029295)
14 (6, 0.035856629799273135)
15 (25, 0.03283153830304096)
16 (29, 0.022488660359489966)
17 (9, 0.02113305010074182)
18 (21, 0.019673134015731307)
19 (0, 0.013060830000318371)
20 (27, 0.01305144858822607)
21 (18, 0.012418708120444452)
22 (12, 0.01241870812044445)
23 (11, 0.00723115690262385)
24 (10, 0.006625427529275703)
25 (16, 0.006503179331217121)
26 (14, 0.006475952268343556)
27 (13, 0.005899638919543942)
28 (17, 0.005899638919543942)
29 (19, 0.005899638919543942)
30 (20, 0.005899638919543942)
31 (22, 0.005899638919543942)
32 (28, 0.005899638919543942)
33 (32, 0.005899638919543942)
orders
1 (25, 0.05534689618434531)
2 (5, 0.045697571875382016)
3 (7, 0.041503275612423826)
4 (27, 0.041503275612423826)
5 (2, 0.038453272901735426)
6 (16, 0.037574556982844495)
7 (1, 0.03603863838699008)
8 (3, 0.03603863838699008)
9 (4, 0.03603863838699008)
10 (6, 0.03603863838699008)
11 (8, 0.03603863838699008)
12 (9, 0.03603863838699008)
13 (11, 0.03603863838699008)
14 (12, 0.03603863838699008)
15 (13, 0.03603863838699008)
16 (15, 0.03603863838699008)
17 (18, 0.03603863838699008)
18 (19, 0.03603863838699008)
19 (21, 0.03603863838699008)
20 (23, 0.03603863838699008)
21 (24, 0.03603863838699008)
22 (26, 0.03603863838699008)
23 (30, 0.03603863838699008)
24 (31, 0.03603863838699008)
25 (32, 0.03603863838699008)
26 (14, 0.01087043298348226)
27 (29, 0.010367729831426224)
28 (10, 0.006919879872882488)
29 (0, 0.0054057957580485125)
30 (17, 0.0054057957580485125)
31 (20, 0.0054057957580485125)
32 (22, 0.0054057957580485125)
33 (28, 0.0054057957580485125)
orders
carts
1 (1, 0.09687085975541632)
2 (17, 0.09589333015210252)
3 (18, 0.08446044851173551)
4 (20, 0.061053318413934916)
5 (21, 0.05115998071097936)
6 (32, 0.0467809625655709)
7 (8, 0.045932050882719046)
8 (26, 0.045932050882719046)
9 (31, 0.04425520046540329)
10 (2, 0.04221034209530169)
11 (12, 0.03993176597106305)
12 (19, 0.03985875634411528)
13 (4, 0.0392523629491681)
14 (13, 0.029869107483748422)
15 (23, 0.029786509599000418)
16 (10, 0.029006390099145372)
17 (6, 0.021019754191626317)
18 (24, 0.02094166012290153)
19 (14, 0.018611928049122702)
20 (28, 0.013303925082672285)
21 (11, 0.013241169760170594)
22 (25, 0.01209060220476322)
23 (0, 0.008436710171581815)
24 (5, 0.008160136111449187)
25 (7, 0.007423672290949051)
26 (22, 0.006767551716879888)
27 (29, 0.00653447231913383)
28 (3, 0.005887854442375215)
29 (9, 0.005887854442375215)
30 (15, 0.005887854442375215)
31 (16, 0.005887854442375215)
32 (27, 0.005887854442375215)
33 (30, 0.005887854442375215)
34 (33, 0.005887854442375215)
carts
1 (25, 0.05533202953391031)
2 (2, 0.04215203451387269)
3 (10, 0.0380579917577038)
4 (1, 0.033781584457403646)
5 (3, 0.033781584457403646)
6 (4, 0.033781584457403646)
7 (6, 0.033781584457403646)
8 (8, 0.033781584457403646)
9 (9, 0.033781584457403646)
10 (11, 0.033781584457403646)
11 (12, 0.033781584457403646)
12 (13, 0.033781584457403646)
13 (15, 0.033781584457403646)
14 (16, 0.033781584457403646)
15 (17, 0.033781584457403646)
16 (18, 0.033781584457403646)
17 (19, 0.033781584457403646)
18 (21, 0.033781584457403646)
19 (22, 0.033781584457403646)
20 (23, 0.033781584457403646)
21 (24, 0.033781584457403646)
22 (26, 0.033781584457403646)
23 (28, 0.033781584457403646)
24 (29, 0.033781584457403646)
25 (31, 0.033781584457403646)
26 (32, 0.033781584457403646)
27 (33, 0.033781584457403646)
28 (14, 0.01700667476227441)
29 (20, 0.00881012648612614)
30 (5, 0.006144308146319152)
31 (0, 0.005857583411071061)
32 (7, 0.005746749073813732)
33 (27, 0.0050672376686105485)
34 (30, 0.0050672376686105485)
carts
1 (20, 0.07788756603906245)
2 (17, 0.04253193161669779)
3 (13, 0.04126169864584819)
4 (19, 0.04126169864584819)
5 (24, 0.04126169864584819)
6 (14, 0.04100629063491179)
7 (2, 0.039537068174414755)
8 (31, 0.037453776229062)
9 (29, 0.037435193448178264)
10 (32, 0.0368872972012566)
11 (15, 0.036885799710707504)
12 (1, 0.03572631028470364)
13 (3, 0.03572631028470364)
14 (4, 0.03572631028470364)
15 (6, 0.03572631028470364)
16 (8, 0.03572631028470364)
17 (9, 0.03572631028470364)
18 (11, 0.03572631028470364)
19 (21, 0.03572631028470364)
20 (26, 0.03572631028470364)
21 (28, 0.03572631028470364)
22 (33, 0.03572631028470364)
23 (0, 0.03458294825424092)
24 (10, 0.028301430466478122)
25 (25, 0.016558475935725667)
26 (5, 0.008260261941844822)
27 (7, 0.007155453750487315)
28 (22, 0.006588318271414065)
29 (12, 0.005358946542705547)
30 (16, 0.005358946542705547)
31 (18, 0.005358946542705547)
32 (23, 0.005358946542705547)
33 (27, 0.005358946542705547)
34 (30, 0.005358946542705547)
carts
1 (19, 0.12884187839860728)
2 (18, 0.09294142914634103)
3 (15, 0.08807028612136705)
4 (29, 0.08358487658091582)
5 (28, 0.06581988137919949)
6 (6, 0.06458861058852046)
7 (1, 0.06135479220845261)
8 (11, 0.048715454249357346)
9 (21, 0.04553168832950274)
10 (24, 0.04047017365821108)
11 (32, 0.03658126162477122)
12 (31, 0.028865727555162358)
13 (26, 0.01890165537511429)
14 (14, 0.01758870858901051)
15 (25, 0.016093274479181102)
16 (33, 0.01425142839405511)
17 (13, 0.013355906135928753)
18 (10, 0.012923816697831476)
19 (22, 0.01242109481418393)
20 (0, 0.012148763474074935)
21 (4, 0.011718751815188506)
22 (9, 0.010345871494460946)
23 (17, 0.008907440038874299)
24 (2, 0.008177777152073021)
25 (5, 0.007045863184416553)
26 (12, 0.006775347640611253)
27 (20, 0.006369632745185919)
28 (7, 0.005947900958023627)
29 (23, 0.005457602831650625)
30 (27, 0.0054500370763345)
31 (3, 0.005188266815848052)
32 (8, 0.005188266815848052)
33 (16, 0.005188266815848052)
34 (30, 0.005188266815848052)
carts
1 (11, 0.11966185461181017)
2 (9, 0.08104288900389194)
3 (8, 0.07564610560352658)
4 (31, 0.07053747824167662)
5 (14, 0.05195215255929994)
6 (28, 0.05118878785770116)
7 (33, 0.04614735984162324)
8 (19, 0.04088698916510401)
9 (6, 0.03546708241694369)
10 (12, 0.03546708241694369)
11 (15, 0.03546708241694369)
12 (23, 0.03546708241694369)
13 (24, 0.03546708241694369)
14 (1, 0.03300300561745525)
15 (26, 0.02950059713757338)
16 (3, 0.027705684727651572)
17 (4, 0.022296918105930954)
18 (10, 0.022212414859304277)
19 (17, 0.02201385443362619)
20 (21, 0.01680512026441817)
21 (29, 0.01556030390683867)
22 (0, 0.015206546030411423)
23 (32, 0.011302151867302632)
24 (2, 0.009070572234229232)
25 (20, 0.007232783976947546)
26 (5, 0.007183907727755524)
27 (25, 0.00709180996665054)
28 (7, 0.0069132504998399725)
29 (22, 0.005901737862004794)
30 (13, 0.005320062362541555)
31 (16, 0.005320062362541555)
32 (18, 0.005320062362541555)
33 (27, 0.005320062362541555)
34 (30, 0.005320062362541555)
carts
1 (20, 0.10130282081177609)
2 (11, 0.06059136155831165)
3 (14, 0.05680271382979627)
4 (17, 0.047743748094433804)
5 (31, 0.04756616706505292)
6 (29, 0.04636776591569245)
7 (4, 0.04478081455828895)
8 (19, 0.04478081455828895)
9 (24, 0.04478081455828895)
10 (15, 0.039028164537562936)
11 (1, 0.0383902077848922)
12 (6, 0.0383902077848922)
13 (8, 0.0383902077848922)
14 (9, 0.0383902077848922)
15 (12, 0.0383902077848922)
16 (21, 0.0383902077848922)
17 (26, 0.0383902077848922)
18 (0, 0.028297693287513723)
19 (25, 0.025284552217668982)
20 (10, 0.021959047745561525)
21 (33, 0.02000141032616049)
22 (7, 0.016870850508248485)
23 (5, 0.01337907564828995)
24 (32, 0.012829931833263078)
25 (22, 0.007074017941950813)
26 (2, 0.005758531167733831)
27 (3, 0.005758531167733831)
28 (13, 0.005758531167733831)
29 (16, 0.005758531167733831)
30 (18, 0.005758531167733831)
31 (23, 0.005758531167733831)
32 (27, 0.005758531167733831)
33 (28, 0.005758531167733831)
34 (30, 0.005758531167733831)
carts
1 (25, 0.0388815959535732)
2 (0, 0.03070665827624367)
3 (1, 0.03070665827624367)
4 (2, 0.03070665827624367)
5 (3, 0.03070665827624367)
6 (4, 0.03070665827624367)
7 (5, 0.03070665827624367)
8 (6, 0.03070665827624367)
9 (7, 0.03070665827624367)
10 (8, 0.03070665827624367)
11 (9, 0.03070665827624367)
12 (10, 0.03070665827624367)
13 (11, 0.03070665827624367)
14 (12, 0.03070665827624367)
15 (13, 0.03070665827624367)
16 (15, 0.03070665827624367)
17 (16, 0.03070665827624367)
18 (17, 0.03070665827624367)
19 (18, 0.03070665827624367)
20 (19, 0.03070665827624367)
21 (21, 0.03070665827624367)
22 (22, 0.03070665827624367)
23 (23, 0.03070665827624367)
24 (24, 0.03070665827624367)
25 (26, 0.03070665827624367)
26 (27, 0.03070665827624367)
27 (28, 0.03070665827624367)
28 (29, 0.03070665827624367)
29 (30, 0.03070665827624367)
30 (31, 0.03070665827624367)
31 (32, 0.03070665827624367)
32 (33, 0.03070665827624367)
33 (14, 0.004605998741436552)
34 (20, 0.004605998741436552)
carts
1 (17, 0.1090139021307547)
2 (1, 0.07465874653875229)
3 (32, 0.07096501479982985)
4 (2, 0.060066899355547404)
5 (18, 0.044907018578840115)
6 (23, 0.04490701857884011)
7 (10, 0.04319063638083583)
8 (31, 0.042259939837082296)
9 (29, 0.04216740738164651)
10 (6, 0.03848307702239589)
11 (8, 0.03848307702239589)
12 (9, 0.03848307702239589)
13 (11, 0.03848307702239589)
14 (26, 0.03848307702239589)
15 (28, 0.03848307702239589)
16 (33, 0.028611233931465575)
17 (14, 0.02589250963546666)
18 (25, 0.025034674798087915)
19 (3, 0.02024607976618523)
20 (15, 0.019910545777783208)
21 (21, 0.013217414429304056)
22 (4, 0.012994107804616859)
23 (12, 0.012196403109803602)
24 (20, 0.01211521611932139)
25 (0, 0.008762165810365647)
26 (5, 0.008331157056872863)
27 (7, 0.008232470847829266)
28 (22, 0.0067862058762368956)
29 (13, 0.005772461553359385)
30 (16, 0.005772461553359385)
31 (19, 0.005772461553359385)
32 (24, 0.005772461553359385)
33 (27, 0.005772461553359385)
34 (30, 0.005772461553359385)
carts
1 (9, 0.10193313461902401)
2 (18, 0.07095027864067269)
3 (8, 0.0707854690580214)
4 (19, 0.06648743230284351)
5 (15, 0.06237992156271071)
6 (1, 0.058875249991319274)
7 (17, 0.05443214496119923)
8 (21, 0.048853514688125)
9 (6, 0.039012077096126245)
10 (29, 0.03822903805247463)
11 (31, 0.036127621987974666)
12 (28, 0.03263846182984742)
13 (3, 0.030613186828126637)
14 (4, 0.026897485773531495)
15 (12, 0.025183542157173527)
16 (10, 0.02174170905233695)
17 (13, 0.021693852029995013)
18 (32, 0.02129218007137997)
19 (11, 0.01794780415703077)
20 (5, 0.017098758909379164)
21 (33, 0.016894350143458043)
22 (2, 0.015524331100158599)
23 (25, 0.015204880094080556)
24 (14, 0.01515564624873279)
25 (22, 0.012674122016508846)
26 (0, 0.010942075348126506)
27 (23, 0.01009832728696001)
28 (26, 0.006795045943776329)
29 (24, 0.0066470456621991756)
30 (7, 0.00605683463857076)
31 (20, 0.00569944220443474)
32 (27, 0.00534349699474699)
33 (16, 0.004895769274477114)
34 (30, 0.004895769274477114)
carts
1 (17, 0.06180202348004726)
2 (10, 0.04494439423420902)
3 (22, 0.04251229745485816)
4 (28, 0.04206528858420048)
5 (15, 0.04095175723032756)
6 (31, 0.03824517258578818)
7 (26, 0.037042188788109665)
8 (33, 0.03585722186375673)
9 (1, 0.03531650158873779)
10 (3, 0.03531650158873779)
11 (4, 0.03531650158873779)
12 (6, 0.03531650158873779)
13 (8, 0.03531650158873779)
14 (9, 0.03531650158873779)
15 (11, 0.03531650158873779)
16 (12, 0.03531650158873779)
17 (13, 0.03531650158873779)
18 (18, 0.03531650158873779)
19 (19, 0.03531650158873779)
20 (21, 0.03531650158873779)
21 (23, 0.03531650158873779)
22 (24, 0.03531650158873779)
23 (32, 0.03531650158873779)
24 (2, 0.02595641647677635)
25 (25, 0.024056785064066746)
26 (14, 0.01702010864604684)
27 (5, 0.012742273603331503)
28 (0, 0.011484794761635553)
29 (7, 0.0071335441441443565)
30 (29, 0.006611991613410823)
31 (27, 0.0059337919232919385)
32 (16, 0.005297475238310669)
33 (20, 0.005297475238310669)
34 (30, 0.005297475238310669)
payment
1 (19, 0.16049797290974355)
2 (20, 0.1218835388890195)
3 (12, 0.10545968495811417)
4 (16, 0.08830883255917542)
5 (22, 0.05617774367639736)
6 (0, 0.051722640231058443)
7 (9, 0.04449873077697717)
8 (32, 0.04312721851038159)
9 (3, 0.04300279567904108)
10 (13, 0.0420073526165123)
11 (24, 0.0420073526165123)
12 (27, 0.03221055076387373)
13 (6, 0.020970508916408954)
14 (26, 0.013819837714496885)
15 (28, 0.011189194262329658)
16 (15, 0.010837842814640333)
17 (5, 0.008849960040493274)
18 (7, 0.007665690543340426)
19 (11, 0.007656221872451418)
20 (21, 0.006927936208426724)
21 (10, 0.006689244939584089)
22 (31, 0.006483267530169694)
23 (33, 0.00647478634774395)
24 (4, 0.006359947340489585)
25 (23, 0.006224660484798879)
26 (1, 0.005438498533091056)
27 (2, 0.005438498533091056)
28 (8, 0.005438498533091056)
29 (14, 0.005438498533091056)
30 (17, 0.005438498533091056)
31 (18, 0.005438498533091056)
32 (25, 0.005438498533091056)
33 (29, 0.005438498533091056)
34 (30, 0.005438498533091056)
payment
1 (26, 0.04725908445940009)
2 (12, 0.04681707442083449)
3 (15, 0.04681707442083449)
4 (28, 0.04114579067311402)
5 (32, 0.04114579067311402)
6 (11, 0.038308848993241953)
7 (31, 0.03786943856670001)
8 (0, 0.03563949950700477)
9 (1, 0.03563949950700477)
10 (2, 0.03563949950700477)
11 (3, 0.03563949950700477)
12 (4, 0.03563949950700477)
13 (5, 0.03563949950700477)
14 (6, 0.03563949950700477)
15 (9, 0.03563949950700477)
16 (10, 0.03563949950700477)
17 (13, 0.03563949950700477)
18 (14, 0.03563949950700477)
19 (19, 0.03563949950700477)
20 (20, 0.03563949950700477)
21 (22, 0.03563949950700477)
22 (23, 0.03563949950700477)
23 (24, 0.03563949950700477)
24 (25, 0.03563949950700477)
25 (27, 0.03563949950700477)
26 (7, 0.010852216092159965)
27 (16, 0.010852216092159965)
28 (8, 0.005345924926050716)
29 (17, 0.005345924926050716)
30 (18, 0.005345924926050716)
31 (21, 0.005345924926050716)
32 (29, 0.005345924926050716)
33 (30, 0.005345924926050716)
34 (33, 0.005345924926050716)
payment
1 (19, 0.14193387944338726)
2 (20, 0.0926689773833447)
3 (12, 0.07733299803532726)
4 (6, 0.06363287618474169)
5 (9, 0.05263219447674082)
6 (26, 0.05128326579243111)
7 (16, 0.04856399166183587)
8 (3, 0.048074950773649684)
9 (25, 0.04705704473551213)
10 (13, 0.045571648954357176)
11 (28, 0.045571648954357176)
12 (32, 0.045571648954357176)
13 (31, 0.041034971678095236)
14 (22, 0.030809484114044956)
15 (1, 0.025394677298639305)
16 (0, 0.01863274977327458)
17 (5, 0.010810162479527034)
18 (15, 0.010309451262172866)
19 (10, 0.009184605721664924)
20 (11, 0.008124129501495502)
21 (7, 0.0072911442018441875)
22 (4, 0.007140376433874272)
23 (21, 0.007074742614412252)
24 (2, 0.005845307233719354)
25 (8, 0.005845307233719354)
26 (14, 0.005845307233719354)
27 (17, 0.005845307233719354)
28 (18, 0.005845307233719354)
29 (23, 0.005845307233719354)
30 (24, 0.005845307233719354)
31 (27, 0.005845307233719354)
32 (29, 0.005845307233719354)
33 (30, 0.005845307233719354)
34 (33, 0.005845307233719354)
payment
1 (9, 0.13132458876620903)
2 (10, 0.0918026800544921)
3 (19, 0.08521887950107193)
4 (20, 0.08081345616434527)
5 (12, 0.06876415751455163)
6 (32, 0.061445217594183234)
7 (22, 0.05485036802798346)
8 (28, 0.04372517225470616)
9 (24, 0.041704568694614044)
10 (3, 0.04151923968724916)
11 (13, 0.040765554229979684)
12 (2, 0.03576202551396232)
13 (1, 0.03235209155559131)
14 (0, 0.019068373448178556)
15 (16, 0.01687979873301007)
16 (33, 0.015790869977596933)
17 (15, 0.014318933117532032)
18 (6, 0.013020203835908958)
19 (26, 0.012579302322323791)
20 (27, 0.012529141654982978)
21 (5, 0.007969929243183144)
22 (29, 0.0077865365244366306)
23 (7, 0.006873037714202393)
24 (21, 0.006523247263874772)
25 (11, 0.006444978551088406)
26 (25, 0.006239527902501217)
27 (31, 0.006113849460882939)
28 (4, 0.006031566756546769)
29 (8, 0.005297117322468527)
30 (14, 0.005297117322468527)
31 (17, 0.005297117322468527)
32 (18, 0.005297117322468527)
33 (23, 0.005297117322468527)
34 (30, 0.005297117322468527)
payment
1 (19, 0.11972634206257014)
2 (20, 0.06721358404833219)
3 (0, 0.06669227344493088)
4 (26, 0.0521825788558542)
5 (9, 0.05182833488320626)
6 (12, 0.051135245186825905)
7 (6, 0.049243509758575686)
8 (3, 0.04919604322321917)
9 (13, 0.04785231457341273)
10 (24, 0.04785231457341273)
11 (28, 0.04785231457341273)
12 (32, 0.04785231457341273)
13 (5, 0.04515676984702958)
14 (31, 0.042335774935147334)
15 (27, 0.040678820676611556)
16 (16, 0.028781997715195004)
17 (15, 0.019571060864678316)
18 (22, 0.01747897436372428)
19 (7, 0.009686291339166583)
20 (11, 0.00815466327918314)
21 (10, 0.008003180273320872)
22 (4, 0.007243365913334953)
23 (21, 0.00716187691903404)
24 (1, 0.006101823101491734)
25 (2, 0.006101823101491734)
26 (8, 0.006101823101491734)
27 (14, 0.006101823101491734)
28 (17, 0.006101823101491734)
29 (18, 0.006101823101491734)
30 (23, 0.006101823101491734)
31 (25, 0.006101823101491734)
32 (29, 0.006101823101491734)
33 (30, 0.006101823101491734)
34 (33, 0.006101823101491734)
payment
1 (9, 0.15533396385028883)
2 (10, 0.11674681860104864)
3 (0, 0.09449683608569562)
4 (15, 0.08520243046743632)
5 (12, 0.07006846726618045)
6 (22, 0.06892098625967732)
7 (1, 0.0481208815636694)
8 (24, 0.042669301920838884)
9 (3, 0.042474116236195326)
10 (13, 0.04160436560067687)
11 (27, 0.022474030599532853)
12 (16, 0.022091761434438993)
13 (6, 0.018901621939235252)
14 (32, 0.015260014412208797)
15 (19, 0.01503225404341128)
16 (7, 0.013365312586608965)
17 (28, 0.011072368399885601)
18 (26, 0.010649387699183444)
19 (11, 0.009716540137085708)
20 (20, 0.009192616778811133)
21 (5, 0.00827725566797583)
22 (33, 0.008148052894229534)
23 (31, 0.006805072772876939)
24 (21, 0.006752946346529221)
25 (25, 0.006406190708048649)
26 (4, 0.006219572651078467)
27 (23, 0.0058566969312607775)
28 (30, 0.005812139109759021)
29 (2, 0.00538799950602199)
30 (8, 0.00538799950602199)
31 (14, 0.00538799950602199)
32 (17, 0.00538799950602199)
33 (18, 0.00538799950602199)
34 (29, 0.00538799950602199)
payment
1 (26, 0.03479412711490843)
2 (32, 0.03479412711490843)
3 (0, 0.030706658276243668)
4 (1, 0.030706658276243668)
5 (2, 0.030706658276243668)
6 (3, 0.030706658276243668)
7 (4, 0.030706658276243668)
8 (5, 0.030706658276243668)
9 (6, 0.030706658276243668)
10 (7, 0.030706658276243668)
11 (8, 0.030706658276243668)
12 (9, 0.030706658276243668)
13 (10, 0.030706658276243668)
14 (11, 0.030706658276243668)
15 (12, 0.030706658276243668)
16 (13, 0.030706658276243668)
17 (14, 0.030706658276243668)
18 (15, 0.030706658276243668)
19 (16, 0.030706658276243668)
20 (17, 0.030706658276243668)
21 (18, 0.030706658276243668)
22 (19, 0.030706658276243668)
23 (20, 0.030706658276243668)
24 (22, 0.030706658276243668)
25 (23, 0.030706658276243668)
26 (24, 0.030706658276243668)
27 (25, 0.030706658276243668)
28 (27, 0.030706658276243668)
29 (28, 0.030706658276243668)
30 (29, 0.030706658276243668)
31 (30, 0.030706658276243668)
32 (31, 0.030706658276243668)
33 (21, 0.004605998741436551)
34 (33, 0.004605998741436551)
payment
1 (19, 0.12978159551727292)
2 (20, 0.09306476750333784)
3 (12, 0.08664870410841545)
4 (1, 0.0788771349095055)
5 (22, 0.06860071355298607)
6 (32, 0.051447814631808676)
7 (9, 0.04395235637731368)
8 (3, 0.04283580838845981)
9 (31, 0.04177986990512649)
10 (13, 0.041592509575389756)
11 (25, 0.041592509575389756)
12 (28, 0.041592509575389756)
13 (27, 0.03954203043426279)
14 (6, 0.03339728836207186)
15 (26, 0.021692261980538804)
16 (0, 0.01952369347610985)
17 (33, 0.014836636050988969)
18 (16, 0.010096949364214961)
19 (15, 0.009853160346696671)
20 (5, 0.00832965472487313)
21 (11, 0.0069065799140919145)
22 (10, 0.006557177658801911)
23 (7, 0.006307729649990439)
24 (4, 0.006063603906609154)
25 (21, 0.006055242710331564)
26 (2, 0.005945129562936283)
27 (8, 0.005390821029635741)
28 (14, 0.005390821029635741)
29 (17, 0.005390821029635741)
30 (18, 0.005390821029635741)
31 (23, 0.005390821029635741)
32 (24, 0.005390821029635741)
33 (29, 0.005390821029635741)
34 (30, 0.005390821029635741)
payment
1 (19, 0.1302948022637223)
2 (20, 0.09478283414046172)
3 (12, 0.09074732480776544)
4 (22, 0.06958233641686368)
5 (1, 0.06263440199222267)
6 (6, 0.050175515188352775)
7 (16, 0.04673481991770017)
8 (9, 0.04239862097442397)
9 (3, 0.0412889962518599)
10 (13, 0.04049973369431162)
11 (24, 0.04049973369431162)
12 (28, 0.04049973369431162)
13 (32, 0.04049973369431162)
14 (31, 0.03603099553837939)
15 (27, 0.03510410360414923)
16 (0, 0.01907980029903999)
17 (26, 0.012713719715319996)
18 (15, 0.011434631214898931)
19 (5, 0.008280425322164242)
20 (7, 0.007771658988439119)
21 (11, 0.007536609000705265)
22 (10, 0.0062247293871161595)
23 (4, 0.006035375665771826)
24 (21, 0.005956846653857684)
25 (2, 0.005801978013937534)
26 (8, 0.005265615540622385)
27 (14, 0.005265615540622385)
28 (17, 0.005265615540622385)
29 (18, 0.005265615540622385)
30 (23, 0.005265615540622385)
31 (25, 0.005265615540622385)
32 (29, 0.005265615540622385)
33 (30, 0.005265615540622385)
34 (33, 0.005265615540622385)
payment
1 (9, 0.11312278831957247)
2 (22, 0.09110584155332598)
3 (10, 0.06292954494981066)
4 (19, 0.04816422416686064)
5 (3, 0.048071723852883615)
6 (6, 0.04806658957522061)
7 (26, 0.048022537121954624)
8 (13, 0.04674802342967001)
9 (24, 0.04674802342967001)
10 (28, 0.04674802342967001)
11 (32, 0.04674802342967001)
12 (5, 0.044271106845167364)
13 (31, 0.04152433385088086)
14 (27, 0.039854159943382365)
15 (20, 0.036470178227462145)
16 (15, 0.034858593084801534)
17 (12, 0.026360457701656917)
18 (0, 0.02361614002761106)
19 (16, 0.01075980328547104)
20 (11, 0.007971484514125635)
21 (7, 0.007872629459570181)
22 (4, 0.007122561282765916)
23 (21, 0.007083844612215529)
24 (1, 0.005978123991507356)
25 (2, 0.005978123991507356)
26 (8, 0.005978123991507356)
27 (14, 0.005978123991507356)
28 (17, 0.005978123991507356)
29 (18, 0.005978123991507356)
30 (23, 0.005978123991507356)
31 (25, 0.005978123991507356)
32 (29, 0.005978123991507356)
33 (30, 0.005978123991507356)
34 (33, 0.005978123991507356)
shipping
1 (22, 0.03277201195460938)
2 (27, 0.03277201195460938)
3 (0, 0.028930525575565986)
4 (1, 0.028930525575565986)
5 (2, 0.028930525575565986)
6 (3, 0.028930525575565986)
7 (4, 0.028930525575565986)
8 (5, 0.028930525575565986)
9 (6, 0.028930525575565986)
10 (8, 0.028930525575565986)
11 (9, 0.028930525575565986)
12 (10, 0.028930525575565986)
13 (11, 0.028930525575565986)
14 (12, 0.028930525575565986)
15 (13, 0.028930525575565986)
16 (14, 0.028930525575565986)
17 (15, 0.028930525575565986)
18 (16, 0.028930525575565986)
19 (17, 0.028930525575565986)
20 (18, 0.028930525575565986)
21 (19, 0.028930525575565986)
22 (20, 0.028930525575565986)
23 (21, 0.028930525575565986)
24 (23, 0.028930525575565986)
25 (24, 0.028930525575565986)
26 (25, 0.028930525575565986)
27 (26, 0.028930525575565986)
28 (28, 0.028930525575565986)
29 (30, 0.028930525575565986)
30 (31, 0.028930525575565986)
31 (32, 0.028930525575565986)
32 (33, 0.028930525575565986)
33 (34, 0.028930525575565986)
34 (35, 0.028930525575565986)
35 (7, 0.004339578836334898)
36 (29, 0.004339578836334898)
shipping
1 (1, 0.10113126922883611)
2 (30, 0.05313826994860751)
3 (33, 0.052346052501292296)
4 (12, 0.051511933951916306)
5 (28, 0.049246325812554365)
6 (32, 0.04786951033285723)
7 (3, 0.04636322202034243)
8 (9, 0.04636322202034243)
9 (14, 0.04636322202034243)
10 (20, 0.04636322202034243)
11 (25, 0.04636322202034243)
12 (34, 0.04636322202034243)
13 (23, 0.04528194730671786)
14 (6, 0.044496873153109184)
15 (17, 0.041520336234183934)
16 (22, 0.040951380738124474)
17 (16, 0.029780812939006418)
18 (2, 0.022532998580279035)
19 (0, 0.014920877514821936)
20 (5, 0.014074994909591878)
21 (31, 0.011525685853533398)
22 (13, 0.011082828472622602)
23 (27, 0.01070542905290934)
24 (24, 0.008289612823186049)
25 (8, 0.006281177831703419)
26 (7, 0.0062119387087109)
27 (4, 0.005892041198338124)
28 (10, 0.005892041198338124)
29 (11, 0.005892041198338124)
30 (15, 0.005892041198338124)
31 (18, 0.005892041198338124)
32 (19, 0.005892041198338124)
33 (21, 0.005892041198338124)
34 (26, 0.005892041198338124)
35 (29, 0.005892041198338124)
36 (35, 0.005892041198338124)
shipping
1 (2, 0.044111545876675005)
2 (6, 0.04094685291193316)
3 (27, 0.03878585993977117)
4 (24, 0.03794278681436093)
5 (32, 0.03794278681436093)
6 (34, 0.03794278681436093)
7 (5, 0.035968700755514206)
8 (22, 0.03506156751286371)
9 (1, 0.032957223326293174)
10 (3, 0.032957223326293174)
11 (4, 0.032957223326293174)
12 (9, 0.032957223326293174)
13 (10, 0.032957223326293174)
14 (12, 0.032957223326293174)
15 (14, 0.032957223326293174)
16 (15, 0.032957223326293174)
17 (17, 0.032957223326293174)
18 (19, 0.032957223326293174)
19 (20, 0.032957223326293174)
20 (21, 0.032957223326293174)
21 (23, 0.032957223326293174)
22 (25, 0.032957223326293174)
23 (26, 0.032957223326293174)
24 (28, 0.032957223326293174)
25 (30, 0.032957223326293174)
26 (31, 0.032957223326293174)
27 (33, 0.032957223326293174)
28 (16, 0.017726211902317993)
29 (0, 0.00919054465031614)
30 (13, 0.007695639510006817)
31 (7, 0.005779555803228952)
32 (8, 0.004943583498943977)
33 (11, 0.004943583498943977)
34 (18, 0.004943583498943977)
35 (29, 0.004943583498943977)
36 (35, 0.004943583498943977)
shipping
1 (17, 0.17591380639223106)
2 (33, 0.12179034008030316)
3 (30, 0.09829982166731793)
4 (6, 0.05889778727446653)
5 (31, 0.054755091961696464)
6 (12, 0.0508772911694916)
7 (14, 0.04239932684415651)
8 (20, 0.04239932684415651)
9 (25, 0.04239932684415651)
10 (34, 0.04239932684415651)
11 (1, 0.032550227869060706)
12 (23, 0.02980661500716144)
13 (16, 0.020297816010412764)
14 (0, 0.014332167503629836)
15 (5, 0.013380087761757871)
16 (13, 0.012511305291555004)
17 (3, 0.012174454155815334)
18 (28, 0.011553681600275261)
19 (9, 0.011516406222861526)
20 (32, 0.009942633967773146)
21 (2, 0.008829010613624616)
22 (27, 0.008638247202991828)
23 (24, 0.008123452722214805)
24 (8, 0.007933617958559154)
25 (22, 0.0074250138658692455)
26 (4, 0.006039879665899348)
27 (7, 0.005764592142230906)
28 (10, 0.005449927168463822)
29 (11, 0.005449927168463822)
30 (15, 0.005449927168463822)
31 (18, 0.005449927168463822)
32 (19, 0.005449927168463822)
33 (21, 0.005449927168463822)
34 (26, 0.005449927168463822)
35 (29, 0.005449927168463822)
36 (35, 0.005449927168463822)
shipping
1 (17, 0.14002102182803)
2 (20, 0.09148186457954027)
3 (33, 0.09106996392424152)
4 (30, 0.08573871150125806)
5 (12, 0.0651827345744022)
6 (21, 0.048997323130784226)
7 (28, 0.04675262988389881)
8 (1, 0.045220061651618064)
9 (25, 0.04262259034203356)
10 (34, 0.04262259034203356)
11 (23, 0.03144076101475623)
12 (31, 0.03143972619985191)
13 (6, 0.027176758838828433)
14 (3, 0.01951732344406451)
15 (32, 0.017531122103227652)
16 (2, 0.016952052855159012)
17 (5, 0.014346771384506388)
18 (4, 0.012504143607591655)
19 (9, 0.01159050984479411)
20 (14, 0.01159050984479411)
21 (0, 0.011416365409619074)
22 (27, 0.010390852875448223)
23 (16, 0.008645510393164496)
24 (24, 0.0068104762087300525)
25 (13, 0.006791674633325788)
26 (22, 0.0067892825329441435)
27 (8, 0.005807228618906575)
28 (7, 0.005739442436344676)
29 (10, 0.005476249499512846)
30 (11, 0.005476249499512846)
31 (15, 0.005476249499512846)
32 (18, 0.005476249499512846)
33 (19, 0.005476249499512846)
34 (26, 0.005476249499512846)
35 (29, 0.005476249499512846)
36 (35, 0.005476249499512846)
shipping
1 (17, 0.1456303928767886)
2 (33, 0.09292139591527353)
3 (4, 0.08114344484593362)
4 (30, 0.0626149718097197)
5 (6, 0.06055310444075395)
6 (12, 0.047206788524787116)
7 (23, 0.04628995971446465)
8 (14, 0.042840387529095414)
9 (21, 0.042840387529095414)
10 (34, 0.042840387529095414)
11 (28, 0.042432264166041414)
12 (3, 0.03934419470762034)
13 (1, 0.029137978901627833)
14 (16, 0.02868983792903666)
15 (31, 0.022234188378287764)
16 (0, 0.014972021688801454)
17 (13, 0.013318570374350351)
18 (5, 0.013131396134779585)
19 (2, 0.012543300295471745)
20 (9, 0.011677563082304592)
21 (25, 0.011677563082304592)
22 (32, 0.010618882341643284)
23 (27, 0.008463413715847698)
24 (22, 0.00745338602751625)
25 (8, 0.0073638295028361205)
26 (24, 0.00679557707364782)
27 (7, 0.005770914232089859)
28 (10, 0.005499321961198381)
29 (11, 0.005499321961198381)
30 (15, 0.005499321961198381)
31 (18, 0.005499321961198381)
32 (19, 0.005499321961198381)
33 (20, 0.005499321961198381)
34 (26, 0.005499321961198381)
35 (29, 0.005499321961198381)
36 (35, 0.005499321961198381)
shipping
1 (3, 0.15546528522130917)
2 (4, 0.11078133913880363)
3 (33, 0.07159233687853143)
4 (30, 0.06778863282874245)
5 (6, 0.060909035217606246)
6 (23, 0.051871604932986086)
7 (34, 0.04202316004038801)
8 (17, 0.04162075388944746)
9 (20, 0.04156254140775308)
10 (1, 0.04135731162394786)
11 (28, 0.03960723825939766)
12 (16, 0.037339060360478356)
13 (12, 0.03123270932831954)
14 (0, 0.025204965274118862)
15 (31, 0.017427778212289954)
16 (32, 0.014673849866956426)
17 (9, 0.011228335863033925)
18 (14, 0.011228335863033925)
19 (25, 0.011228335863033925)
20 (13, 0.011167156088555315)
21 (5, 0.010438417510605404)
22 (2, 0.009795271052145968)
23 (27, 0.007530939412302543)
24 (24, 0.00737352863870818)
25 (11, 0.007149259483235488)
26 (22, 0.007022332402568239)
27 (8, 0.006990634594911708)
28 (7, 0.005565089977774063)
29 (10, 0.005353095096126912)
30 (15, 0.005353095096126912)
31 (18, 0.005353095096126912)
32 (19, 0.005353095096126912)
33 (21, 0.005353095096126912)
34 (26, 0.005353095096126912)
35 (29, 0.005353095096126912)
36 (35, 0.005353095096126912)
shipping
1 (12, 0.13969413280430618)
2 (1, 0.07889967903306201)
3 (6, 0.05516355359702357)
4 (28, 0.05196293472191229)
5 (30, 0.04808607063974883)
6 (3, 0.043645054691880125)
7 (9, 0.043645054691880125)
8 (14, 0.043645054691880125)
9 (20, 0.043645054691880125)
10 (25, 0.043645054691880125)
11 (32, 0.043645054691880125)
12 (34, 0.043645054691880125)
13 (23, 0.0390957238721812)
14 (17, 0.03868667999273873)
15 (33, 0.03726459363889846)
16 (16, 0.032109765209270495)
17 (5, 0.01842354317179466)
18 (0, 0.01813163706394023)
19 (13, 0.014426837605372141)
20 (24, 0.012872513475031851)
21 (8, 0.012071899739583836)
22 (2, 0.010862013635924813)
23 (31, 0.009477683213048331)
24 (27, 0.008499876261286565)
25 (22, 0.006781578395656237)
26 (7, 0.006077010627711092)
27 (4, 0.00558968904583477)
28 (10, 0.00558968904583477)
29 (11, 0.00558968904583477)
30 (15, 0.00558968904583477)
31 (18, 0.00558968904583477)
32 (19, 0.00558968904583477)
33 (21, 0.00558968904583477)
34 (26, 0.00558968904583477)
35 (29, 0.00558968904583477)
36 (35, 0.00558968904583477)
shipping
1 (4, 0.08065615860622251)
2 (31, 0.07382810430962065)
3 (33, 0.07232818453376536)
4 (20, 0.07034907957227708)
5 (3, 0.0702932811427906)
6 (21, 0.06977552394486489)
7 (23, 0.06814389308629323)
8 (30, 0.0672995834181838)
9 (12, 0.06661182357680434)
10 (6, 0.06302043123113095)
11 (17, 0.038937261423126764)
12 (1, 0.03817598217209289)
13 (0, 0.0355230064594247)
14 (34, 0.032124337216013696)
15 (28, 0.030592320068421976)
16 (32, 0.010702290809806619)
17 (16, 0.008582373053931681)
18 (9, 0.007853306459983549)
19 (14, 0.007853306459983549)
20 (25, 0.007853306459983549)
21 (5, 0.007695941560162652)
22 (2, 0.006590154582017863)
23 (27, 0.006387213948485451)
24 (24, 0.005330005742535666)
25 (11, 0.005316641920600468)
26 (22, 0.004952552688448249)
27 (13, 0.004884646735611278)
28 (8, 0.0044340601281566815)
29 (7, 0.004364246011775094)
30 (10, 0.004220140382497744)
31 (15, 0.004220140382497744)
32 (18, 0.004220140382497744)
33 (19, 0.004220140382497744)
34 (26, 0.004220140382497744)
35 (29, 0.004220140382497744)
36 (35, 0.004220140382497744)
shipping
1 (1, 0.16357298195736772)
2 (6, 0.10455746453209962)
3 (30, 0.0682506263818817)
4 (2, 0.06063076689953104)
5 (28, 0.05976407859101895)
6 (32, 0.05501512796445582)
7 (3, 0.04603158412023234)
8 (14, 0.04472001367607719)
9 (25, 0.04472001367607719)
10 (34, 0.04472001367607719)
11 (23, 0.040910652142175534)
12 (20, 0.03634819625646718)
13 (21, 0.026161307457303738)
14 (0, 0.01961423650885059)
15 (17, 0.017461784274220682)
16 (12, 0.01644865266011774)
17 (9, 0.0123695665182098)
18 (5, 0.01235144066513312)
19 (16, 0.011882972654551613)
20 (24, 0.011834272688994486)
21 (27, 0.010002438470709408)
22 (31, 0.008159161015873106)
23 (33, 0.007396418176398659)
24 (22, 0.006843682719662072)
25 (13, 0.00644812145286618)
26 (8, 0.006233942074450893)
27 (7, 0.0061703608325832625)
28 (4, 0.005708902439623658)
29 (10, 0.005708902439623658)
30 (11, 0.005708902439623658)
31 (15, 0.005708902439623658)
32 (18, 0.005708902439623658)
33 (19, 0.005708902439623658)
34 (26, 0.005708902439623658)
35 (29, 0.005708902439623658)
36 (35, 0.005708902439623658)
