front-end
1 (20, 0.047093060779738405)
2 (5, 0.04265653301849)
3 (3, 0.03349854275494934)
4 (4, 0.03349854275494934)
5 (6, 0.03349854275494934)
6 (7, 0.03349854275494934)
7 (8, 0.03349854275494934)
8 (9, 0.03349854275494934)
9 (11, 0.03349854275494934)
10 (12, 0.03349854275494934)
11 (13, 0.03349854275494934)
12 (14, 0.03349854275494934)
13 (15, 0.03349854275494934)
14 (16, 0.03349854275494934)
15 (17, 0.03349854275494934)
16 (18, 0.03349854275494934)
17 (19, 0.03349854275494934)
18 (21, 0.03349854275494934)
19 (22, 0.03349854275494934)
20 (23, 0.03349854275494934)
21 (24, 0.03349854275494934)
22 (26, 0.03349854275494934)
23 (27, 0.03349854275494934)
24 (28, 0.03349854275494934)
25 (29, 0.03349854275494934)
26 (30, 0.03349854275494934)
27 (31, 0.03349854275494934)
28 (32, 0.03349854275494934)
29 (25, 0.014467706417826888)
30 (0, 0.009746243915534645)
31 (1, 0.005024781413242401)
32 (2, 0.005024781413242401)
33 (10, 0.005024781413242401)
front-end
1 (20, 0.05787693217299046)
2 (27, 0.04699954293290987)
3 (25, 0.042326418924348595)
4 (14, 0.03984195862305017)
5 (10, 0.039475283474262296)
6 (32, 0.03903533020564693)
7 (31, 0.039012817172920426)
8 (22, 0.03877387032775752)
9 (15, 0.03718973718811085)
10 (3, 0.03658706503895608)
11 (4, 0.03658706503895608)
12 (6, 0.03658706503895608)
13 (8, 0.03658706503895608)
14 (9, 0.03658706503895608)
15 (11, 0.03658706503895608)
16 (12, 0.03658706503895608)
17 (13, 0.03658706503895608)
18 (18, 0.03658706503895608)
19 (19, 0.03658706503895608)
20 (21, 0.03658706503895608)
21 (23, 0.03658706503895608)
22 (24, 0.03658706503895608)
23 (26, 0.03658706503895608)
24 (30, 0.03658706503895608)
25 (5, 0.01714709728313812)
26 (28, 0.008400501570195461)
27 (0, 0.008350608873521266)
28 (2, 0.007444273158696664)
29 (29, 0.007367413484736413)
30 (1, 0.005488059755843413)
31 (7, 0.005488059755843413)
32 (16, 0.005488059755843413)
33 (17, 0.005488059755843413)
front-end
1 (20, 0.06656081817069034)
2 (25, 0.06206327043736766)
3 (31, 0.06154274110435748)
4 (27, 0.05470082973161903)
5 (23, 0.04766840845812595)
6 (11, 0.0457810998093363)
7 (8, 0.044552848909583276)
8 (14, 0.04396023384670399)
9 (15, 0.041632590206018796)
10 (6, 0.04151712158969881)
11 (3, 0.04069906775078328)
12 (4, 0.04069906775078328)
13 (12, 0.04069906775078328)
14 (13, 0.04069906775078328)
15 (18, 0.04069906775078328)
16 (19, 0.04069906775078328)
17 (21, 0.04069906775078328)
18 (26, 0.04069906775078328)
19 (30, 0.04069906775078328)
20 (5, 0.019623339975765083)
21 (32, 0.015213533779086397)
22 (28, 0.00974407257826786)
23 (0, 0.009245369060860978)
24 (10, 0.009130723457823063)
25 (22, 0.008602231565041564)
26 (2, 0.0073963955589423725)
27 (29, 0.0073680266946246865)
28 (9, 0.006880434495949392)
29 (1, 0.0061048601626174925)
30 (7, 0.0061048601626174925)
31 (16, 0.0061048601626174925)
32 (17, 0.0061048601626174925)
33 (24, 0.0061048601626174925)
front-end
front-end
front-end
1 (25, 0.06135540389339349)
2 (14, 0.04081885010632018)
3 (22, 0.03659713863593301)
4 (29, 0.03654546460917184)
5 (3, 0.03493805839753836)
6 (4, 0.03493805839753836)
7 (6, 0.03493805839753836)
8 (7, 0.03493805839753836)
9 (8, 0.03493805839753836)
10 (9, 0.03493805839753836)
11 (11, 0.03493805839753836)
12 (12, 0.03493805839753836)
13 (13, 0.03493805839753836)
14 (15, 0.03493805839753836)
15 (16, 0.03493805839753836)
16 (18, 0.03493805839753836)
17 (19, 0.03493805839753836)
18 (21, 0.03493805839753836)
19 (23, 0.03493805839753836)
20 (24, 0.03493805839753836)
21 (26, 0.03493805839753836)
22 (27, 0.03493805839753836)
23 (28, 0.03493805839753836)
24 (30, 0.03493805839753836)
25 (31, 0.03493805839753836)
26 (32, 0.03493805839753836)
27 (20, 0.012550870505958977)
28 (5, 0.011856976409970467)
29 (2, 0.00916468541278372)
30 (0, 0.006751199401732284)
31 (1, 0.0052407087596307534)
32 (10, 0.0052407087596307534)
33 (17, 0.0052407087596307534)
front-end
1 (25, 0.041242122321540176)
2 (2, 0.034844853533352586)
3 (20, 0.034384332835587963)
4 (0, 0.03240541680544697)
5 (1, 0.03240541680544697)
6 (3, 0.03240541680544697)
7 (4, 0.03240541680544697)
8 (5, 0.03240541680544697)
9 (6, 0.03240541680544697)
10 (7, 0.03240541680544697)
11 (8, 0.03240541680544697)
12 (9, 0.03240541680544697)
13 (11, 0.03240541680544697)
14 (12, 0.03240541680544697)
15 (13, 0.03240541680544697)
16 (14, 0.03240541680544697)
17 (15, 0.03240541680544697)
18 (18, 0.03240541680544697)
19 (19, 0.03240541680544697)
20 (21, 0.03240541680544697)
21 (22, 0.03240541680544697)
22 (23, 0.03240541680544697)
23 (24, 0.03240541680544697)
24 (26, 0.03240541680544697)
25 (27, 0.03240541680544697)
26 (28, 0.03240541680544697)
27 (29, 0.03240541680544697)
28 (30, 0.03240541680544697)
29 (31, 0.03240541680544697)
30 (32, 0.03240541680544697)
31 (10, 0.0048608125208170466)
32 (16, 0.0048608125208170466)
33 (17, 0.0048608125208170466)
front-end
1 (20, 0.07170840311422669)
2 (25, 0.06964786078058345)
3 (10, 0.05858729085605368)
4 (31, 0.0537657502167972)
5 (14, 0.04188660978842328)
6 (6, 0.04164415307086387)
7 (9, 0.04141003222195291)
8 (8, 0.04137022323051763)
9 (15, 0.041009709950628186)
10 (4, 0.04082692713910787)
11 (3, 0.0400675443260206)
12 (12, 0.0400675443260206)
13 (13, 0.0400675443260206)
14 (18, 0.0400675443260206)
15 (19, 0.0400675443260206)
16 (23, 0.0400675443260206)
17 (24, 0.0400675443260206)
18 (26, 0.0400675443260206)
19 (30, 0.0400675443260206)
20 (27, 0.020658350839854234)
21 (5, 0.019330319654356543)
22 (11, 0.014843249576886914)
23 (32, 0.010804813195642584)
24 (28, 0.010113315381252853)
25 (0, 0.009409410163857506)
26 (22, 0.007859379495103545)
27 (2, 0.006981242472069771)
28 (29, 0.0069271553568119055)
29 (21, 0.006567377965211497)
30 (1, 0.00601013164890309)
31 (7, 0.00601013164890309)
32 (16, 0.00601013164890309)
33 (17, 0.00601013164890309)
front-end
1 (20, 0.05625844596351599)
2 (25, 0.05195254752088334)
3 (14, 0.04169579208768612)
4 (32, 0.039811070561099206)
5 (28, 0.039760251882333654)
6 (22, 0.03945470445837575)
7 (27, 0.039243364827420794)
8 (3, 0.03667252574327984)
9 (4, 0.03667252574327984)
10 (6, 0.03667252574327984)
11 (8, 0.03667252574327984)
12 (9, 0.03667252574327984)
13 (11, 0.03667252574327984)
14 (12, 0.03667252574327984)
15 (13, 0.03667252574327984)
16 (15, 0.03667252574327984)
17 (18, 0.03667252574327984)
18 (19, 0.03667252574327984)
19 (21, 0.03667252574327984)
20 (23, 0.03667252574327984)
21 (24, 0.03667252574327984)
22 (26, 0.03667252574327984)
23 (30, 0.03667252574327984)
24 (31, 0.03667252574327984)
25 (5, 0.015435824791766438)
26 (10, 0.009343089935662222)
27 (2, 0.007385040692792302)
28 (29, 0.007383516997496919)
29 (0, 0.006839897199242117)
30 (1, 0.005500878861491976)
31 (7, 0.005500878861491976)
32 (16, 0.005500878861491976)
33 (17, 0.005500878861491976)
user
1 (6, 0.08498022510592898)
2 (15, 0.047905593634260286)
3 (28, 0.04591552887143508)
4 (7, 0.04004745407296252)
5 (23, 0.038277091553970015)
6 (33, 0.037623072775666164)
7 (1, 0.03512882877797623)
8 (3, 0.03512882877797623)
9 (4, 0.03512882877797623)
10 (9, 0.03512882877797623)
11 (10, 0.03512882877797623)
12 (12, 0.03512882877797623)
13 (13, 0.03512882877797623)
14 (14, 0.03512882877797623)
15 (16, 0.03512882877797623)
16 (19, 0.03512882877797623)
17 (20, 0.03512882877797623)
18 (22, 0.03512882877797623)
19 (24, 0.03512882877797623)
20 (25, 0.03512882877797623)
21 (27, 0.03512882877797623)
22 (31, 0.03512882877797623)
23 (0, 0.030972652416894952)
24 (5, 0.025788607531996487)
25 (26, 0.023404096277748403)
26 (30, 0.013075029519990098)
27 (29, 0.010620686411911636)
28 (11, 0.0072615240684083164)
29 (8, 0.005720555727725124)
30 (2, 0.005269324316696436)
31 (17, 0.005269324316696436)
32 (18, 0.005269324316696436)
33 (21, 0.005269324316696436)
34 (32, 0.005269324316696436)
user
1 (6, 0.04392827128872436)
2 (7, 0.043004210127713605)
3 (30, 0.039471617027662616)
4 (26, 0.03426805069646369)
5 (23, 0.0340888892828124)
6 (21, 0.034059998476576064)
7 (0, 0.033357096041292604)
8 (1, 0.033357096041292604)
9 (3, 0.033357096041292604)
10 (4, 0.033357096041292604)
11 (8, 0.033357096041292604)
12 (9, 0.033357096041292604)
13 (10, 0.033357096041292604)
14 (12, 0.033357096041292604)
15 (13, 0.033357096041292604)
16 (14, 0.033357096041292604)
17 (16, 0.033357096041292604)
18 (19, 0.033357096041292604)
19 (20, 0.033357096041292604)
20 (22, 0.033357096041292604)
21 (24, 0.033357096041292604)
22 (25, 0.033357096041292604)
23 (27, 0.033357096041292604)
24 (28, 0.033357096041292604)
25 (29, 0.033357096041292604)
26 (31, 0.033357096041292604)
27 (32, 0.033357096041292604)
28 (33, 0.033357096041292604)
29 (15, 0.010965848444909823)
30 (11, 0.006342744121924609)
31 (2, 0.005003564406193891)
32 (5, 0.005003564406193891)
33 (17, 0.005003564406193891)
34 (18, 0.005003564406193891)
user
1 (30, 0.04903625449875416)
2 (15, 0.04401187153593593)
3 (11, 0.039068695519978956)
4 (23, 0.039068695519978956)
5 (1, 0.03404431255716073)
6 (3, 0.03404431255716073)
7 (4, 0.03404431255716073)
8 (9, 0.03404431255716073)
9 (10, 0.03404431255716073)
10 (12, 0.03404431255716073)
11 (13, 0.03404431255716073)
12 (14, 0.03404431255716073)
13 (16, 0.03404431255716073)
14 (17, 0.03404431255716073)
15 (18, 0.03404431255716073)
16 (19, 0.03404431255716073)
17 (20, 0.03404431255716073)
18 (21, 0.03404431255716073)
19 (22, 0.03404431255716073)
20 (24, 0.03404431255716073)
21 (25, 0.03404431255716073)
22 (27, 0.03404431255716073)
23 (28, 0.03404431255716073)
24 (29, 0.03404431255716073)
25 (31, 0.03404431255716073)
26 (32, 0.03404431255716073)
27 (33, 0.03404431255716073)
28 (5, 0.010131029846392341)
29 (6, 0.010131029846392341)
30 (0, 0.00510664688357411)
31 (2, 0.00510664688357411)
32 (7, 0.00510664688357411)
33 (8, 0.00510664688357411)
34 (26, 0.00510664688357411)
user
1 (6, 0.10767194484168739)
2 (20, 0.0939252930220167)
3 (27, 0.08504384034280058)
4 (0, 0.052883841030762074)
5 (24, 0.04948161194998933)
6 (4, 0.04841055442886336)
7 (19, 0.04689459675249225)
8 (9, 0.04674433001214799)
9 (14, 0.04674433001214799)
10 (12, 0.042910902623709245)
11 (16, 0.041458050999763255)
12 (23, 0.040837102954646085)
13 (1, 0.03614293605594601)
14 (28, 0.035366016514038444)
15 (29, 0.02544524901902336)
16 (22, 0.025177982915453125)
17 (5, 0.02069182960319618)
18 (15, 0.01832903861380988)
19 (26, 0.017407368404737233)
20 (31, 0.015529400338934869)
21 (32, 0.0153397173438736)
22 (30, 0.00852672929854404)
23 (33, 0.007825727004359021)
24 (25, 0.007551663648294607)
25 (7, 0.007312681421521658)
26 (3, 0.0071704144158550006)
27 (11, 0.006552748877814424)
28 (21, 0.006247270167712133)
29 (8, 0.006230848128563371)
30 (18, 0.006228102130368916)
31 (2, 0.005979469281731966)
32 (10, 0.005979469281731966)
33 (13, 0.005979469281731966)
34 (17, 0.005979469281731966)
user
1 (6, 0.0484333924293699)
2 (15, 0.045836635328442815)
3 (30, 0.041404371908695954)
4 (1, 0.03380258321261763)
5 (3, 0.03380258321261763)
6 (4, 0.03380258321261763)
7 (8, 0.03380258321261763)
8 (9, 0.03380258321261763)
9 (10, 0.03380258321261763)
10 (12, 0.03380258321261763)
11 (13, 0.03380258321261763)
12 (14, 0.03380258321261763)
13 (16, 0.03380258321261763)
14 (19, 0.03380258321261763)
15 (20, 0.03380258321261763)
16 (21, 0.03380258321261763)
17 (22, 0.03380258321261763)
18 (23, 0.03380258321261763)
19 (24, 0.03380258321261763)
20 (25, 0.03380258321261763)
21 (26, 0.03380258321261763)
22 (27, 0.03380258321261763)
23 (28, 0.03380258321261763)
24 (29, 0.03380258321261763)
25 (31, 0.03380258321261763)
26 (32, 0.03380258321261763)
27 (33, 0.03380258321261763)
28 (7, 0.014976848977389852)
29 (5, 0.010023618229641248)
30 (11, 0.007781586096066499)
31 (0, 0.005070387481892645)
32 (2, 0.005070387481892645)
33 (17, 0.005070387481892645)
34 (18, 0.005070387481892645)
user
1 (16, 0.07653429214635388)
2 (6, 0.042704306618951055)
3 (30, 0.040526094140844376)
4 (27, 0.039356366616748684)
5 (23, 0.03495646865440195)
6 (21, 0.034882022188528254)
7 (1, 0.03426615690755881)
8 (3, 0.03426615690755881)
9 (4, 0.03426615690755881)
10 (8, 0.03426615690755881)
11 (9, 0.03426615690755881)
12 (10, 0.03426615690755881)
13 (12, 0.03426615690755881)
14 (13, 0.03426615690755881)
15 (14, 0.03426615690755881)
16 (19, 0.03426615690755881)
17 (20, 0.03426615690755881)
18 (24, 0.03426615690755881)
19 (25, 0.03426615690755881)
20 (28, 0.03426615690755881)
21 (29, 0.03426615690755881)
22 (31, 0.03426615690755881)
23 (32, 0.03426615690755881)
24 (33, 0.03426615690755881)
25 (15, 0.0284751469167624)
26 (0, 0.017444288687565396)
27 (7, 0.015320342954513568)
28 (5, 0.014313251162693191)
29 (26, 0.011815396874985158)
30 (11, 0.006321504557058213)
31 (2, 0.0051399235361338225)
32 (17, 0.0051399235361338225)
33 (18, 0.0051399235361338225)
34 (22, 0.0051399235361338225)
user
1 (30, 0.04773510364799783)
2 (15, 0.04476046058281842)
3 (11, 0.03624740374253539)
4 (1, 0.03335598446551104)
5 (3, 0.03335598446551104)
6 (4, 0.03335598446551104)
7 (8, 0.03335598446551104)
8 (9, 0.03335598446551104)
9 (10, 0.03335598446551104)
10 (12, 0.03335598446551104)
11 (13, 0.03335598446551104)
12 (14, 0.03335598446551104)
13 (16, 0.03335598446551104)
14 (17, 0.03335598446551104)
15 (18, 0.03335598446551104)
16 (19, 0.03335598446551104)
17 (20, 0.03335598446551104)
18 (21, 0.03335598446551104)
19 (22, 0.03335598446551104)
20 (23, 0.03335598446551104)
21 (24, 0.03335598446551104)
22 (25, 0.03335598446551104)
23 (27, 0.03335598446551104)
24 (28, 0.03335598446551104)
25 (29, 0.03335598446551104)
26 (31, 0.03335598446551104)
27 (32, 0.03335598446551104)
28 (33, 0.03335598446551104)
29 (6, 0.0098266334750423)
30 (5, 0.007517196234523647)
31 (0, 0.0050033976698266565)
32 (2, 0.0050033976698266565)
33 (7, 0.0050033976698266565)
34 (26, 0.0050033976698266565)
user
1 (6, 0.11507605082846098)
2 (20, 0.09483948184453414)
3 (15, 0.06025136123033609)
4 (16, 0.05281952617326226)
5 (19, 0.05206479227811867)
6 (28, 0.04665321258783873)
7 (3, 0.044457701285999726)
8 (9, 0.044457701285999726)
9 (32, 0.0421861994721496)
10 (23, 0.040493225480578016)
11 (25, 0.038971197553841326)
12 (12, 0.03886868395058488)
13 (24, 0.038138522461446826)
14 (31, 0.038138522461446826)
15 (0, 0.03403217046803999)
16 (33, 0.032903205100820496)
17 (5, 0.031312504942837174)
18 (26, 0.023916439509507895)
19 (27, 0.022443491858051022)
20 (1, 0.01342685721707477)
21 (30, 0.01150455874473835)
22 (14, 0.009096418685677959)
23 (7, 0.007755705596725532)
24 (29, 0.007694671926580178)
25 (11, 0.0064230604922957514)
26 (8, 0.0060629450033488404)
27 (22, 0.005966342975185096)
28 (2, 0.005720778369217025)
29 (4, 0.005720778369217025)
30 (10, 0.005720778369217025)
31 (13, 0.005720778369217025)
32 (17, 0.005720778369217025)
33 (18, 0.005720778369217025)
34 (21, 0.005720778369217025)
user
1 (30, 0.10570128286662592)
2 (0, 0.059494049398547834)
3 (4, 0.05855328406895357)
4 (16, 0.05148298178847325)
5 (15, 0.048213460252035684)
6 (22, 0.04617062259621722)
7 (19, 0.04379803952549123)
8 (23, 0.04058425892260009)
9 (33, 0.040522450262630794)
10 (27, 0.04037817555274143)
11 (1, 0.04020195055075417)
12 (12, 0.03943711645924685)
13 (29, 0.03930102537403229)
14 (25, 0.03840354804393264)
15 (24, 0.037645033851139015)
16 (28, 0.037645033851139015)
17 (32, 0.037645033851139015)
18 (6, 0.037195594490924376)
19 (7, 0.027475216767098888)
20 (3, 0.01924360473800862)
21 (5, 0.01897981464733181)
22 (10, 0.011799760752023066)
23 (14, 0.011799760752023066)
24 (26, 0.009888828578525816)
25 (31, 0.0068051575749029794)
26 (11, 0.006218556559753545)
27 (8, 0.005889072380011864)
28 (2, 0.005646755077670854)
29 (9, 0.005646755077670854)
30 (13, 0.005646755077670854)
31 (17, 0.005646755077670854)
32 (18, 0.005646755077670854)
33 (20, 0.005646755077670854)
34 (21, 0.005646755077670854)
user
1 (25, 0.10558406554705503)
2 (24, 0.06712331908265992)
3 (6, 0.05996128734070298)
4 (14, 0.05523865710344533)
5 (5, 0.04310580487614339)
6 (29, 0.04178550749983563)
7 (4, 0.04158017232635226)
8 (20, 0.04158017232635226)
9 (23, 0.038205872636926416)
10 (7, 0.03790610111200945)
11 (12, 0.037227581361840165)
12 (1, 0.037050535727905246)
13 (27, 0.03665156292767435)
14 (31, 0.036499394262962115)
15 (22, 0.03620081979225876)
16 (9, 0.03596473421604919)
17 (10, 0.03596473421604919)
18 (16, 0.03596473421604919)
19 (0, 0.03412930509760079)
20 (15, 0.026472585088945517)
21 (13, 0.018686592758234963)
22 (26, 0.017756809630744372)
23 (33, 0.01281209041738932)
24 (30, 0.011724053599689489)
25 (11, 0.00600712668442442)
26 (8, 0.005658699091441311)
27 (2, 0.005394710132407379)
28 (3, 0.005394710132407379)
29 (17, 0.005394710132407379)
30 (18, 0.005394710132407379)
31 (19, 0.005394710132407379)
32 (21, 0.005394710132407379)
33 (28, 0.005394710132407379)
34 (32, 0.005394710132407379)
catalogue
1 (10, 0.12383758234556048)
2 (6, 0.07687446876515705)
3 (19, 0.06866108450641471)
4 (15, 0.06661354451342026)
5 (24, 0.048986690942980436)
6 (30, 0.048485480742360566)
7 (0, 0.04831048308053585)
8 (3, 0.04824647453198559)
9 (8, 0.04824647453198559)
10 (28, 0.04824647453198559)
11 (21, 0.045115806055835206)
12 (31, 0.044151146446421506)
13 (22, 0.0431864019997115)
14 (1, 0.040969896795754794)
15 (20, 0.023357986989716882)
16 (16, 0.0224780421245365)
17 (11, 0.017704631749361485)
18 (13, 0.013422062255594022)
19 (32, 0.013422062255594022)
20 (5, 0.011850563801773092)
21 (27, 0.010706838170380742)
22 (12, 0.009519867015956496)
23 (23, 0.008566576773245895)
24 (18, 0.006959894296108745)
25 (25, 0.006770104103354058)
26 (2, 0.00614548451936322)
27 (4, 0.00614548451936322)
28 (7, 0.00614548451936322)
29 (9, 0.00614548451936322)
30 (14, 0.00614548451936322)
31 (17, 0.00614548451936322)
32 (26, 0.00614548451936322)
33 (29, 0.00614548451936322)
34 (33, 0.00614548451936322)
catalogue
1 (10, 0.13851125426480654)
2 (16, 0.0652220584785551)
3 (5, 0.058024609854933525)
4 (6, 0.054373314967811975)
5 (21, 0.04862184142058368)
6 (3, 0.046539625842363104)
7 (9, 0.046539625842363104)
8 (24, 0.046539625842363104)
9 (28, 0.046539625842363104)
10 (32, 0.046539625842363104)
11 (31, 0.04358342113975073)
12 (22, 0.04172697508328356)
13 (15, 0.04112356466902538)
14 (27, 0.04091413810638327)
15 (1, 0.03970049996059476)
16 (30, 0.0318748649541342)
17 (0, 0.028514251235731636)
18 (11, 0.01972012569679365)
19 (13, 0.012794200875857564)
20 (19, 0.012794200875857564)
21 (12, 0.008973937108388312)
22 (23, 0.008577388727003053)
23 (18, 0.006745398433708658)
24 (2, 0.005955074994089214)
25 (4, 0.005955074994089214)
26 (7, 0.005955074994089214)
27 (8, 0.005955074994089214)
28 (14, 0.005955074994089214)
29 (17, 0.005955074994089214)
30 (20, 0.005955074994089214)
31 (25, 0.005955074994089214)
32 (26, 0.005955074994089214)
33 (29, 0.005955074994089214)
34 (33, 0.005955074994089214)
catalogue
1 (10, 0.10142276504368292)
2 (21, 0.054723087994048354)
3 (5, 0.05016944994284026)
4 (16, 0.047323562071205784)
5 (3, 0.04698589251369296)
6 (8, 0.04698589251369296)
7 (13, 0.04698589251369296)
8 (19, 0.04698589251369296)
9 (24, 0.04698589251369296)
10 (28, 0.04698589251369296)
11 (32, 0.04698589251369296)
12 (31, 0.045050631958607604)
13 (22, 0.04420855443052098)
14 (18, 0.04082148019531585)
15 (1, 0.040035121278038925)
16 (6, 0.040035121278038925)
17 (27, 0.040035121278038925)
18 (15, 0.03515494925515011)
19 (0, 0.024349669069776324)
20 (11, 0.015853334472475902)
21 (12, 0.009287441534551386)
22 (23, 0.008756524866053867)
23 (7, 0.007813987627039045)
24 (2, 0.00600526819170584)
25 (4, 0.00600526819170584)
26 (9, 0.00600526819170584)
27 (14, 0.00600526819170584)
28 (17, 0.00600526819170584)
29 (20, 0.00600526819170584)
30 (25, 0.00600526819170584)
31 (26, 0.00600526819170584)
32 (29, 0.00600526819170584)
33 (30, 0.00600526819170584)
34 (33, 0.00600526819170584)
catalogue
1 (10, 0.03479412711490843)
2 (11, 0.03479412711490843)
3 (0, 0.03070665827624367)
4 (1, 0.03070665827624367)
5 (2, 0.03070665827624367)
6 (3, 0.03070665827624367)
7 (4, 0.03070665827624367)
8 (6, 0.03070665827624367)
9 (7, 0.03070665827624367)
10 (8, 0.03070665827624367)
11 (9, 0.03070665827624367)
12 (13, 0.03070665827624367)
13 (14, 0.03070665827624367)
14 (15, 0.03070665827624367)
15 (16, 0.03070665827624367)
16 (17, 0.03070665827624367)
17 (18, 0.03070665827624367)
18 (19, 0.03070665827624367)
19 (20, 0.03070665827624367)
20 (21, 0.03070665827624367)
21 (22, 0.03070665827624367)
22 (23, 0.03070665827624367)
23 (24, 0.03070665827624367)
24 (25, 0.03070665827624367)
25 (26, 0.03070665827624367)
26 (27, 0.03070665827624367)
27 (28, 0.03070665827624367)
28 (29, 0.03070665827624367)
29 (30, 0.03070665827624367)
30 (31, 0.03070665827624367)
31 (32, 0.03070665827624367)
32 (33, 0.03070665827624367)
33 (5, 0.004605998741436552)
34 (12, 0.004605998741436552)
catalogue
1 (13, 0.09579455022857859)
2 (11, 0.08849017988155272)
3 (30, 0.0707620177733833)
4 (6, 0.06464049050503846)
5 (22, 0.06296396080201958)
6 (3, 0.050754258862706306)
7 (8, 0.050754258862706306)
8 (28, 0.050754258862706306)
9 (16, 0.05066934043351725)
10 (21, 0.04664128240914346)
11 (31, 0.04613128114898876)
12 (14, 0.04282018569999186)
13 (1, 0.042809781726732186)
14 (19, 0.02940721111857756)
15 (0, 0.02607590313696065)
16 (5, 0.019265453366838412)
17 (20, 0.018575757383658506)
18 (24, 0.014365944394983945)
19 (32, 0.014365944394983945)
20 (10, 0.010766937442271654)
21 (15, 0.01017934708362902)
22 (27, 0.009823882850241532)
23 (12, 0.0097402877151679)
24 (7, 0.007753635381801534)
25 (23, 0.007177511911626355)
26 (18, 0.007144598550115264)
27 (2, 0.0064214672590098285)
28 (4, 0.0064214672590098285)
29 (9, 0.0064214672590098285)
30 (17, 0.0064214672590098285)
31 (25, 0.0064214672590098285)
32 (26, 0.0064214672590098285)
33 (29, 0.0064214672590098285)
34 (33, 0.0064214672590098285)
catalogue
1 (0, 0.07686987258877251)
2 (11, 0.04751428570638199)
3 (3, 0.04675090915047072)
4 (8, 0.04675090915047072)
5 (14, 0.04675090915047072)
6 (19, 0.04675090915047072)
7 (24, 0.04675090915047072)
8 (28, 0.04675090915047072)
9 (32, 0.04675090915047072)
10 (21, 0.0445284368532862)
11 (31, 0.044026972809320525)
12 (12, 0.04311262815879044)
13 (22, 0.04258645742533428)
14 (16, 0.04120025311866741)
15 (18, 0.04071357704374237)
16 (1, 0.03986252108418409)
17 (6, 0.03986252108418409)
18 (27, 0.03986252108418409)
19 (30, 0.03986252108418409)
20 (10, 0.032123298532059974)
21 (5, 0.020191895274683853)
22 (7, 0.007335138831909845)
23 (15, 0.007317575478115335)
24 (2, 0.005979378162627613)
25 (4, 0.005979378162627613)
26 (9, 0.005979378162627613)
27 (13, 0.005979378162627613)
28 (17, 0.005979378162627613)
29 (20, 0.005979378162627613)
30 (23, 0.005979378162627613)
31 (25, 0.005979378162627613)
32 (26, 0.005979378162627613)
33 (29, 0.005979378162627613)
34 (33, 0.005979378162627613)
catalogue
1 (10, 0.051196443330869625)
2 (0, 0.04388306087111465)
3 (5, 0.03897205640385494)
4 (23, 0.03661803227686776)
5 (1, 0.033969717468598455)
6 (2, 0.033969717468598455)
7 (3, 0.033969717468598455)
8 (4, 0.033969717468598455)
9 (6, 0.033969717468598455)
10 (8, 0.033969717468598455)
11 (9, 0.033969717468598455)
12 (13, 0.033969717468598455)
13 (14, 0.033969717468598455)
14 (16, 0.033969717468598455)
15 (18, 0.033969717468598455)
16 (19, 0.033969717468598455)
17 (20, 0.033969717468598455)
18 (22, 0.033969717468598455)
19 (24, 0.033969717468598455)
20 (25, 0.033969717468598455)
21 (26, 0.033969717468598455)
22 (27, 0.033969717468598455)
23 (28, 0.033969717468598455)
24 (29, 0.033969717468598455)
25 (31, 0.033969717468598455)
26 (32, 0.033969717468598455)
27 (33, 0.033969717468598455)
28 (21, 0.012451820682533435)
29 (11, 0.01009779655554625)
30 (7, 0.0050954576202897695)
31 (12, 0.0050954576202897695)
32 (15, 0.0050954576202897695)
33 (17, 0.0050954576202897695)
34 (30, 0.0050954576202897695)
catalogue
1 (0, 0.04870479267643874)
2 (21, 0.04556635091379778)
3 (3, 0.04251932853842432)
4 (5, 0.04251932853842432)
5 (10, 0.04251932853842432)
6 (24, 0.04251932853842432)
7 (28, 0.04251932853842432)
8 (32, 0.04251932853842432)
9 (23, 0.03947230616305088)
10 (1, 0.03668524196630596)
11 (2, 0.03668524196630596)
12 (6, 0.03668524196630596)
13 (8, 0.03668524196630596)
14 (9, 0.03668524196630596)
15 (13, 0.03668524196630596)
16 (14, 0.03668524196630596)
17 (16, 0.03668524196630596)
18 (18, 0.03668524196630596)
19 (19, 0.03668524196630596)
20 (20, 0.03668524196630596)
21 (22, 0.03668524196630596)
22 (26, 0.03668524196630596)
23 (27, 0.03668524196630596)
24 (31, 0.03668524196630596)
25 (11, 0.011336872867064262)
26 (4, 0.005502786294945895)
27 (7, 0.005502786294945895)
28 (12, 0.005502786294945895)
29 (15, 0.005502786294945895)
30 (17, 0.005502786294945895)
31 (25, 0.005502786294945895)
32 (29, 0.005502786294945895)
33 (30, 0.005502786294945895)
34 (33, 0.005502786294945895)
catalogue
1 (0, 0.039339986694760964)
2 (10, 0.03550926745539744)
3 (1, 0.03127035073442686)
4 (2, 0.03127035073442686)
5 (3, 0.03127035073442686)
6 (4, 0.03127035073442686)
7 (5, 0.03127035073442686)
8 (6, 0.03127035073442686)
9 (7, 0.03127035073442686)
10 (8, 0.03127035073442686)
11 (9, 0.03127035073442686)
12 (13, 0.03127035073442686)
13 (14, 0.03127035073442686)
14 (16, 0.03127035073442686)
15 (17, 0.03127035073442686)
16 (18, 0.03127035073442686)
17 (19, 0.03127035073442686)
18 (20, 0.03127035073442686)
19 (21, 0.03127035073442686)
20 (22, 0.03127035073442686)
21 (23, 0.03127035073442686)
22 (24, 0.03127035073442686)
23 (25, 0.03127035073442686)
24 (26, 0.03127035073442686)
25 (27, 0.03127035073442686)
26 (28, 0.03127035073442686)
27 (29, 0.03127035073442686)
28 (30, 0.03127035073442686)
29 (31, 0.03127035073442686)
30 (32, 0.03127035073442686)
31 (33, 0.03127035073442686)
32 (11, 0.008929469331134615)
33 (12, 0.00469055261016403)
34 (15, 0.00469055261016403)
catalogue
orders
1 (10, 0.045180361082760905)
2 (15, 0.04294118037599763)
3 (30, 0.03819269164747995)
4 (2, 0.035858829115243025)
5 (0, 0.03336643517704681)
6 (1, 0.03336643517704681)
7 (3, 0.03336643517704681)
8 (4, 0.03336643517704681)
9 (6, 0.03336643517704681)
10 (7, 0.03336643517704681)
11 (8, 0.03336643517704681)
12 (9, 0.03336643517704681)
13 (11, 0.03336643517704681)
14 (12, 0.03336643517704681)
15 (13, 0.03336643517704681)
16 (17, 0.03336643517704681)
17 (18, 0.03336643517704681)
18 (19, 0.03336643517704681)
19 (21, 0.03336643517704681)
20 (22, 0.03336643517704681)
21 (23, 0.03336643517704681)
22 (24, 0.03336643517704681)
23 (26, 0.03336643517704681)
24 (28, 0.03336643517704681)
25 (29, 0.03336643517704681)
26 (31, 0.03336643517704681)
27 (32, 0.03336643517704681)
28 (33, 0.03336643517704681)
29 (5, 0.009831221746990167)
30 (16, 0.00718141067617685)
31 (14, 0.005004965276557022)
32 (20, 0.005004965276557022)
33 (25, 0.005004965276557022)
34 (27, 0.005004965276557022)
orders
1 (10, 0.09485989134639423)
2 (22, 0.079276873856841)
3 (32, 0.056868175783063205)
4 (28, 0.055252298009098505)
5 (3, 0.05017975423758635)
6 (8, 0.05017975423758635)
7 (12, 0.05017975423758635)
8 (18, 0.05017975423758635)
9 (23, 0.05017975423758635)
10 (21, 0.048010322847383734)
11 (26, 0.04544621377781631)
12 (31, 0.04359033098173106)
13 (1, 0.042390172667399396)
14 (6, 0.042390172667399396)
15 (11, 0.042390172667399396)
16 (5, 0.03300553138187513)
17 (0, 0.020329607917355313)
18 (27, 0.01883854886089822)
19 (30, 0.010604601467086531)
20 (29, 0.01049916028518413)
21 (20, 0.010323644128231614)
22 (15, 0.01024518529989736)
23 (14, 0.010187047736948457)
24 (33, 0.009493351137862475)
25 (2, 0.007873192891213378)
26 (4, 0.00635852590010991)
27 (7, 0.00635852590010991)
28 (9, 0.00635852590010991)
29 (13, 0.00635852590010991)
30 (16, 0.00635852590010991)
31 (17, 0.00635852590010991)
32 (19, 0.00635852590010991)
33 (24, 0.00635852590010991)
34 (25, 0.00635852590010991)
orders
1 (15, 0.03965170036644652)
2 (30, 0.03558782634139819)
3 (0, 0.031332151089185786)
4 (1, 0.031332151089185786)
5 (2, 0.031332151089185786)
6 (3, 0.031332151089185786)
7 (4, 0.031332151089185786)
8 (5, 0.031332151089185786)
9 (6, 0.031332151089185786)
10 (7, 0.031332151089185786)
11 (8, 0.031332151089185786)
12 (9, 0.031332151089185786)
13 (10, 0.031332151089185786)
14 (11, 0.031332151089185786)
15 (12, 0.031332151089185786)
16 (13, 0.031332151089185786)
17 (14, 0.031332151089185786)
18 (17, 0.031332151089185786)
19 (18, 0.031332151089185786)
20 (19, 0.031332151089185786)
21 (20, 0.031332151089185786)
22 (21, 0.031332151089185786)
23 (22, 0.031332151089185786)
24 (23, 0.031332151089185786)
25 (24, 0.031332151089185786)
26 (26, 0.031332151089185786)
27 (28, 0.031332151089185786)
28 (29, 0.031332151089185786)
29 (31, 0.031332151089185786)
30 (32, 0.031332151089185786)
31 (33, 0.031332151089185786)
32 (16, 0.006728446379011937)
33 (25, 0.0046998226633778685)
34 (27, 0.0046998226633778685)
orders
1 (10, 0.0628918555524952)
2 (30, 0.03819601963932372)
3 (2, 0.035621057035161885)
4 (1, 0.033368906936747475)
5 (3, 0.033368906936747475)
6 (4, 0.033368906936747475)
7 (6, 0.033368906936747475)
8 (7, 0.033368906936747475)
9 (8, 0.033368906936747475)
10 (9, 0.033368906936747475)
11 (11, 0.033368906936747475)
12 (12, 0.033368906936747475)
13 (13, 0.033368906936747475)
14 (17, 0.033368906936747475)
15 (18, 0.033368906936747475)
16 (19, 0.033368906936747475)
17 (21, 0.033368906936747475)
18 (22, 0.033368906936747475)
19 (23, 0.033368906936747475)
20 (24, 0.033368906936747475)
21 (26, 0.033368906936747475)
22 (28, 0.033368906936747475)
23 (29, 0.033368906936747475)
24 (31, 0.033368906936747475)
25 (32, 0.033368906936747475)
26 (33, 0.033368906936747475)
27 (14, 0.023381708569738452)
28 (0, 0.019059961729435443)
29 (5, 0.016381419011777948)
30 (15, 0.014574485725296906)
31 (16, 0.007392625070042233)
32 (20, 0.005005336040512121)
33 (25, 0.005005336040512121)
34 (27, 0.005005336040512121)
orders
1 (32, 0.09324770260409741)
2 (23, 0.07867241417061803)
3 (31, 0.07366015519250269)
4 (14, 0.06964512548217172)
5 (28, 0.05171569067391227)
6 (5, 0.0515069674698999)
7 (9, 0.048847492723780896)
8 (3, 0.04865368710473062)
9 (12, 0.04860203305173541)
10 (22, 0.048231066134065054)
11 (33, 0.04790231241819415)
12 (18, 0.047230025873027444)
13 (26, 0.042471546081374406)
14 (11, 0.04022264032835848)
15 (24, 0.0325694436048694)
16 (6, 0.022808956322971655)
17 (0, 0.021328966876556537)
18 (10, 0.012906971698484902)
19 (21, 0.011709950857885966)
20 (15, 0.011662078459718233)
21 (29, 0.009356065208081622)
22 (20, 0.008333960165950964)
23 (30, 0.00831058398821784)
24 (4, 0.00725899197634169)
25 (1, 0.006868074159042066)
26 (8, 0.006770564629887046)
27 (13, 0.006667715526892823)
28 (2, 0.006638440921108135)
29 (7, 0.006033396049253774)
30 (16, 0.006033396049253774)
31 (17, 0.006033396049253774)
32 (19, 0.006033396049253774)
33 (25, 0.006033396049253774)
34 (27, 0.006033396049253774)
orders
1 (32, 0.16498511808292196)
2 (33, 0.09213556090856449)
3 (11, 0.07051743637178473)
4 (18, 0.06248720496539915)
5 (19, 0.05742788153933768)
6 (23, 0.053167713996363025)
7 (28, 0.052028191929055646)
8 (24, 0.048860301009775384)
9 (12, 0.04685726079103844)
10 (22, 0.043874201191497854)
11 (6, 0.03825752249634086)
12 (26, 0.03756447873899012)
13 (1, 0.03158195188259803)
14 (14, 0.023548739766617033)
15 (21, 0.020698066178485026)
16 (29, 0.017330360572699564)
17 (5, 0.01640218977214251)
18 (9, 0.011504615459661673)
19 (3, 0.011466578975481798)
20 (13, 0.008823239596099536)
21 (15, 0.008771088603483811)
22 (10, 0.008582289879794494)
23 (20, 0.007588406530346164)
24 (0, 0.007375898039521508)
25 (31, 0.007240595635973668)
26 (30, 0.006594006916503913)
27 (4, 0.0064035883844643475)
28 (8, 0.005809236336990028)
29 (16, 0.005665714468633023)
30 (7, 0.005602752769806507)
31 (2, 0.005211952052407018)
32 (17, 0.005211952052407018)
33 (25, 0.005211952052407018)
34 (27, 0.005211952052407018)
orders
1 (19, 0.11068488228163186)
2 (22, 0.07533301679442803)
3 (32, 0.06956760032514235)
4 (29, 0.06878117723501753)
5 (10, 0.06398402208338962)
6 (18, 0.06295592868148132)
7 (31, 0.05202133176191312)
8 (13, 0.048306152071346295)
9 (4, 0.04819151695031123)
10 (24, 0.046111814768339816)
11 (5, 0.04398721699406431)
12 (21, 0.04345232041142857)
13 (1, 0.041920865992445454)
14 (0, 0.03261475579778836)
15 (14, 0.02322645534585148)
16 (6, 0.02271705650509105)
17 (11, 0.01957681782084428)
18 (9, 0.01467257364621646)
19 (15, 0.01202261952945426)
20 (30, 0.008810810974974851)
21 (26, 0.008244462236831224)
22 (33, 0.008032954834386262)
23 (20, 0.007181024858657583)
24 (12, 0.006892959034982939)
25 (8, 0.006838590073050999)
26 (2, 0.006619978981346455)
27 (3, 0.005906386751198033)
28 (7, 0.005906386751198033)
29 (16, 0.005906386751198033)
30 (17, 0.005906386751198033)
31 (23, 0.005906386751198033)
32 (25, 0.005906386751198033)
33 (27, 0.005906386751198033)
34 (28, 0.005906386751198033)
orders
1 (10, 0.033961740649895364)
2 (0, 0.03004784632504214)
3 (1, 0.03004784632504214)
4 (2, 0.03004784632504214)
5 (3, 0.03004784632504214)
6 (4, 0.03004784632504214)
7 (5, 0.03004784632504214)
8 (6, 0.03004784632504214)
9 (7, 0.03004784632504214)
10 (8, 0.03004784632504214)
11 (9, 0.03004784632504214)
12 (11, 0.03004784632504214)
13 (12, 0.03004784632504214)
14 (13, 0.03004784632504214)
15 (15, 0.03004784632504214)
16 (16, 0.03004784632504214)
17 (17, 0.03004784632504214)
18 (18, 0.03004784632504214)
19 (19, 0.03004784632504214)
20 (20, 0.03004784632504214)
21 (21, 0.03004784632504214)
22 (22, 0.03004784632504214)
23 (23, 0.03004784632504214)
24 (24, 0.03004784632504214)
25 (25, 0.03004784632504214)
26 (26, 0.03004784632504214)
27 (27, 0.03004784632504214)
28 (28, 0.03004784632504214)
29 (29, 0.03004784632504214)
30 (30, 0.03004784632504214)
31 (31, 0.03004784632504214)
32 (32, 0.03004784632504214)
33 (33, 0.03004784632504214)
34 (14, 0.004507176948756322)
orders
1 (32, 0.05683987336020619)
2 (10, 0.045053722227453255)
3 (15, 0.04259326611694995)
4 (2, 0.03619878570170013)
5 (22, 0.035326243119462496)
6 (33, 0.03513462653843953)
7 (1, 0.03428963935279013)
8 (3, 0.03428963935279013)
9 (4, 0.03428963935279013)
10 (6, 0.03428963935279013)
11 (7, 0.03428963935279013)
12 (8, 0.03428963935279013)
13 (9, 0.03428963935279013)
14 (11, 0.03428963935279013)
15 (12, 0.03428963935279013)
16 (13, 0.03428963935279013)
17 (17, 0.03428963935279013)
18 (18, 0.03428963935279013)
19 (19, 0.03428963935279013)
20 (21, 0.03428963935279013)
21 (23, 0.03428963935279013)
22 (24, 0.03428963935279013)
23 (26, 0.03428963935279013)
24 (28, 0.03428963935279013)
25 (29, 0.03428963935279013)
26 (31, 0.02275436154791041)
27 (5, 0.01777318245551508)
28 (0, 0.012745700845494515)
29 (30, 0.010240405924632226)
30 (20, 0.009777974319054446)
31 (14, 0.007671963652667735)
32 (16, 0.0060998546816646)
33 (25, 0.00514344590291852)
34 (27, 0.00514344590291852)
orders
1 (10, 0.05110259598712854)
2 (15, 0.04367377102250882)
3 (30, 0.03877196240443096)
4 (2, 0.03601904284455527)
5 (1, 0.033815050607461546)
6 (3, 0.033815050607461546)
7 (4, 0.033815050607461546)
8 (6, 0.033815050607461546)
9 (7, 0.033815050607461546)
10 (8, 0.033815050607461546)
11 (9, 0.033815050607461546)
12 (11, 0.033815050607461546)
13 (12, 0.033815050607461546)
14 (13, 0.033815050607461546)
15 (17, 0.033815050607461546)
16 (18, 0.033815050607461546)
17 (19, 0.033815050607461546)
18 (21, 0.033815050607461546)
19 (22, 0.033815050607461546)
20 (23, 0.033815050607461546)
21 (24, 0.033815050607461546)
22 (26, 0.033815050607461546)
23 (28, 0.033815050607461546)
24 (29, 0.033815050607461546)
25 (31, 0.033815050607461546)
26 (32, 0.033815050607461546)
27 (33, 0.033815050607461546)
28 (5, 0.014873337115409162)
29 (14, 0.010029169388088656)
30 (16, 0.007494926901786152)
31 (0, 0.005072257591119233)
32 (20, 0.005072257591119233)
33 (25, 0.005072257591119233)
34 (27, 0.005072257591119233)
carts
1 (22, 0.037096972696529375)
2 (0, 0.029689459401367715)
3 (1, 0.029689459401367715)
4 (2, 0.029689459401367715)
5 (3, 0.029689459401367715)
6 (4, 0.029689459401367715)
7 (5, 0.029689459401367715)
8 (6, 0.029689459401367715)
9 (7, 0.029689459401367715)
10 (8, 0.029689459401367715)
11 (9, 0.029689459401367715)
12 (10, 0.029689459401367715)
13 (11, 0.029689459401367715)
14 (13, 0.029689459401367715)
15 (14, 0.029689459401367715)
16 (15, 0.029689459401367715)
17 (16, 0.029689459401367715)
18 (17, 0.029689459401367715)
19 (18, 0.029689459401367715)
20 (19, 0.029689459401367715)
21 (20, 0.029689459401367715)
22 (21, 0.029689459401367715)
23 (24, 0.029689459401367715)
24 (25, 0.029689459401367715)
25 (26, 0.029689459401367715)
26 (27, 0.029689459401367715)
27 (28, 0.029689459401367715)
28 (29, 0.029689459401367715)
29 (30, 0.029689459401367715)
30 (31, 0.029689459401367715)
31 (32, 0.029689459401367715)
32 (33, 0.029689459401367715)
33 (34, 0.029689459401367715)
34 (23, 0.008386907549498602)
35 (12, 0.0044534189102051576)
carts
1 (24, 0.08825808908809617)
2 (34, 0.04700605377174636)
3 (22, 0.04654457109756249)
4 (19, 0.04367159659166354)
5 (27, 0.040507409334288424)
6 (3, 0.038703088730580495)
7 (29, 0.038703088730580495)
8 (13, 0.03671260602764321)
9 (14, 0.03669966891872107)
10 (8, 0.0365605820705132)
11 (9, 0.036502418033389106)
12 (21, 0.03518466964939449)
13 (25, 0.034275147988250425)
14 (26, 0.034240671451763086)
15 (6, 0.033674399522745126)
16 (11, 0.033674399522745126)
17 (16, 0.033674399522745126)
18 (28, 0.033674399522745126)
19 (33, 0.033674399522745126)
20 (12, 0.0327340580757225)
21 (15, 0.03020225176826188)
22 (2, 0.027837941265629204)
23 (0, 0.025346653105747265)
24 (10, 0.020498323806390547)
25 (32, 0.019011938808886464)
26 (23, 0.018225364064063804)
27 (5, 0.015597452892499896)
28 (20, 0.010079849136247137)
29 (31, 0.007523733254554848)
30 (18, 0.005744975082019437)
31 (1, 0.00505115992841177)
32 (4, 0.00505115992841177)
33 (7, 0.00505115992841177)
34 (17, 0.00505115992841177)
35 (30, 0.00505115992841177)
carts
1 (22, 0.12631309478938976)
2 (26, 0.07030920724312989)
3 (11, 0.060767863676309625)
4 (4, 0.052187207537764735)
5 (21, 0.05199437242232874)
6 (30, 0.05031725099421458)
7 (9, 0.04599237086105392)
8 (14, 0.04477483004045363)
9 (0, 0.04348898511353978)
10 (3, 0.04341299566764884)
11 (6, 0.039055482189923774)
12 (1, 0.03677720769751478)
13 (16, 0.03611269795331216)
14 (33, 0.03611269795331216)
15 (13, 0.03437398567567654)
16 (25, 0.030776801032768728)
17 (15, 0.02738927145907086)
18 (20, 0.020868171420758988)
19 (10, 0.01646212548746622)
20 (27, 0.015245183529783823)
21 (28, 0.014303537025772424)
22 (5, 0.010222657559068862)
23 (2, 0.009173533907935186)
24 (32, 0.008905823079125156)
25 (29, 0.008679838022708492)
26 (23, 0.008410937363383903)
27 (34, 0.007647023439213433)
28 (24, 0.007504599949259892)
29 (8, 0.0073608952879874266)
30 (7, 0.006452751177785963)
31 (31, 0.006348766749312949)
32 (18, 0.006007119614034402)
33 (12, 0.005416904692996823)
34 (17, 0.005416904692996823)
35 (19, 0.005416904692996823)
carts
1 (8, 0.11055844991449175)
2 (33, 0.0993819799207736)
3 (1, 0.06488987381940917)
4 (11, 0.061751369912899416)
5 (34, 0.05275374289349315)
6 (27, 0.049683804075756295)
7 (25, 0.04798455650637419)
8 (3, 0.04575042343648077)
9 (9, 0.04319476060408087)
10 (22, 0.04180886130507903)
11 (6, 0.041568592163343715)
12 (28, 0.039651060052546365)
13 (16, 0.03955533696036931)
14 (32, 0.03450885439281773)
15 (21, 0.031653642658652524)
16 (15, 0.02182716508334931)
17 (29, 0.02174453733193942)
18 (13, 0.01820349379977235)
19 (0, 0.011255324503587853)
20 (2, 0.011020267612092615)
21 (30, 0.010402121136478077)
22 (10, 0.010263092446332101)
23 (23, 0.009074279145675651)
24 (5, 0.008925650781921469)
25 (14, 0.008212609689093122)
26 (24, 0.0074509763347174835)
27 (31, 0.00694386636966109)
28 (26, 0.00679350723420779)
29 (19, 0.006698011874968333)
30 (20, 0.006649930472476095)
31 (18, 0.006285704071758855)
32 (4, 0.006152753298598261)
33 (7, 0.005800466732267444)
34 (12, 0.005800466732267444)
35 (17, 0.005800466732267444)
carts
1 (32, 0.08471775256770847)
2 (3, 0.05478484660303877)
3 (15, 0.048385310071782164)
4 (21, 0.04539339794465008)
5 (13, 0.04186571657967948)
6 (23, 0.04186571657967948)
7 (26, 0.04186571657967948)
8 (24, 0.03909165361543089)
9 (22, 0.03796783044680662)
10 (1, 0.03606172222024619)
11 (6, 0.03606172222024619)
12 (8, 0.03606172222024619)
13 (9, 0.03606172222024619)
14 (11, 0.03606172222024619)
15 (19, 0.03606172222024619)
16 (20, 0.03606172222024619)
17 (29, 0.03606172222024619)
18 (30, 0.03606172222024619)
19 (33, 0.03606172222024619)
20 (34, 0.03606172222024619)
21 (10, 0.02344932190449733)
22 (27, 0.019013495091600757)
23 (0, 0.01825252063255706)
24 (4, 0.017443198737520815)
25 (5, 0.016808405274139872)
26 (2, 0.012675742226676633)
27 (16, 0.011213252692470218)
28 (7, 0.007569984916318227)
29 (31, 0.007139146402040269)
30 (18, 0.006771755045830743)
31 (12, 0.005409258333036929)
32 (14, 0.005409258333036929)
33 (17, 0.005409258333036929)
34 (25, 0.005409258333036929)
35 (28, 0.005409258333036929)
carts
1 (24, 0.08689118615927784)
2 (32, 0.04897185942558201)
3 (12, 0.04791451526639577)
4 (22, 0.04266939038863927)
5 (2, 0.039670327687705675)
6 (13, 0.038100614533002064)
7 (14, 0.03798669345979775)
8 (3, 0.03787857590128098)
9 (20, 0.03787857590128098)
10 (29, 0.03787857590128098)
11 (33, 0.03787857590128098)
12 (8, 0.03581216158999671)
13 (9, 0.03580970300148656)
14 (23, 0.03384055187390107)
15 (25, 0.03363935711308962)
16 (6, 0.03302213522462826)
17 (11, 0.03302213522462826)
18 (16, 0.03302213522462826)
19 (19, 0.03302213522462826)
20 (26, 0.03302213522462826)
21 (28, 0.03302213522462826)
22 (27, 0.029487416559492087)
23 (21, 0.024962987152409077)
24 (15, 0.020485466421089945)
25 (10, 0.01992144972168074)
26 (0, 0.01594719133915488)
27 (5, 0.015337461566899196)
28 (31, 0.007491842735392412)
29 (18, 0.005692787349948431)
30 (1, 0.00495332028369424)
31 (4, 0.00495332028369424)
32 (7, 0.00495332028369424)
33 (17, 0.00495332028369424)
34 (30, 0.00495332028369424)
35 (34, 0.00495332028369424)
carts
1 (21, 0.07344572825186675)
2 (3, 0.046483692941466606)
3 (13, 0.046483692941466606)
4 (15, 0.045719490161462685)
5 (24, 0.03937619367641415)
6 (1, 0.035179896462338475)
7 (6, 0.035179896462338475)
8 (8, 0.035179896462338475)
9 (9, 0.035179896462338475)
10 (11, 0.035179896462338475)
11 (14, 0.035179896462338475)
12 (19, 0.035179896462338475)
13 (20, 0.035179896462338475)
14 (22, 0.035179896462338475)
15 (25, 0.035179896462338475)
16 (26, 0.035179896462338475)
17 (28, 0.035179896462338475)
18 (29, 0.035179896462338475)
19 (30, 0.035179896462338475)
20 (32, 0.035179896462338475)
21 (33, 0.035179896462338475)
22 (34, 0.035179896462338475)
23 (27, 0.02717009219122986)
24 (10, 0.02108434371139965)
25 (0, 0.01680464344963047)
26 (5, 0.015102798361155708)
27 (2, 0.012165266258882293)
28 (4, 0.010799991348621574)
29 (23, 0.010799991348621574)
30 (7, 0.007100237241696313)
31 (31, 0.006993267165646489)
32 (18, 0.006581377682632894)
33 (12, 0.005276984469350771)
34 (16, 0.005276984469350771)
35 (17, 0.005276984469350771)
carts
1 (32, 0.1181550776466832)
2 (19, 0.10020405132357978)
3 (27, 0.0708529382338936)
4 (20, 0.05505190227993702)
5 (29, 0.05480369608637053)
6 (13, 0.05200472553741394)
7 (22, 0.0500561998551329)
8 (8, 0.048164236189831254)
9 (3, 0.044512636869357636)
10 (33, 0.044512636869357636)
11 (1, 0.0433243758112185)
12 (28, 0.038051590939075064)
13 (2, 0.030043482213304416)
14 (21, 0.027736891951018926)
15 (25, 0.027456543267475736)
16 (15, 0.018865747473374675)
17 (11, 0.01862983050142641)
18 (10, 0.018220628931783143)
19 (30, 0.014780528460351381)
20 (0, 0.014548754214853608)
21 (5, 0.012579351396017723)
22 (23, 0.012168784571143834)
23 (14, 0.00928092247806547)
24 (31, 0.008393121478753582)
25 (24, 0.008012070208310764)
26 (9, 0.007428981351714408)
27 (18, 0.006498384733664943)
28 (4, 0.0057077386408612586)
29 (6, 0.0057077386408612586)
30 (7, 0.0057077386408612586)
31 (12, 0.0057077386408612586)
32 (16, 0.0057077386408612586)
33 (17, 0.0057077386408612586)
34 (26, 0.0057077386408612586)
35 (34, 0.0057077386408612586)
carts
1 (10, 0.05008532012967581)
2 (27, 0.043196855227285835)
3 (22, 0.043175522860161616)
4 (24, 0.035018719924987035)
5 (18, 0.03452841508712061)
6 (1, 0.03331424436417248)
7 (2, 0.03331424436417248)
8 (3, 0.03331424436417248)
9 (4, 0.03331424436417248)
10 (6, 0.03331424436417248)
11 (8, 0.03331424436417248)
12 (9, 0.03331424436417248)
13 (11, 0.03331424436417248)
14 (13, 0.03331424436417248)
15 (14, 0.03331424436417248)
16 (15, 0.03331424436417248)
17 (16, 0.03331424436417248)
18 (19, 0.03331424436417248)
19 (20, 0.03331424436417248)
20 (25, 0.03331424436417248)
21 (26, 0.03331424436417248)
22 (28, 0.03331424436417248)
23 (29, 0.03331424436417248)
24 (30, 0.03331424436417248)
25 (32, 0.03331424436417248)
26 (33, 0.03331424436417248)
27 (34, 0.03331424436417248)
28 (5, 0.016921574246616968)
29 (23, 0.009949793224834516)
30 (21, 0.007550503084812741)
31 (31, 0.0066713735842068205)
32 (0, 0.004997136654625872)
33 (7, 0.004997136654625872)
34 (12, 0.004997136654625872)
35 (17, 0.004997136654625872)
carts
1 (14, 0.0611500508662353)
2 (34, 0.05874529086844)
3 (13, 0.05727171299831343)
4 (22, 0.050011995856220556)
5 (1, 0.049181419028054715)
6 (32, 0.048468361145915836)
7 (21, 0.043349080345829544)
8 (24, 0.03582577278193856)
9 (3, 0.033840922022197184)
10 (4, 0.033840922022197184)
11 (6, 0.033840922022197184)
12 (8, 0.033840922022197184)
13 (9, 0.033840922022197184)
14 (11, 0.033840922022197184)
15 (19, 0.033840922022197184)
16 (20, 0.033840922022197184)
17 (25, 0.033840922022197184)
18 (26, 0.033840922022197184)
19 (28, 0.033840922022197184)
20 (33, 0.033840922022197184)
21 (27, 0.027268893102353343)
22 (0, 0.02489530242065418)
23 (10, 0.022526693092664245)
24 (5, 0.01739769611117566)
25 (2, 0.015575575743757421)
26 (16, 0.015300196768778728)
27 (15, 0.012095148968113931)
28 (23, 0.010181176931295104)
29 (29, 0.010181176931295104)
30 (31, 0.008085750491027171)
31 (18, 0.006093088068252886)
32 (7, 0.005076138303329578)
33 (12, 0.005076138303329578)
34 (17, 0.005076138303329578)
35 (30, 0.005076138303329578)
payment
1 (0, 0.13453485838077495)
2 (3, 0.09231736028152075)
3 (23, 0.08449327254617879)
4 (20, 0.07632969895374436)
5 (28, 0.07100335341347663)
6 (10, 0.06602288204198023)
7 (33, 0.05431073308529887)
8 (14, 0.05431073308529886)
9 (21, 0.04538169074733887)
10 (25, 0.03578719666823135)
11 (13, 0.03349002122773183)
12 (19, 0.02360557674687253)
13 (26, 0.019400047717706894)
14 (16, 0.019070251226171342)
15 (24, 0.018257740899150353)
16 (4, 0.017490732452609507)
17 (9, 0.01573629595006083)
18 (30, 0.01573629595006083)
19 (5, 0.013013327099705867)
20 (27, 0.010208334436137235)
21 (6, 0.010169825691336187)
22 (18, 0.007642728053402922)
23 (1, 0.006807253612100831)
24 (2, 0.006807253612100831)
25 (7, 0.006807253612100831)
26 (8, 0.006807253612100831)
27 (11, 0.006807253612100831)
28 (12, 0.006807253612100831)
29 (15, 0.006807253612100831)
30 (17, 0.006807253612100831)
31 (22, 0.006807253612100831)
32 (29, 0.006807253612100831)
33 (31, 0.006807253612100831)
34 (32, 0.006807253612100831)
payment
1 (27, 0.12040692007113354)
2 (23, 0.09012023704608889)
3 (3, 0.06991811299951757)
4 (0, 0.06129732328751328)
5 (10, 0.049398823689075666)
6 (14, 0.049398823689075666)
7 (19, 0.049398823689075666)
8 (33, 0.049398823689075666)
9 (8, 0.044211160490119736)
10 (11, 0.041818394181682095)
11 (12, 0.041818394181682095)
12 (16, 0.041818394181682095)
13 (17, 0.041818394181682095)
14 (21, 0.041818394181682095)
15 (25, 0.032503316724682395)
16 (24, 0.023010707913083954)
17 (18, 0.015170222475036884)
18 (4, 0.014526592862559801)
19 (28, 0.013853188634645894)
20 (5, 0.012087205359240499)
21 (6, 0.011183636832074446)
22 (1, 0.007577045293372018)
23 (13, 0.007364510928640093)
24 (2, 0.007354962145054658)
25 (7, 0.006272759127252315)
26 (9, 0.006272759127252315)
27 (15, 0.006272759127252315)
28 (20, 0.006272759127252315)
29 (22, 0.006272759127252315)
30 (26, 0.006272759127252315)
31 (29, 0.006272759127252315)
32 (30, 0.006272759127252315)
33 (31, 0.006272759127252315)
34 (32, 0.006272759127252315)
payment
1 (5, 0.033961740649895364)
2 (0, 0.03004784632504214)
3 (1, 0.03004784632504214)
4 (2, 0.03004784632504214)
5 (3, 0.03004784632504214)
6 (4, 0.03004784632504214)
7 (6, 0.03004784632504214)
8 (7, 0.03004784632504214)
9 (8, 0.03004784632504214)
10 (9, 0.03004784632504214)
11 (10, 0.03004784632504214)
12 (11, 0.03004784632504214)
13 (12, 0.03004784632504214)
14 (13, 0.03004784632504214)
15 (14, 0.03004784632504214)
16 (15, 0.03004784632504214)
17 (16, 0.03004784632504214)
18 (17, 0.03004784632504214)
19 (18, 0.03004784632504214)
20 (19, 0.03004784632504214)
21 (20, 0.03004784632504214)
22 (21, 0.03004784632504214)
23 (22, 0.03004784632504214)
24 (23, 0.03004784632504214)
25 (24, 0.03004784632504214)
26 (25, 0.03004784632504214)
27 (26, 0.03004784632504214)
28 (27, 0.03004784632504214)
29 (28, 0.03004784632504214)
30 (29, 0.03004784632504214)
31 (30, 0.03004784632504214)
32 (32, 0.03004784632504214)
33 (33, 0.03004784632504214)
34 (31, 0.004507176948756322)
payment
1 (0, 0.05006858812929384)
2 (3, 0.04251932853842432)
3 (10, 0.04251932853842432)
4 (14, 0.04251932853842432)
5 (20, 0.04251932853842432)
6 (23, 0.04251932853842432)
7 (28, 0.04251932853842432)
8 (33, 0.04251932853842432)
9 (5, 0.039801351639548926)
10 (6, 0.03803942341232626)
11 (1, 0.03668524196630596)
12 (2, 0.03668524196630596)
13 (7, 0.03668524196630596)
14 (8, 0.03668524196630596)
15 (11, 0.03668524196630596)
16 (12, 0.03668524196630596)
17 (13, 0.03668524196630596)
18 (16, 0.03668524196630596)
19 (17, 0.03668524196630596)
20 (18, 0.03668524196630596)
21 (21, 0.03668524196630596)
22 (22, 0.03668524196630596)
23 (27, 0.03668524196630596)
24 (30, 0.03668524196630596)
25 (25, 0.011336872867064262)
26 (4, 0.005502786294945895)
27 (9, 0.005502786294945895)
28 (15, 0.005502786294945895)
29 (19, 0.005502786294945895)
30 (24, 0.005502786294945895)
31 (26, 0.005502786294945895)
32 (29, 0.005502786294945895)
33 (31, 0.005502786294945895)
34 (32, 0.005502786294945895)
payment
1 (0, 0.12949216747990097)
2 (23, 0.08176743102871027)
3 (3, 0.07649335044105061)
4 (16, 0.07425156619315612)
5 (25, 0.052913499449537486)
6 (10, 0.05214689351246944)
7 (14, 0.05214689351246944)
8 (20, 0.05214689351246944)
9 (28, 0.05214689351246944)
10 (33, 0.05214689351246944)
11 (8, 0.04382169275825493)
12 (21, 0.04382169275825493)
13 (18, 0.02726444581240734)
14 (26, 0.024424652888960636)
15 (4, 0.016594203867059284)
16 (1, 0.014898454667952754)
17 (30, 0.014898454667952754)
18 (5, 0.014081876791164195)
19 (24, 0.012049607660970178)
20 (27, 0.011186765313969293)
21 (6, 0.010440304586000431)
22 (22, 0.009965636949046817)
23 (13, 0.0077717243254094735)
24 (2, 0.007395465660512009)
25 (7, 0.006573253913738242)
26 (9, 0.006573253913738242)
27 (11, 0.006573253913738242)
28 (12, 0.006573253913738242)
29 (15, 0.006573253913738242)
30 (17, 0.006573253913738242)
31 (19, 0.006573253913738242)
32 (29, 0.006573253913738242)
33 (31, 0.006573253913738242)
34 (32, 0.006573253913738242)
payment
1 (0, 0.14990099259440454)
2 (3, 0.08371466809807089)
3 (23, 0.08228062643603092)
4 (19, 0.059627890694464454)
5 (28, 0.053673909662475844)
6 (33, 0.053673909662475844)
7 (10, 0.05367390966247584)
8 (14, 0.05367390966247584)
9 (16, 0.04970667373976846)
10 (25, 0.04908443130889333)
11 (8, 0.044924650989109215)
12 (11, 0.044924650989109215)
13 (1, 0.02143576518874885)
14 (26, 0.021398550657693718)
15 (4, 0.018128979308904742)
16 (5, 0.01799045077603169)
17 (6, 0.013830318079324506)
18 (20, 0.011324407072563894)
19 (27, 0.01015610218785161)
20 (24, 0.008411300023197624)
21 (30, 0.008371355419081029)
22 (13, 0.008103956261851944)
23 (2, 0.007862917392965846)
24 (7, 0.006738697648366383)
25 (9, 0.006738697648366383)
26 (12, 0.006738697648366383)
27 (15, 0.006738697648366383)
28 (17, 0.006738697648366383)
29 (18, 0.006738697648366383)
30 (21, 0.006738697648366383)
31 (22, 0.006738697648366383)
32 (29, 0.006738697648366383)
33 (31, 0.006738697648366383)
34 (32, 0.006738697648366383)
payment
1 (0, 0.11606579552809658)
2 (23, 0.08937120285760743)
3 (3, 0.0797955221877103)
4 (16, 0.06836333371148927)
5 (10, 0.05321128252028665)
6 (14, 0.05321128252028665)
7 (20, 0.05321128252028665)
8 (28, 0.05321128252028665)
9 (33, 0.05321128252028665)
10 (12, 0.04459142367920836)
11 (17, 0.04459142367920836)
12 (21, 0.04459142367920836)
13 (25, 0.038752764133657774)
14 (24, 0.019892171346632997)
15 (18, 0.017599212876240673)
16 (4, 0.017577852096513302)
17 (30, 0.015308572392959545)
18 (6, 0.014427732495195291)
19 (5, 0.014419609093795914)
20 (27, 0.012674657914145966)
21 (13, 0.007880172738576599)
22 (26, 0.007776154365744995)
23 (1, 0.006688713551881255)
24 (2, 0.006688713551881255)
25 (7, 0.006688713551881255)
26 (8, 0.006688713551881255)
27 (9, 0.006688713551881255)
28 (11, 0.006688713551881255)
29 (15, 0.006688713551881255)
30 (19, 0.006688713551881255)
31 (22, 0.006688713551881255)
32 (29, 0.006688713551881255)
33 (31, 0.006688713551881255)
34 (32, 0.006688713551881255)
payment
1 (0, 0.14452752191873766)
2 (28, 0.12353115812025893)
3 (23, 0.07449686379119028)
4 (25, 0.06487318930679864)
5 (19, 0.05708394312269323)
6 (3, 0.05647875423082768)
7 (10, 0.05145944146266105)
8 (14, 0.05145944146266105)
9 (33, 0.05145944146266105)
10 (13, 0.045076309317293776)
11 (8, 0.043323352857870555)
12 (27, 0.023829561107349864)
13 (26, 0.021265672893936032)
14 (4, 0.01845002239319747)
15 (30, 0.014634591533471082)
16 (1, 0.014338047354837204)
17 (7, 0.012431970256592068)
18 (16, 0.011541413577842888)
19 (20, 0.0109929880608947)
20 (5, 0.009864762939439683)
21 (24, 0.00968288906411002)
22 (6, 0.009239881457055062)
23 (29, 0.007604789713819846)
24 (18, 0.007368963306994272)
25 (2, 0.006498502928680584)
26 (9, 0.006498502928680584)
27 (11, 0.006498502928680584)
28 (12, 0.006498502928680584)
29 (15, 0.006498502928680584)
30 (17, 0.006498502928680584)
31 (21, 0.006498502928680584)
32 (22, 0.006498502928680584)
33 (31, 0.006498502928680584)
34 (32, 0.006498502928680584)
payment
1 (0, 0.07408307252728673)
2 (23, 0.05544698013506596)
3 (3, 0.04837721767448215)
4 (10, 0.046865892793126925)
5 (14, 0.046865892793126925)
6 (20, 0.046865892793126925)
7 (29, 0.046865892793126925)
8 (33, 0.046865892793126925)
9 (5, 0.043691437763488154)
10 (13, 0.043118856577441876)
11 (6, 0.03994793559947144)
12 (8, 0.03994793559947144)
13 (11, 0.03994793559947144)
14 (12, 0.03994793559947144)
15 (16, 0.03994793559947144)
16 (17, 0.03994793559947144)
17 (21, 0.03994793559947144)
18 (22, 0.03994793559947144)
19 (27, 0.03994793559947144)
20 (30, 0.03994793559947144)
21 (25, 0.023575140942916743)
22 (1, 0.005992190339920717)
23 (2, 0.005992190339920717)
24 (4, 0.005992190339920717)
25 (7, 0.005992190339920717)
26 (9, 0.005992190339920717)
27 (15, 0.005992190339920717)
28 (18, 0.005992190339920717)
29 (19, 0.005992190339920717)
30 (24, 0.005992190339920717)
31 (26, 0.005992190339920717)
32 (28, 0.005992190339920717)
33 (31, 0.005992190339920717)
34 (32, 0.005992190339920717)
payment
1 (0, 0.1491503121891083)
2 (3, 0.08664041198936685)
3 (23, 0.08586255341507143)
4 (28, 0.07589158084769493)
5 (25, 0.0609354305106213)
6 (19, 0.05870761408113992)
7 (33, 0.058520971899081446)
8 (10, 0.05502124199802418)
9 (14, 0.05502124199802418)
10 (8, 0.04589149686170034)
11 (21, 0.04589149686170034)
12 (26, 0.01868648194200098)
13 (4, 0.017770034312129507)
14 (5, 0.014948135234796368)
15 (24, 0.014486184611345388)
16 (16, 0.013872263570239894)
17 (1, 0.011310867889010609)
18 (30, 0.01044637065796873)
19 (27, 0.00978157115203432)
20 (20, 0.009662949969425311)
21 (32, 0.009522236908212195)
22 (13, 0.008462453534945118)
23 (7, 0.007795127744552922)
24 (2, 0.006883724529255053)
25 (6, 0.006883724529255053)
26 (9, 0.006883724529255053)
27 (11, 0.006883724529255053)
28 (12, 0.006883724529255053)
29 (15, 0.006883724529255053)
30 (17, 0.006883724529255053)
31 (18, 0.006883724529255053)
32 (22, 0.006883724529255053)
33 (29, 0.006883724529255053)
34 (31, 0.006883724529255053)
shipping
1 (27, 0.24552431869584276)
2 (33, 0.11576498608971138)
3 (0, 0.09793121840303536)
4 (14, 0.07029301491014356)
5 (31, 0.057078266072539574)
6 (20, 0.05262182624434064)
7 (34, 0.051130368550723455)
8 (12, 0.041837853706024886)
9 (24, 0.041837853706024886)
10 (6, 0.02139190332940924)
11 (21, 0.018451289937183323)
12 (1, 0.013493314541988141)
13 (18, 0.012781240013578495)
14 (10, 0.012540971062511386)
15 (3, 0.011216904421886248)
16 (8, 0.011216904421886248)
17 (28, 0.011216904421886248)
18 (5, 0.009511133233414524)
19 (32, 0.00898763503892381)
20 (15, 0.007558581059551494)
21 (2, 0.007382501376859064)
22 (7, 0.007194010997341725)
23 (19, 0.00684771119363153)
24 (16, 0.006748622314116285)
25 (4, 0.005403696932495055)
26 (9, 0.005403696932495055)
27 (11, 0.005403696932495055)
28 (13, 0.005403696932495055)
29 (17, 0.005403696932495055)
30 (22, 0.005403696932495055)
31 (23, 0.005403696932495055)
32 (25, 0.005403696932495055)
33 (26, 0.005403696932495055)
34 (29, 0.005403696932495055)
35 (30, 0.005403696932495055)
shipping
1 (20, 0.07583913481089614)
2 (16, 0.05310066233576194)
3 (2, 0.043338955321198205)
4 (3, 0.043338955321198205)
5 (12, 0.043338955321198205)
6 (24, 0.043338955321198205)
7 (28, 0.043338955321198205)
8 (33, 0.043338955321198205)
9 (1, 0.03717264614478459)
10 (6, 0.03717264614478459)
11 (7, 0.03717264614478459)
12 (8, 0.03717264614478459)
13 (9, 0.03717264614478459)
14 (11, 0.03717264614478459)
15 (15, 0.03717264614478459)
16 (18, 0.03717264614478459)
17 (19, 0.03717264614478459)
18 (21, 0.03717264614478459)
19 (23, 0.03717264614478459)
20 (27, 0.03717264614478459)
21 (32, 0.03717264614478459)
22 (0, 0.03290638601361378)
23 (5, 0.014402990220121384)
24 (10, 0.012971519494909689)
25 (14, 0.011742206098131298)
26 (4, 0.005575896921717689)
27 (13, 0.005575896921717689)
28 (17, 0.005575896921717689)
29 (22, 0.005575896921717689)
30 (25, 0.005575896921717689)
31 (26, 0.005575896921717689)
32 (29, 0.005575896921717689)
33 (30, 0.005575896921717689)
34 (31, 0.005575896921717689)
35 (34, 0.005575896921717689)
shipping
1 (27, 0.21713494844977663)
2 (33, 0.08299030810031886)
3 (0, 0.06581721104002072)
4 (1, 0.053483080957502996)
5 (18, 0.049496949676920546)
6 (3, 0.0457003126828777)
7 (12, 0.0457003126828777)
8 (24, 0.0457003126828777)
9 (28, 0.0457003126828777)
10 (11, 0.038933436716267325)
11 (14, 0.038368666743993196)
12 (34, 0.0339545839750082)
13 (20, 0.028451162823128155)
14 (31, 0.026591828457297732)
15 (21, 0.020453633400114187)
16 (5, 0.013707065927012107)
17 (8, 0.012606891474050466)
18 (32, 0.010762370358535408)
19 (2, 0.010511737862492715)
20 (10, 0.010256106465560522)
21 (6, 0.009693978822822424)
22 (15, 0.009440420750232086)
23 (19, 0.0091065223860733)
24 (7, 0.008542436289035291)
25 (16, 0.008133565777838789)
26 (26, 0.00620170324752656)
27 (4, 0.005840015507440099)
28 (9, 0.005840015507440099)
29 (13, 0.005840015507440099)
30 (17, 0.005840015507440099)
31 (22, 0.005840015507440099)
32 (23, 0.005840015507440099)
33 (25, 0.005840015507440099)
34 (29, 0.005840015507440099)
35 (30, 0.005840015507440099)
shipping
1 (6, 0.06833068588221258)
2 (21, 0.049803757000797255)
3 (2, 0.042540695456899945)
4 (3, 0.041792513981998604)
5 (24, 0.041792513981998604)
6 (28, 0.041792513981998604)
7 (33, 0.041792513981998604)
8 (16, 0.037831962796165804)
9 (5, 0.037750657683816205)
10 (1, 0.03600692777085369)
11 (7, 0.03600692777085369)
12 (8, 0.03600692777085369)
13 (9, 0.03600692777085369)
14 (11, 0.03600692777085369)
15 (12, 0.03600692777085369)
16 (13, 0.03600692777085369)
17 (15, 0.03600692777085369)
18 (18, 0.03600692777085369)
19 (19, 0.03600692777085369)
20 (23, 0.03600692777085369)
21 (26, 0.03600692777085369)
22 (27, 0.03600692777085369)
23 (20, 0.030173075576645517)
24 (0, 0.028311875035623803)
25 (14, 0.011186625376772973)
26 (10, 0.010201195751321161)
27 (4, 0.005401039165628054)
28 (17, 0.005401039165628054)
29 (22, 0.005401039165628054)
30 (25, 0.005401039165628054)
31 (29, 0.005401039165628054)
32 (30, 0.005401039165628054)
33 (31, 0.005401039165628054)
34 (32, 0.005401039165628054)
35 (34, 0.005401039165628054)
shipping
1 (21, 0.05709375889868311)
2 (14, 0.053263987796324595)
3 (33, 0.04430793120749418)
4 (3, 0.042329205759931904)
5 (24, 0.042329205759931904)
6 (28, 0.042329205759931904)
7 (6, 0.039257439860777774)
8 (20, 0.03860157084325297)
9 (16, 0.03847293107817756)
10 (5, 0.03835021686444025)
11 (7, 0.03719894362616433)
12 (1, 0.036412511140882564)
13 (8, 0.036412511140882564)
14 (9, 0.036412511140882564)
15 (11, 0.036412511140882564)
16 (12, 0.036412511140882564)
17 (13, 0.036412511140882564)
18 (15, 0.036412511140882564)
19 (18, 0.036412511140882564)
20 (19, 0.036412511140882564)
21 (23, 0.036412511140882564)
22 (26, 0.036412511140882564)
23 (27, 0.036412511140882564)
24 (0, 0.015555976025488217)
25 (2, 0.013657836748128415)
26 (10, 0.009318151352886725)
27 (34, 0.00728849135873641)
28 (4, 0.005461876671132384)
29 (17, 0.005461876671132384)
30 (22, 0.005461876671132384)
31 (25, 0.005461876671132384)
32 (29, 0.005461876671132384)
33 (30, 0.005461876671132384)
34 (31, 0.005461876671132384)
35 (32, 0.005461876671132384)
shipping
1 (27, 0.21676619376922152)
2 (1, 0.07275650619039226)
3 (18, 0.05721147749029008)
4 (6, 0.05582626995414813)
5 (12, 0.04948440091993664)
6 (24, 0.04948440091993664)
7 (28, 0.04948440091993664)
8 (2, 0.04839443739544657)
9 (33, 0.043756395052481266)
10 (21, 0.041238447106483916)
11 (20, 0.03527500848811391)
12 (34, 0.030203614962539996)
13 (0, 0.027664248291280395)
14 (15, 0.0212379726582074)
15 (14, 0.017218884310927444)
16 (10, 0.016722103981047638)
17 (5, 0.016339465372870964)
18 (3, 0.014023600368308027)
19 (8, 0.014023600368308027)
20 (32, 0.013839986072899803)
21 (19, 0.012478617928584443)
22 (7, 0.011094004099267215)
23 (31, 0.008348418508026161)
24 (16, 0.007830911764578268)
25 (26, 0.006718749780363003)
26 (4, 0.006257788332640343)
27 (9, 0.006257788332640343)
28 (11, 0.006257788332640343)
29 (13, 0.006257788332640343)
30 (17, 0.006257788332640343)
31 (22, 0.006257788332640343)
32 (23, 0.006257788332640343)
33 (25, 0.006257788332640343)
34 (29, 0.006257788332640343)
35 (30, 0.006257788332640343)
shipping
1 (20, 0.08204465862602042)
2 (5, 0.06473416136204402)
3 (21, 0.05651273602645003)
4 (3, 0.04659670355115155)
5 (12, 0.04659670355115155)
6 (18, 0.04659670355115155)
7 (24, 0.04659670355115155)
8 (28, 0.04659670355115155)
9 (33, 0.04659670355115155)
10 (16, 0.04102853213961698)
11 (32, 0.04081829246590079)
12 (1, 0.03959910454962499)
13 (6, 0.03959910454962499)
14 (8, 0.03959910454962499)
15 (9, 0.03959910454962499)
16 (11, 0.03959910454962499)
17 (15, 0.03959910454962499)
18 (27, 0.03959910454962499)
19 (0, 0.034336943127331467)
20 (14, 0.014205876077924645)
21 (7, 0.013749302016558688)
22 (2, 0.013541581899844167)
23 (10, 0.00989888560411563)
24 (31, 0.007016554993027841)
25 (4, 0.005939865682443747)
26 (13, 0.005939865682443747)
27 (17, 0.005939865682443747)
28 (19, 0.005939865682443747)
29 (22, 0.005939865682443747)
30 (23, 0.005939865682443747)
31 (25, 0.005939865682443747)
32 (26, 0.005939865682443747)
33 (29, 0.005939865682443747)
34 (30, 0.005939865682443747)
35 (34, 0.005939865682443747)
shipping
1 (14, 0.14168689717985164)
2 (34, 0.12432666803555947)
3 (27, 0.06605479722742111)
4 (1, 0.06550705196978203)
5 (33, 0.05409273491150619)
6 (4, 0.0487623412170877)
7 (8, 0.0487623412170877)
8 (12, 0.0487623412170877)
9 (6, 0.0451156177238299)
10 (31, 0.04171198794855303)
11 (0, 0.038621410600852335)
12 (19, 0.03435727544383839)
13 (20, 0.024422567905839708)
14 (18, 0.02300933244067929)
15 (15, 0.017039877064488826)
16 (5, 0.016157912347952063)
17 (10, 0.015937764608110045)
18 (24, 0.01374750540866743)
19 (28, 0.013747505408667428)
20 (21, 0.012821227907563813)
21 (16, 0.01053427514839461)
22 (2, 0.010083047150275038)
23 (32, 0.008202054550903072)
24 (23, 0.007986830558532696)
25 (7, 0.006757748086727117)
26 (3, 0.006179088672074166)
27 (9, 0.006179088672074166)
28 (11, 0.006179088672074166)
29 (13, 0.006179088672074166)
30 (17, 0.006179088672074166)
31 (22, 0.006179088672074166)
32 (25, 0.006179088672074166)
33 (26, 0.006179088672074166)
34 (29, 0.006179088672074166)
35 (30, 0.006179088672074166)
shipping
1 (20, 0.0671085170619753)
2 (2, 0.0406937363611834)
3 (3, 0.0406937363611834)
4 (24, 0.0406937363611834)
5 (28, 0.0406937363611834)
6 (33, 0.0406937363611834)
7 (5, 0.03709374761920151)
8 (21, 0.0360853623689327)
9 (1, 0.03517300166827968)
10 (6, 0.03517300166827968)
11 (7, 0.03517300166827968)
12 (8, 0.03517300166827968)
13 (9, 0.03517300166827968)
14 (11, 0.03517300166827968)
15 (12, 0.03517300166827968)
16 (13, 0.03517300166827968)
17 (15, 0.03517300166827968)
18 (16, 0.03517300166827968)
19 (18, 0.03517300166827968)
20 (19, 0.03517300166827968)
21 (23, 0.03517300166827968)
22 (26, 0.03517300166827968)
23 (27, 0.03517300166827968)
24 (32, 0.03517300166827968)
25 (0, 0.028793364210600646)
26 (10, 0.011678013295816638)
27 (14, 0.010796684943145672)
28 (4, 0.005275950250241952)
29 (17, 0.005275950250241952)
30 (22, 0.005275950250241952)
31 (25, 0.005275950250241952)
32 (29, 0.005275950250241952)
33 (30, 0.005275950250241952)
34 (31, 0.005275950250241952)
35 (34, 0.005275950250241952)
shipping
1 (27, 0.16214349680351692)
2 (1, 0.062075057202468656)
3 (21, 0.05672263145627131)
4 (0, 0.050957853052537645)
5 (6, 0.04960191814504606)
6 (2, 0.047982037222482135)
7 (3, 0.047541975838304815)
8 (12, 0.047541975838304815)
9 (18, 0.047541975838304815)
10 (24, 0.047541975838304815)
11 (28, 0.047541975838304815)
12 (20, 0.04347528222495705)
13 (11, 0.04029346524217986)
14 (33, 0.035459209498643784)
15 (14, 0.02718767295597838)
16 (34, 0.024594089048231862)
17 (31, 0.01710768976156922)
18 (5, 0.015310294888783204)
19 (15, 0.015117109923255032)
20 (8, 0.01329253038245194)
21 (7, 0.010212015019778713)
22 (10, 0.009734055429981328)
23 (32, 0.00732475934723052)
24 (16, 0.007214735553515621)
25 (4, 0.006044019786326979)
26 (9, 0.006044019786326979)
27 (13, 0.006044019786326979)
28 (17, 0.006044019786326979)
29 (19, 0.006044019786326979)
30 (22, 0.006044019786326979)
31 (23, 0.006044019786326979)
32 (25, 0.006044019786326979)
33 (26, 0.006044019786326979)
34 (29, 0.006044019786326979)
35 (30, 0.006044019786326979)
